18.275699615478516
-16.7810001373291
18.106800079345703
-16.371599197387695
17.93790054321289
-15.962200164794922
17.768999099731445
-15.552800178527832
17.600000381469727
-15.143500328063965
17.38170051574707
-14.624899864196777
17.163299560546875
-14.106399536132812
16.94499969482422
-13.587900161743164
16.726600646972656
-13.0693998336792
16.50830078125
-12.550800323486328
16.289899826049805
-12.032299995422363
16.071500778198242
-11.513799667358398
15.85319995880127
-10.995200157165527
15.63479995727539
-10.476699829101562
15.416500091552734
-9.958200454711914
15.198100090026855
-9.439669609069824
14.9798002243042
-8.92113971710205
14.76140022277832
-8.402620315551758
14.543000221252441
-7.884089946746826
14.324700355529785
-7.365570068359375
14.106300354003906
-6.847040176391602
13.887999534606934
-6.32850980758667
13.669599533081055
-5.809989929199219
13.451299667358398
-5.291460037231445
13.23289966583252
-4.772930145263672
13.01449966430664
-4.2544097900390625
12.796199798583984
-3.735879898071289
12.577799797058105
-3.217360019683838
12.35949993133545
-2.6988298892974854
12.14109992980957
-2.180299997329712
11.922800064086914
-1.6617799997329712
11.704400062561035
-1.1432499885559082
11.486000061035156
-0.6247259974479675
11.2677001953125
-0.10620000213384628
11.049300193786621
0.41232600808143616
10.831000328063965
0.9308519959449768
10.612600326538086
1.4493800401687622
10.39430046081543
1.967900037765503
10.17590045928955
2.4864299297332764
9.957539558410645
3.004960060119629
9.739190101623535
3.52347993850708
9.520830154418945
4.0420098304748535
9.302470207214355
4.560530185699463
9.084110260009766
5.079060077667236
8.86575984954834
5.59758996963501
8.64739990234375
6.116109848022461
8.42903995513916
6.634640216827393
8.210689544677734
7.153170108795166
7.992330074310303
7.671689987182617
7.773970127105713
8.19021987915039
7.555610179901123
8.708740234375
7.337259769439697
9.227270126342773
7.118899822235107
9.745800018310547
6.900539875030518
10.264300346374512
6.68218994140625
10.78279972076416
6.46382999420166
11.301400184631348
6.24547004699707
11.819899559020996
6.027120113372803
12.338399887084961
5.808760166168213
12.857000350952148
5.590400218963623
13.375499725341797
5.372039794921875
13.894000053405762
5.153689861297607
14.412500381469727
4.935329914093018
14.931099891662598
4.716969966888428
15.449600219726562
4.49862003326416
15.968099594116211
4.28026008605957
16.486600875854492
4.0619001388549805
17.005199432373047
3.8435399532318115
17.523700714111328
3.625190019607544
18.042200088500977
3.406830072402954
18.560699462890625
