7.190450191497803
-5.733220100402832
6.968170166015625
-5.859079837799072
6.457149982452393
-6.101570129394531
5.946119785308838
-6.344059944152832
5.435100078582764
-6.586550235748291
4.924079895019531
-6.829040050506592
4.413060188293457
-7.071529865264893
3.9020400047302246
-7.314020156860352
3.3910200595855713
-7.556509971618652
2.8799901008605957
-7.798999786376953
2.3689699172973633
-8.041489601135254
1.85794997215271
-8.283980369567871
1.3469300270080566
-8.526470184326172
0.8359079957008362
-8.768959999084473
0.3248870074748993
-9.011449813842773
-0.18613499402999878
-9.253939628601074
-0.6971560120582581
-9.496430397033691
-1.2081799507141113
-9.738920211791992
-1.7192000150680542
-9.981410026550293
-2.230220079421997
-10.223899841308594
-2.7412400245666504
-10.466400146484375
-3.2522599697113037
-10.708900451660156
-3.7632899284362793
-10.951399803161621
-4.274310111999512
-11.193900108337402
-4.785329818725586
-11.436400413513184
-5.296350002288818
-11.678799629211426
-5.807370185852051
-11.921299934387207
-6.318389892578125
-12.163800239562988
-6.82942008972168
-12.406299591064453
-7.340439796447754
-12.648799896240234
-7.851459980010986
-12.891300201416016
-8.362480163574219
-13.13379955291748
-8.873499870300293
-13.376299858093262
-9.384519577026367
-13.618800163269043
-9.895540237426758
-13.861300468444824
-10.406599998474121
-14.103799819946289
-10.91759967803955
-14.346199989318848
-11.428600311279297
-14.588700294494629
-11.939599990844727
-14.831199645996094
-12.450699806213379
-15.073699951171875
-12.961700439453125
-15.316200256347656
-13.472700119018555
-15.558699607849121
-13.983699798583984
-15.801199913024902
-14.49470043182373
-16.043699264526367
-15.005800247192383
-16.28619956970215
-15.516799926757812
-16.52869987487793
-16.027799606323242
-16.771099090576172
-16.538799285888672
-17.013599395751953
