-1.9844199419021606
-18.801799774169922
-1.7080899477005005
-18.308399200439453
-1.4317699670791626
-17.815000534057617
-1.1554399728775024
-17.32159996032715
-0.879118025302887
-16.82819938659668
-0.6027939915657043
-16.334800720214844
-0.3264699876308441
-15.841400146484375
-0.05014529824256897
-15.347900390625
0.22617900371551514
-14.854499816894531
0.502502977848053
-14.361100196838379
0.7788270115852356
-13.86769962310791
1.055150032043457
-13.374300003051758
1.3314800262451172
-12.880900382995605
1.607800006866455
-12.387499809265137
1.884119987487793
-11.894000053405762
2.160449981689453
-11.40060043334961
2.436769962310791
-10.90719985961914
2.713099956512451
-10.413800239562988
2.989419937133789
-9.920390129089355
3.265749931335449
-9.426980018615723
3.542069911956787
-8.93356990814209
3.818389892578125
-8.440150260925293
4.094719886779785
-7.94674015045166
4.371039867401123
-7.453330039978027
4.647369861602783
-6.959909915924072
4.923689842224121
-6.4664998054504395
5.200019836425781
-5.973090171813965
5.476339817047119
-5.47967004776001
5.752659797668457
-4.986259937286377
6.028989791870117
-4.492849826812744
6.305309772491455
-3.999429941177368
6.581639766693115
-3.5060200691223145
6.857960224151611
-3.0126099586486816
7.1342902183532715
-2.5191900730133057
7.410610198974609
-2.025779962539673
7.686930179595947
-1.5323699712753296
7.963260173797607
-1.038949966430664
8.239580154418945
-0.545540988445282
8.515910148620605
-0.052127301692962646
8.792229652404785
0.44128599762916565
9.068550109863281
0.9346989989280701
9.344880104064941
1.4281100034713745
9.621199607849121
1.92153000831604
9.897529602050781
2.414940118789673
10.17389965057373
2.9083499908447266
10.450200080871582
3.4017701148986816
10.726499557495117
3.8951799869537354
11.002799987792969
4.388589859008789
11.27910041809082
4.882009983062744
11.555500030517578
5.375420093536377
11.83180046081543
5.86883020401001
12.108099937438965
6.362239837646484
12.384400367736816
6.8556599617004395
12.660799980163574
7.349070072174072
12.937100410461426
7.842480182647705
13.213399887084961
8.33590030670166
13.489700317382812
8.829310417175293
13.76609992980957
9.32271957397461
14.042400360107422
9.816140174865723
14.318699836730957
10.309599876403809
14.595000267028809
10.803000450134277
14.871399879455566
11.29640007019043
15.147700309753418
11.789799690246582
15.423999786376953
12.28320026397705
15.700300216674805
12.776599884033203
15.976699829101562
13.270000457763672
16.253000259399414
13.763400077819824
16.529300689697266
14.2568998336792
16.805599212646484
14.750300407409668
17.082000732421875
15.24370002746582
17.358299255371094
15.737099647521973
17.634599685668945
16.230499267578125
