-5.401219844818115
17.00830078125
-5.516260147094727
16.462200164794922
-5.631289958953857
15.916199684143066
-5.7463297843933105
15.370200157165527
-5.861370086669922
14.82409954071045
-5.976399898529053
14.27810001373291
-6.091440200805664
13.732099533081055
-6.206480026245117
13.185999870300293
-6.321509838104248
12.640000343322754
-6.436550140380859
12.093999862670898
-6.5515899658203125
11.547900199890137
-6.666619777679443
11.001899719238281
-6.781660079956055
10.455900192260742
-6.896699905395508
9.909839630126953
-7.011730194091797
9.363809585571289
-7.12677001953125
8.817779541015625
-7.241809844970703
8.271739959716797
-7.356840133666992
7.725709915161133
-7.471879959106445
7.179679870605469
-7.586919784545898
6.633639812469482
-7.7019500732421875
6.087609767913818
-7.816989898681641
5.5415802001953125
-7.932030200958252
4.995550155639648
-8.047060012817383
4.449510097503662
-8.162099838256836
3.903480052947998
-8.277139663696289
3.357450008392334
-8.392169952392578
2.81141996383667
-8.507209777832031
2.2653799057006836
-8.622249603271484
1.719349980354309
-8.737279891967773
1.1733200550079346
-8.852319717407227
0.6272839903831482
-8.96735954284668
0.08125130087137222
-9.082389831542969
-0.4647809863090515
-9.197429656982422
-1.0108100175857544
-9.312470436096191
-1.5568499565124512
-9.427499771118164
-2.1028800010681152
-9.542539596557617
-2.6489100456237793
-9.657580375671387
-3.1949501037597656
-9.77260971069336
-3.7409799098968506
-9.887649536132812
-4.287010192871094
-10.002699851989746
-4.833040237426758
-10.11769962310791
-5.379079818725586
-10.232799530029297
-5.92510986328125
-10.347800254821777
-6.471139907836914
-10.462800025939941
-7.017169952392578
-10.577899932861328
-7.5632100105285645
-10.692899703979492
-8.10923957824707
-10.807900428771973
-8.655269622802734
-10.92300033569336
-9.201310157775879
-11.038000106811523
-9.747340202331543
-11.15310001373291
-10.293399810791016
-11.268099784851074
-10.839400291442871
-11.383099555969238
-11.38539981842041
-11.498200416564941
-11.931500434875488
