-14.885700225830078
3.118720054626465
-14.32759952545166
3.08161997795105
-13.769399642944336
3.0445199012756348
-13.211299896240234
3.0074100494384766
-12.653200149536133
2.9703099727630615
-12.095100402832031
2.9332098960876465
-11.53689956665039
2.8961000442504883
-10.978799819946289
2.8589999675750732
-10.420700073242188
2.821899890899658
-9.862560272216797
2.7847900390625
-9.30443000793457
2.747689962387085
-8.746310234069824
2.71058988571167
-8.188179969787598
2.6734800338745117
-7.630050182342529
2.6363799571990967
-7.071929931640625
2.5992801189422607
-6.513800144195557
2.5621700286865234
-5.955679893493652
2.5250699520111084
-5.397550106048584
2.4879701137542725
-4.83942985534668
2.450860023498535
-4.281300067901611
2.41375994682312
-3.723170042037964
2.376660108566284
-3.1650500297546387
2.339550018310547
-2.606920003890991
2.302449941635132
-2.048799991607666
2.265350103378296
-1.4906699657440186
2.2282400131225586
-0.9325439929962158
2.1911399364471436
-0.3744179904460907
2.1540400981903076
0.18370799720287323
2.1169300079345703
0.7418339848518372
2.0798299312591553
1.2999600172042847
2.0427300930023193
1.8580900430679321
2.005620002746582
2.4162099361419678
1.9685200452804565
2.9743399620056152
1.9314199686050415
3.5324599742889404
1.8943099975585938
4.090590000152588
1.8572100400924683
4.648709774017334
1.8201099634170532
5.2068400382995605
1.7829999923706055
5.764969825744629
1.74590003490448
6.323090076446533
1.708799958229065
6.881219863891602
1.6716899871826172
7.439340114593506
1.6345900297164917
7.997469902038574
1.5974899530410767
8.5556001663208
1.560379981994629
9.113719940185547
1.5232800245285034
9.671850204467773
1.4861799478530884
10.229999542236328
1.4490699768066406
10.788100242614746
1.4119700193405151
11.346199989318848
1.3748699426651
11.904399871826172
1.3377599716186523
12.462499618530273
1.3006600141525269
13.020600318908691
1.2635600566864014
13.578700065612793
1.226449966430664
14.136899948120117
1.1893500089645386
14.694999694824219
1.152250051498413
15.253100395202637
1.1151399612426758
15.811200141906738
1.0780400037765503
16.369400024414062
1.0409400463104248
16.927499771118164
1.0038299560546875
17.485599517822266
0.9667310118675232
18.043699264526367
0.929627001285553
18.601900100708008
0.892524003982544
19.15999984741211
0.8554210066795349
