14.384499549865723
-6.361830234527588
13.879300117492676
-6.150119781494141
13.374199867248535
-5.938409805297852
12.869099617004395
-5.7266998291015625
12.36400032043457
-5.514989852905273
11.858799934387207
-5.303279876708984
11.353699684143066
-5.091579914093018
10.848600387573242
-4.8798699378967285
10.343400001525879
-4.6681599617004395
9.838310241699219
-4.45644998550415
9.33318042755127
-4.244740009307861
8.828049659729004
-4.033030033111572
8.32291030883789
-3.8213300704956055
7.817780017852783
-3.6096200942993164
7.312650203704834
-3.3979101181030273
6.807519912719727
-3.186199903488159
6.302390098571777
-2.97448992729187
5.79725980758667
-2.762779951095581
5.292129993438721
-2.5510799884796143
4.7870001792907715
-2.339370012283325
4.281869888305664
-2.127660036087036
3.776740074157715
-1.9159499406814575
3.2716100215911865
-1.7042399644851685
2.766479969024658
-1.4925299882888794
2.26134991645813
-1.2808200120925903
1.7562199831008911
-1.0691200494766235
1.2510900497436523
-0.8574079871177673
0.7459589838981628
-0.6456999778747559
0.2408290058374405
-0.4339909851551056
-0.26430198550224304
-0.2222830057144165
