-5.856870174407959
17.612199783325195
-5.4828200340271
17.19529914855957
-5.10876989364624
16.778400421142578
-4.734729766845703
16.361499786376953
-4.360680103302002
15.944600105285645
-3.986639976501465
15.527700424194336
-3.6125900745391846
15.110899925231934
-3.2385499477386475
14.694000244140625
-2.864500045776367
14.277099609375
-2.49045991897583
13.860199928283691
-2.11641001701355
13.443300247192383
-1.7423700094223022
13.026399612426758
-1.3683199882507324
12.609600067138672
-0.9942740201950073
12.192700386047363
-0.6202290058135986
11.775799751281738
-0.24618299305438995
11.35890007019043
0.12786200642585754
10.942000389099121
0.501908004283905
10.525099754333496
0.8759530186653137
10.10830020904541
1.25
9.69137954711914
1.6240400075912476
9.274499893188477
1.9980900287628174
8.857620239257812
2.3721399307250977
8.440730094909668
2.7461800575256348
8.023850440979004
3.120229959487915
7.606969833374023
3.494270086288452
7.190080165863037
3.8683199882507324
6.773200035095215
4.2423601150512695
6.356319904327393
4.616409778594971
5.93943977355957
4.990449905395508
5.522550106048584
5.364500045776367
5.105669975280762
5.738550186157227
4.6887898445129395
6.1125898361206055
4.271910190582275
6.486639976501465
3.855020046234131
6.860680103302002
3.4381399154663086
7.234729766845703
3.0212600231170654
7.60876989364624
2.6043701171875
7.9828200340271
2.1874899864196777
8.356860160827637
1.770609974861145
8.730910301208496
1.3537299633026123
9.104949951171875
0.936843991279602
9.479000091552734
0.5199609994888306
9.853050231933594
0.10307800024747849
10.227100372314453
-0.3138040006160736
10.601099967956543
-0.7306870222091675
10.975199699401855
-1.147570013999939
11.349200248718262
-1.5644500255584717
11.723299980163574
-1.9813400506973267
12.097299575805664
-2.3982200622558594
12.471400260925293
-2.8150999546051025
12.845399856567383
-3.231980085372925
13.219499588012695
-3.6488699913024902
13.593500137329102
-4.0657501220703125
13.967499732971191
-4.482629776000977
14.34160041809082
-4.899509906768799
14.71560001373291
-5.316400051116943
15.089699745178223
-5.733280181884766
15.463700294494629
-6.15015983581543
15.837800025939941
-6.567039966583252
16.21179962158203
-6.9839301109313965
16.585899353027344
-7.4008097648620605
16.95989990234375
-7.817689895629883
17.333999633789062
-8.234580039978027
17.70800018310547
-8.651459693908691
18.082000732421875
-9.068340301513672
