-15.825900077819824
0.1748179942369461
-15.909199714660645
0.7264360189437866
-15.992400169372559
1.2780499458312988
-16.075700759887695
1.8296699523925781
-16.158899307250977
2.3812899589538574
-16.24220085144043
2.9329099655151367
-16.32539939880371
3.484529972076416
-16.408700942993164
4.036139965057373
-16.491899490356445
4.587759971618652
-16.575199127197266
5.139379978179932
-16.65850067138672
5.690999984741211
-16.74169921875
6.24261999130249
-16.825000762939453
6.794229984283447
-16.908199310302734
7.345849990844727
-16.991500854492188
7.897469997406006
-17.07469940185547
8.449090003967285
-17.158000946044922
9.000699996948242
-17.241199493408203
9.552319526672363
-17.324499130249023
10.103899955749512
-17.407800674438477
10.655599594116211
-17.490999221801758
11.207200050354004
-17.57430076599121
11.75879955291748
-17.657499313354492
12.310400009155273
-17.740800857543945
12.862000465393066
-17.823999404907227
13.413599967956543
-17.90730094909668
13.965299606323242
