12.829899787902832
2.818160057067871
12.363300323486328
3.1319799423217773
11.896599769592285
3.4458000659942627
11.429900169372559
3.759619951248169
10.963199615478516
4.073440074920654
10.496600151062012
4.3872599601745605
10.029899597167969
4.701079845428467
9.563220024108887
5.014900207519531
9.096540451049805
5.3287200927734375
8.629859924316406
5.642539978027344
8.163189888000488
5.95635986328125
7.696509838104248
6.2701802253723145
7.22983980178833
6.584000110626221
6.763160228729248
6.897809982299805
6.296480178833008
7.211629867553711
5.82981014251709
7.525450229644775
5.36313009262085
7.839270114898682
4.896450042724609
8.15308952331543
4.429780006408691
8.466910362243652
3.963099956512451
8.780730247497559
3.496429920196533
9.094550132751465
3.029750108718872
9.408370018005371
2.563070058822632
9.722189903259277
2.096400022506714
10.03600025177002
1.6297199726104736
10.349800109863281
1.1630500555038452
10.663599967956543
0.696370005607605
10.977499961853027
0.22969399392604828
11.291299819946289
-0.23698200285434723
11.60509967803955
-0.7036579847335815
11.918899536132812
-1.1703300476074219
12.23270034790039
-1.6370099782943726
12.546600341796875
-2.1036899089813232
12.860400199890137
-2.570359945297241
13.174200057983398
-3.0370399951934814
13.48799991607666
-3.5037200450897217
13.801799774169922
-3.9703900814056396
14.115699768066406
-4.437069892883301
14.429499626159668
-4.903739929199219
14.743300437927246
-5.370419979095459
15.057100296020508
-5.837100028991699
15.37090015411377
-6.303770065307617
15.684800148010254
-6.770450115203857
15.998600006103516
-7.237120151519775
16.312400817871094
-7.703800201416016
16.62619972229004
-8.170479774475098
16.940000534057617
-8.637149810791016
17.2539005279541
-9.103830337524414
17.567699432373047
-9.570500373840332
17.881500244140625
-10.037199974060059
18.19529914855957
-10.503899574279785
18.50909996032715
-10.970499992370605
18.822900772094727
-11.437199592590332
19.13680076599121
