-0.053932201117277145
16.746599197387695
-0.43459799885749817
16.33530044555664
-0.8152639865875244
15.924099922180176
-1.195930004119873
15.512800216674805
-1.5765999555587769
15.101499557495117
-1.957260012626648
14.690299987792969
-2.3379299640655518
14.279000282287598
-2.718590021133423
13.86769962310791
-3.099260091781616
13.456399917602539
-3.4799299240112305
13.04520034790039
-3.8605899810791016
12.633899688720703
-4.241260051727295
12.222599983215332
-4.621920108795166
11.811400413513184
-5.002590179443359
11.400099754333496
-5.3832502365112305
10.988800048828125
-5.763919830322266
10.577500343322754
-6.144589900970459
10.166299819946289
-6.52524995803833
9.754989624023438
-6.905920028686523
9.343720436096191
-7.2865800857543945
8.932450294494629
-7.667250156402588
8.521180152893066
-8.047920227050781
8.109910011291504
-8.428580284118652
7.698639869689941
-8.809249877929688
7.287360191345215
-9.189909934997559
6.876090049743652
-9.570579528808594
6.46481990814209
-9.951250076293945
6.053549766540527
-10.331899642944336
5.642280101776123
-10.712599754333496
5.2310099601745605
-11.093199729919434
4.819729804992676
-11.473899841308594
4.4084601402282715
-11.854599952697754
3.997189998626709
-12.235199928283691
3.5859200954437256
-12.615900039672852
3.174649953842163
-12.996600151062012
2.7633800506591797
-13.37720012664795
2.352099895477295
-13.75790023803711
1.9408299922943115
-14.13860034942627
1.5295599699020386
-14.519200325012207
1.1182899475097656
-14.899900436401367
0.7070180177688599
-15.280599594116211
0.2957470118999481
-15.661199569702148
-0.11552499979734421
-16.041900634765625
-0.5267969965934753
-16.42259979248047
-0.9380679726600647
-16.803199768066406
-1.3493399620056152
-17.183900833129883
-1.7606099843978882
-17.564599990844727
-2.171880006790161
-17.945199966430664
-2.5831499099731445
-18.325899124145508
-2.9944300651550293
-18.706600189208984
-3.4056999683380127
-19.087200164794922
-3.816970109939575
-19.467899322509766
-4.228240013122559
