18.464500427246094
-0.7368549704551697
18.070999145507812
-0.3415049910545349
17.677499771118164
0.05384419858455658
17.284000396728516
0.4491940140724182
16.890499114990234
0.8445429801940918
16.496999740600586
1.2398899793624878
16.103500366210938
1.6352399587631226
15.710000038146973
2.030590057373047
15.316499710083008
2.4259400367736816
14.92300033569336
2.8212900161743164
14.529500007629395
3.216639995574951
14.13599967956543
3.611989974975586
13.742500305175781
4.007339954376221
13.349100112915039
4.4026899337768555
12.955599784851074
4.79803991317749
12.562100410461426
5.193389892578125
12.168600082397461
5.58873987197876
11.775099754333496
5.984079837799072
11.381600379943848
6.379429817199707
10.988100051879883
6.774779796600342
10.594599723815918
7.170129776000977
10.20110034942627
7.5654802322387695
9.807600021362305
7.960830211639404
9.41411018371582
8.356180191040039
9.020620346069336
8.751529693603516
8.627120018005371
9.146880149841309
8.233630180358887
9.542229652404785
7.840129852294922
9.937580108642578
7.4466400146484375
10.332900047302246
7.053140163421631
10.728300094604492
6.659649848937988
11.123600006103516
6.266160011291504
11.519000053405762
5.872660160064697
11.914299964904785
5.479169845581055
12.309700012207031
5.085669994354248
12.704999923706055
4.692180156707764
13.1003999710083
4.298679828643799
13.495699882507324
3.9051899909973145
13.89109992980957
3.511699914932251
14.286399841308594
