5.066619873046875
-6.936620235443115
4.654759883880615
-6.9061598777771
4.104430198669434
-7.029640197753906
3.554110050201416
-7.153110027313232
3.003779888153076
-7.276589870452881
2.4534599781036377
-7.4000701904296875
1.903130054473877
-7.523550033569336
1.352810025215149
-7.647029876708984
0.8024839758872986
-7.770510196685791
0.2521589994430542
-7.8939900398254395
-0.2981649935245514
-8.017470359802246
-0.8484899997711182
-8.140950202941895
-1.3988200426101685
-8.264430046081543
-1.949139952659607
-8.387909889221191
-2.499459981918335
-8.51138973236084
-3.0497899055480957
-8.634869575500488
-3.6001100540161133
-8.758350372314453
-4.150440216064453
-8.881830215454102
-4.7007598876953125
-9.00531005859375
-5.251090049743652
-9.128789901733398
-5.80141019821167
-9.252269744873047
-6.351739883422852
-9.375749588012695
-6.902060031890869
-9.49923038482666
-7.452390193939209
-9.622710227966309
-8.002710342407227
-9.746190071105957
-8.55303955078125
-9.869660377502441
-9.103360176086426
-9.99314022064209
-9.653690338134766
-10.116600036621094
-10.204000473022461
-10.240099906921387
-10.754300117492676
-10.36359977722168
-11.304699897766113
-10.487099647521973
-11.854999542236328
-10.61050033569336
-12.40530014038086
-10.734000205993652
-12.955599784851074
-10.857500076293945
-13.505999565124512
-10.980999946594238
-14.056300163269043
-11.104499816894531
-14.606599807739258
-11.227899551391602
-15.156900405883789
-11.351400375366211
-15.707300186157227
-11.474900245666504
-16.257600784301758
-11.598400115966797
-16.807899475097656
-11.72189998626709
-17.358200073242188
-11.84529972076416
-17.908599853515625
-11.968799591064453
