15.36970043182373
17.1427001953125
15.0693998336792
16.667299270629883
14.769000053405762
16.191999435424805
14.468600273132324
15.71660041809082
14.168299674987793
15.24120044708252
13.867899894714355
14.765800476074219
13.56760025024414
14.290399551391602
13.267200469970703
13.8149995803833
12.966899871826172
13.339699745178223
12.666500091552734
12.864299774169922
12.36620044708252
12.388899803161621
12.065799713134766
11.91349983215332
11.76550006866455
11.43809986114502
11.465100288391113
10.962699890136719
11.164799690246582
10.48740005493164
10.864399909973145
10.01200008392334
10.56410026550293
9.536589622497559
10.263699531555176
9.061200141906738
9.963359832763672
8.585820198059082
9.663009643554688
8.110440254211426
9.36266040802002
7.635049819946289
9.062310218811035
7.159669876098633
8.76194953918457
6.684289932250977
8.461600303649902
6.208899974822998
8.161250114440918
5.733520030975342
7.860899925231934
5.258130073547363
7.560550212860107
4.782750129699707
7.260190010070801
4.307370185852051
6.959839820861816
3.831979990005493
6.65949010848999
3.356600046157837
