13.991299629211426
-2.7031900882720947
13.439399719238281
-2.7574501037597656
12.887499809265137
-2.8117001056671143
12.33549976348877
-2.865959882736206
11.783599853515625
-2.9202098846435547
11.231599807739258
-2.9744699001312256
10.679699897766113
-3.028719902038574
10.127799987792969
-3.082979917526245
9.575830459594727
-3.1372299194335938
9.023889541625977
-3.1914899349212646
8.471949577331543
-3.2457399368286133
7.920010089874268
-3.299999952316284
7.368070125579834
-3.354249954223633
6.8161301612854
-3.4084999561309814
6.264190196990967
-3.4627599716186523
5.712250232696533
-3.517009973526001
5.160309791564941
-3.571269989013672
4.608369827270508
-3.6255199909210205
4.056429862976074
-3.6797800064086914
3.5044898986816406
-3.73403000831604
2.952549934387207
-3.788290023803711
2.4006099700927734
-3.8425400257110596
1.8486700057983398
-3.8968000411987305
1.2967300415039062
-3.951050043106079
0.7447900176048279
-4.00531005859375
0.1928499937057495
-4.0595598220825195
-0.35909000039100647
-4.1138200759887695
-0.9110299944877625
-4.168069839477539
-1.4629700183868408
-4.222330093383789
-2.0149099826812744
-4.276579856872559
-2.566849946975708
-4.330830097198486
-3.1187899112701416
-4.385089874267578
-3.6707301139831543
-4.439340114593506
-4.222670078277588
-4.493599891662598
-4.7746100425720215
-4.547850131988525
-5.326550006866455
-4.602109909057617
-5.878489971160889
-4.656360149383545
-6.430429935455322
-4.710619926452637
-6.982369899749756
-4.7648701667785645
-7.5343098640441895
-4.819129943847656
-8.086250305175781
-4.873380184173584
-8.638190269470215
-4.927639961242676
-9.190130233764648
-4.9818902015686035
-9.742070198059082
-5.036149978637695
-10.293999671936035
-5.090400218963623
-10.84589958190918
-5.144649982452393
-11.397899627685547
-5.198910236358643
-11.949799537658691
-5.253159999847412
-12.501799583435059
-5.307419776916504
-12.824799537658691
-5.466239929199219
-13.147899627685547
-5.625060081481934
-13.657099723815918
-5.687349796295166
-14.166299819946289
-5.749639987945557
-14.67549991607666
-5.811930179595947
-15.184700012207031
-5.874229907989502
-15.693900108337402
-5.936520099639893
-16.20319938659668
-5.998809814453125
-16.712400436401367
-6.061100006103516
-17.221599578857422
-6.123390197753906
-17.73080062866211
-6.185679912567139
