4.732550144195557
-11.871000289916992
4.3677802085876465
-11.452899932861328
4.0030198097229
-11.034700393676758
3.6382501125335693
-10.616499900817871
3.27347993850708
-10.1983003616333
2.90871000289917
-9.780139923095703
2.543950080871582
-9.361960411071777
2.1791799068450928
-8.943779945373535
1.8144099712371826
-8.52560043334961
1.4496400356292725
-8.107419967651367
1.084879994392395
-7.689239978790283
0.7201099991798401
-7.271059989929199
0.3553430140018463
-6.852880001068115
-0.009424179792404175
-6.434700012207031
-0.3741909861564636
-6.016520023345947
-0.738959014415741
-5.598340034484863
-1.1037299633026123
-5.180160045623779
-1.4684900045394897
-4.761980056762695
-1.8332600593566895
-4.343800067901611
-2.1980299949645996
-3.9256200790405273
-2.5627899169921875
-3.507430076599121
-2.9275600910186768
-3.089250087738037
-3.292330026626587
-2.671070098876953
-3.657099962234497
-2.252890110015869
-4.021860122680664
-1.8347100019454956
-4.386630058288574
-1.4165300130844116
-4.751399993896484
-0.998350977897644
-5.1161699295043945
-0.5801699757575989
-5.480929851531982
-0.1619900017976761
-5.845699787139893
0.2561909854412079
-6.210470199584961
0.6743710041046143
-6.575230121612549
1.0925500392913818
-6.940000057220459
1.5107300281524658
