-15.309599876403809
7.562610149383545
-14.771100044250488
7.705659866333008
-14.232600212097168
7.848720073699951
-13.694000244140625
7.991769790649414
-13.155500411987305
8.134830474853516
-12.616999626159668
8.27787971496582
-12.078499794006348
8.420929908752441
-11.539999961853027
8.563989639282227
-11.001500129699707
8.707039833068848
-10.463000297546387
8.850099563598633
-9.924449920654297
8.993149757385254
-9.385939598083496
9.136210441589355
-8.847430229187012
9.27925968170166
-8.308910369873047
9.422320365905762
-7.770400047302246
9.565369606018066
-7.2318902015686035
9.708430290222168
-6.6933698654174805
9.851479530334473
-6.154860019683838
9.994540214538574
-5.616350173950195
10.13759994506836
-5.0778398513793945
10.280599594116211
-4.53931999206543
10.423700332641602
-4.000810146331787
10.566800117492676
-3.4623000621795654
10.709799766540527
-2.9237799644470215
10.852899551391602
-2.385270118713379
10.99590015411377
-1.8467600345611572
11.138999938964844
-1.3082400560379028
11.281999588012695
-0.7697299718856812
11.425100326538086
-0.23121599853038788
11.568099975585938
0.3072969913482666
11.711199760437012
0.8458099961280823
11.85420036315918
1.3843200206756592
11.997300148010254
1.9228399991989136
12.140399932861328
2.4613499641418457
12.28339958190918
2.9998600482940674
12.42650032043457
3.5383799076080322
12.569499969482422
4.076889991760254
12.712599754333496
4.6153998374938965
12.855600357055664
5.1539201736450195
12.998700141906738
5.692430019378662
13.14169979095459
6.230939865112305
13.284799575805664
6.7694501876831055
13.427800178527832
7.30797004699707
13.570899963378906
7.846479892730713
13.71399974822998
8.384989738464355
13.857000350952148
8.92350959777832
14.000100135803223
9.462019920349121
14.143099784851074
10.000499725341797
14.286199569702148
10.538999557495117
14.429200172424316
11.07759952545166
14.57229995727539
11.616100311279297
14.715299606323242
12.154600143432617
14.858400344848633
12.693099975585938
15.001399993896484
13.231599807739258
15.144499778747559
13.770099639892578
15.287599563598633
14.308600425720215
15.4306001663208
14.847200393676758
15.573699951171875
15.385700225830078
15.716699600219727
15.924200057983398
15.859800338745117
16.46269989013672
16.00279998779297
17.00119972229004
16.14590072631836
17.53969955444336
16.28890037536621
18.07819938659668
16.43199920654297
18.61669921875
16.57509994506836
