19.524999618530273
-9.768059730529785
19.009300231933594
-9.559220314025879
18.493600845336914
-9.350379943847656
17.9778995513916
-9.141539573669434
17.462200164794922
-8.932700157165527
16.946500778198242
-8.723859786987305
16.43079948425293
-8.515009880065918
15.915200233459473
-8.306170463562012
15.399499893188477
-8.097330093383789
14.88379955291748
-7.888490200042725
14.3681001663208
-7.679649829864502
13.852399826049805
-7.4708099365234375
13.336700439453125
-7.261970043182373
12.821000099182129
-7.053130149841309
12.305299758911133
-6.844289779663086
11.789600372314453
-6.6354498863220215
11.273900032043457
-6.426609992980957
10.758299827575684
-6.217770099639893
10.242600440979004
-6.008930206298828
9.726869583129883
-5.8000898361206055
9.211179733276367
-5.591249942779541
8.695489883422852
-5.382410049438477
8.179800033569336
-5.173570156097412
7.66411018371582
-4.9647297859191895
7.1484198570251465
-4.755889892578125
6.632730007171631
-4.5470499992370605
6.117040157318115
-4.338200092315674
5.601349830627441
-4.129360198974609
5.085659980773926
-3.920520067214966
4.56997013092041
-3.7116799354553223
4.054279804229736
-3.502840042114258
3.5385899543762207
-3.2939999103546143
3.022900104522705
-3.08516001701355
2.5072100162506104
-2.8763198852539062
1.9915200471878052
-2.667479991912842
1.4758299589157104
-2.4586400985717773
0.9601389765739441
-2.249799966812134
0.4444490075111389
-2.0409600734710693
-0.07124129682779312
-1.8321199417114258
-0.5869320034980774
-1.6232800483703613
-1.102620005607605
-1.4144400358200073
-1.6183099746704102
-1.2056000232696533
-2.134000062942505
-0.9967560172080994
-2.6496899127960205
-0.7879160046577454
-3.1653800010681152
-0.5790749788284302
-3.68107008934021
-0.37023499608039856
-4.196760177612305
-0.16139400005340576
-4.71245002746582
0.04744609817862511
-5.228139877319336
0.25628700852394104
-5.74383020401001
0.46512699127197266
-6.259520053863525
0.6739680171012878
-6.775219917297363
0.8828080296516418
-7.290909767150879
1.0916500091552734
-7.806600093841553
1.3004900217056274
-8.322290420532227
1.5093300342559814
