2.989799976348877
-2.0096499919891357
2.522599935531616
-1.7044399976730347
2.0554099082946777
-1.3992199897766113
1.5882200002670288
-1.093999981880188
1.121019959449768
-0.7887830138206482
0.6538280248641968
-0.48356500267982483
0.18663400411605835
-0.17834700644016266
-0.2805599868297577
0.1268710047006607
-0.7477539777755737
0.4320890009403229
-1.2149499654769897
0.7373070120811462
-1.6821399927139282
1.0425299406051636
-2.1493399143218994
1.3477400541305542
-2.616529941558838
1.652959942817688
-3.0837199687957764
1.9581799507141113
-3.550920009613037
2.263400077819824
-4.0181097984313965
2.568619966506958
-4.485310077667236
2.8738300800323486
-4.952499866485596
3.1790499687194824
-5.419690132141113
3.4842700958251953
-5.886889934539795
3.789489984512329
-6.3540802001953125
4.094709873199463
-6.821269989013672
4.3999199867248535
-7.2884697914123535
4.705140113830566
-7.755660057067871
5.010359764099121
-8.222860336303711
5.315579891204834
-8.69005012512207
5.620800018310547
-9.15723991394043
5.9260101318359375
-9.62444019317627
6.231229782104492
-10.09160041809082
6.536449909210205
-10.558799743652344
6.841670036315918
-11.026000022888184
7.146890163421631
-11.493200302124023
7.452099800109863
-11.960399627685547
7.757319927215576
-12.427599906921387
8.062540054321289
-12.894800186157227
8.367759704589844
-13.362000465393066
8.672980308532715
-13.82919979095459
8.978190422058105
-14.29640007019043
9.28341007232666
-14.76360034942627
9.588629722595215
-15.230799674987793
9.893850326538086
-15.697999954223633
10.19909954071045
-16.165199279785156
10.504300117492676
-16.632299423217773
10.809499740600586
