-15.128000259399414
-2.7272300720214844
-14.578399658203125
-2.6245899200439453
-14.02869987487793
-2.5219500064849854
-13.479100227355957
-2.4193100929260254
-12.929400444030762
-2.3166799545288086
-12.379799842834473
-2.2140400409698486
-11.830100059509277
-2.1113998889923096
-11.280500411987305
-2.0087599754333496
-10.730899810791016
-1.9061199426651
-10.18120002746582
-1.8034800291061401
-9.631569862365723
-1.7008399963378906
-9.081930160522461
-1.5981999635696411
-8.532279968261719
-1.4955600500106812
-7.982639789581299
-1.392930030822754
-7.433000087738037
-1.2902899980545044
-6.883359909057617
-1.1876499652862549
-6.333710193634033
-1.085010051727295
-5.784070014953613
-0.9823709726333618
-5.234429836273193
-0.8797320127487183
-4.684790134429932
-0.7770940065383911
-4.1351399421691895
-0.6744549870491028
-3.5855000019073486
-0.5718160271644592
-3.035860061645508
-0.4691770076751709
-2.486219882965088
-0.36653900146484375
-1.9365700483322144
-0.2639000117778778
-1.386929988861084
-0.16126100718975067
-0.8372899889945984
-0.05862230062484741
-0.287647008895874
0.04401639848947525
0.26199498772621155
0.14665499329566956
0.8116379976272583
0.2492939978837967
1.3612799644470215
0.35193300247192383
1.9109200239181519
0.454571008682251
2.4605700969696045
0.5572100281715393
3.0102100372314453
0.6598489880561829
3.559849977493286
0.7624880075454712
4.109489917755127
0.8651270270347595
4.659130096435547
0.9677649736404419
5.208779811859131
1.0703999996185303
5.758419990539551
1.1730400323867798
6.308060169219971
1.2756799459457397
6.857699871063232
1.3783199787139893
7.407350063323975
1.4809600114822388
7.956989765167236
1.5836000442504883
8.506629943847656
1.6862399578094482
9.056269645690918
1.7888799905776978
9.60591983795166
1.891510009765625
10.155599594116211
1.9941500425338745
10.7052001953125
2.096790075302124
11.254799842834473
2.199429988861084
11.804499626159668
2.302069902420044
12.354100227355957
2.404710054397583
12.903800010681152
2.507349967956543
13.453399658203125
2.609989881515503
14.003100395202637
2.7126200199127197
14.55270004272461
2.8152599334716797
15.102299690246582
2.9179000854492188
15.652000427246094
3.0205399990081787
16.20159912109375
3.1231799125671387
16.751300811767578
3.2258200645446777
17.300899505615234
3.3284599781036377
17.85059928894043
3.4310998916625977
18.40019989013672
3.5337300300598145
18.949800491333008
3.6363699436187744
