17.522499084472656
18.4822998046875
17.255599975585938
17.984399795532227
16.98870086669922
17.486499786376953
16.721799850463867
16.98859977722168
16.45490074157715
16.490699768066406
16.187999725341797
15.992799758911133
15.921099662780762
15.49489974975586
15.654199600219727
14.996999740600586
15.387299537658691
14.499099731445312
15.120400428771973
14.001199722290039
14.853500366210938
13.503299713134766
14.58650016784668
13.005399703979492
14.319600105285645
12.507599830627441
14.05270004272461
12.009699821472168
13.785799980163574
11.511799812316895
13.518899917602539
11.013899803161621
13.251999855041504
10.515999794006348
12.985099792480469
10.018099784851074
12.718199729919434
9.520210266113281
12.451299667358398
9.022310256958008
12.184399604797363
8.524419784545898
11.917499542236328
8.026530265808105
11.65060043334961
7.528639793395996
11.383700370788574
7.030749797821045
11.116800308227539
6.532859802246094
10.849900245666504
6.034969806671143
10.583000183105469
5.537079811096191
10.316100120544434
5.039179801940918
10.049099922180176
4.541289806365967
9.78223991394043
4.043399810791016
9.515339851379395
3.5455100536346436
9.248430252075195
3.0476200580596924
8.98151969909668
2.549730062484741
8.714619636535645
2.05184006690979
8.447710037231445
1.5539400577545166
8.18080997467041
1.0560499429702759
7.913899898529053
0.5581619739532471
7.646989822387695
0.06027020141482353
7.380090236663818
-0.43762099742889404
7.113180160522461
-0.9355120062828064
6.846280097961426
-1.43340003490448
6.579370021820068
-1.9313000440597534
6.312459945678711
-2.429189920425415
6.045559883117676
-2.927079916000366
5.778649806976318
-3.4249699115753174
5.511750221252441
-3.9228599071502686
5.244840145111084
-4.420750141143799
4.977930068969727
-4.91864013671875
4.711030006408691
-5.416530132293701
4.444119930267334
-5.914430141448975
4.177219867706299
-6.412320137023926
