-11.473299980163574
11.18970012664795
-10.977100372314453
10.930299758911133
-10.480999946594238
10.670900344848633
-9.984800338745117
10.411499977111816
-9.488630294799805
10.152099609375
-8.992469787597656
9.892729759216309
-8.496299743652344
9.633339881896973
-8.000129699707031
9.373950004577637
-7.503970146179199
9.1145601272583
-7.007800102233887
8.855170249938965
-6.511630058288574
8.595780372619629
-6.015470027923584
8.336389541625977
-5.5192999839782715
8.07699966430664
-5.023129940032959
7.817609786987305
-4.526969909667969
7.558219909667969
-4.030799865722656
7.298830032348633
-3.534630060195923
7.039440155029297
-3.0384700298309326
6.780059814453125
-2.54229998588562
6.520669937133789
-2.0461299419403076
6.261280059814453
-1.549970030784607
6.001890182495117
-1.0537999868392944
5.742499828338623
-0.5576350092887878
5.483109951019287
-0.061468299478292465
5.223720073699951
0.4346979856491089
4.964330196380615
0.9308649897575378
4.704939842224121
1.4270299673080444
4.445549964904785
1.923200011253357
4.186160087585449
2.4193599224090576
3.926769971847534
2.91552996635437
3.6673800945281982
3.4117000102996826
3.407989978790283
3.907860040664673
3.1486001014709473
4.404029846191406
2.8892099857330322
4.900199890136719
2.6298201084136963
5.396359920501709
2.3704299926757812
5.8925299644470215
2.1110401153564453
6.388700008392334
1.8516499996185303
6.884860038757324
1.5922600030899048
7.381030082702637
1.3328700065612793
7.877200126647949
1.0734800100326538
8.373359680175781
0.8140919804573059
8.869529724121094
0.5547019839286804
9.365699768066406
0.29531198740005493
9.861860275268555
0.03592269867658615
10.357999801635742
-0.22346700727939606
10.85420036315918
-0.48285698890686035
11.3503999710083
-0.7422459721565247
11.846500396728516
-1.00163996219635
12.342700004577637
-1.2610299587249756
12.838899612426758
-1.520419955253601
13.335000038146973
-1.7798099517822266
13.831199645996094
-2.0391900539398193
14.327400207519531
-2.2985799312591553
14.82349967956543
-2.5579700469970703
15.319700241088867
-2.8173599243164062
15.815899848937988
-3.0767500400543213
