-6.221109867095947
1.2536200284957886
-5.938340187072754
1.7430499792099
-5.655570030212402
2.232480049133301
-5.372799873352051
2.721909999847412
-5.090030193328857
3.2113399505615234
-4.807260036468506
3.7007699012756348
-4.524489879608154
4.190199851989746
-4.241720199584961
4.679629802703857
-3.9589500427246094
5.169060230255127
-3.676179885864258
5.658490180969238
-3.3934099674224854
6.14792013168335
-3.110640048980713
6.637350082397461
-2.8278698921203613
7.126780033111572
-2.545099973678589
7.616209983825684
-2.2623300552368164
8.105640411376953
-1.9795600175857544
8.595069885253906
-1.6967899799346924
9.084500312805176
-1.4140199422836304
9.573929786682129
-1.131250023841858
10.063400268554688
-0.8484809994697571
10.552800178527832
-0.5657110214233398
11.042200088500977
-0.2829410135746002
11.531700134277344
-0.00017134299559984356
12.021100044250488
0.28259900212287903
12.510499954223633
0.5653690099716187
12.999899864196777
0.8481389880180359
13.489399909973145
1.130910038948059
13.978799819946289
1.4136799573898315
14.468199729919434
1.6964499950408936
14.9576997756958
1.9792200326919556
15.447099685668945
2.2619900703430176
15.93649959564209
2.54475998878479
16.426000595092773
2.8275299072265625
16.9153995513916
3.110300064086914
17.404800415039062
3.3930699825286865
17.89419937133789
3.675839900970459
18.383699417114258
