14.067899703979492
14.758099555969238
14.165499687194824
14.2052001953125
14.262999534606934
13.652299880981445
14.360600471496582
13.09939956665039
14.458200454711914
12.54640007019043
14.555800437927246
11.993499755859375
14.653400421142578
11.440600395202637
14.750900268554688
10.887700080871582
14.84850025177002
10.334799766540527
14.946100234985352
9.7818603515625
15.043700218200684
9.2289400100708
15.141200065612793
8.676019668579102
15.238800048828125
8.123100280761719
15.336400032043457
7.5701799392700195
15.434000015258789
7.017270088195801
15.531599998474121
6.46435022354126
15.62909984588623
5.9114298820495605
15.726699829101562
5.3585100173950195
15.824299812316895
4.8055901527404785
15.921899795532227
4.252679824829102
16.019500732421875
3.6997599601745605
16.117000579833984
3.1468400955200195
16.214599609375
2.5939199924468994
16.31220054626465
2.0409998893737793
16.409799575805664
1.4880900382995605
16.507299423217773
0.935168981552124
16.604900360107422
0.38225099444389343
16.702499389648438
-0.17066699266433716
16.800100326538086
-0.7235850095748901
16.8976993560791
-1.2764999866485596
16.99519920349121
-1.8294199705123901
17.09280014038086
-2.3823399543762207
17.190399169921875
-2.935260057449341
17.288000106811523
-3.4881699085235596
17.385499954223633
-4.04109001159668
17.48310089111328
-4.594009876251221
17.580699920654297
-5.14693021774292
17.678300857543945
-5.699850082397461
17.77589988708496
-6.25275993347168
17.87339973449707
-6.805679798126221
17.97100067138672
-7.35860013961792
