3.103909969329834
5.805059909820557
3.210279941558838
5.2683000564575195
3.316649913787842
4.731540203094482
3.423029899597168
4.194779872894287
3.529400110244751
3.65802001953125
3.635770082473755
3.121259927749634
3.742150068283081
2.584510087966919
3.848520040512085
2.0477499961853027
3.954890012741089
1.510990023612976
4.061270236968994
0.9742270112037659
4.167640209197998
0.4374679923057556
4.274010181427002
-0.09929180145263672
4.380380153656006
-0.6360509991645813
4.486760139465332
-1.1728099584579468
4.593130111694336
-1.709570050239563
4.69950008392334
-2.2463300228118896
4.805880069732666
-2.783090114593506
4.91225004196167
-3.319849967956543
5.018620014190674
-3.856610059738159
5.125
-4.393370151519775
5.231369972229004
-4.9301300048828125
