15.5423002243042
5.3904500007629395
15.060400009155273
5.6779398918151855
14.578399658203125
5.965439796447754
14.096400260925293
6.2529401779174805
13.614500045776367
6.540440082550049
13.132499694824219
6.827929973602295
12.65060043334961
7.115429878234863
12.168600082397461
7.402929782867432
11.686699867248535
7.690430164337158
11.204700469970703
7.977930068969727
10.722800254821777
8.265419960021973
10.240799903869629
8.5529203414917
9.758859634399414
8.84041976928711
9.276909828186035
9.127920150756836
8.794960021972656
9.415410041809082
8.312999725341797
9.702910423278809
7.831049919128418
9.990409851074219
7.349100112915039
10.277899742126465
6.86713981628418
10.565400123596191
6.385190010070801
10.852899551391602
5.903240203857422
11.140399932861328
5.4212799072265625
11.427900314331055
4.939330101013184
11.715399742126465
4.4573798179626465
12.002900123596191
3.9754199981689453
12.290399551391602
3.4934699535369873
12.577899932861328
3.011509895324707
12.865400314331055
2.529560089111328
13.152899742126465
2.04761004447937
13.440400123596191
1.5656499862670898
13.727899551391602
1.0836999416351318
14.015399932861328
0.6017469763755798
14.302900314331055
0.11979400366544724
14.590399742126465
-0.36215901374816895
14.877900123596191
-0.8441129922866821
15.165399551391602
-1.326069951057434
15.452899932861328
-1.808019995689392
15.740400314331055
-2.2899699211120605
16.02790069580078
-2.771929979324341
16.315399169921875
-3.253880023956299
16.6028995513916
-3.735830068588257
16.890399932861328
-4.217790126800537
17.177900314331055
-4.699739933013916
17.46540069580078
-5.181690216064453
17.752899169921875
-5.663650035858154
18.040300369262695
-6.145599842071533
18.327800750732422
-6.62755012512207
18.615299224853516
-7.1095099449157715
18.902799606323242
-7.591460227966309
19.19029998779297
-8.073410034179688
19.477800369262695
