-8.146220207214355
6.387060165405273
-7.824810028076172
5.9794697761535645
-7.503399848937988
5.571879863739014
-7.181980133056641
5.164289951324463
-6.860569953918457
4.756700038909912
-6.50915002822876
4.316050052642822
-6.157740116119385
3.8754000663757324
-5.8063201904296875
3.4347500801086426
-5.454899787902832
2.9941000938415527
-5.103479862213135
2.553450107574463
-4.75206995010376
2.112799882888794
-4.4006500244140625
1.6721500158309937
-4.049230098724365
1.2315000295639038
-3.697809934616089
0.7908459901809692
-3.346400022506714
0.3501960039138794
-2.9949800968170166
-0.0904536023736
-2.6435599327087402
-0.5311030149459839
-2.292140007019043
-0.9717530012130737
-1.9407299757003784
-1.4124000072479248
-1.5893100500106812
-1.8530499935150146
-1.2378900051116943
-2.2936999797821045
-0.8864730000495911
-2.7343499660491943
-0.5350549817085266
-3.174999952316284
-0.18363800644874573
-3.615649938583374
0.16777999699115753
-4.056300163269043
0.5191969871520996
-4.496950149536133
0.8706150054931641
-4.937600135803223
1.2220300436019897
-5.3782501220703125
1.573449969291687
-5.818900108337402
1.9248700141906738
-6.259550094604492
2.276279926300049
-6.700200080871582
2.627700090408325
-7.140850067138672
2.9791200160980225
-7.581500053405762
3.3305399417877197
-8.022150039672852
3.681950092315674
-8.462800025939941
4.033370018005371
-8.903450012207031
4.384789943695068
-9.344099998474121
4.736209869384766
-9.784749984741211
5.087619781494141
-10.2253999710083
5.439040184020996
-10.666099548339844
5.790460109710693
-11.10669994354248
6.141880035400391
-11.54740047454834
6.493289947509766
-11.98799991607666
6.844709873199463
-12.42870044708252
7.19612979888916
-12.86929988861084
7.547550201416016
-13.3100004196167
7.898960113525391
-13.75059986114502
8.25037956237793
-14.191300392150879
8.601799964904785
-14.6318998336792
8.95322036743164
-15.072600364685059
9.304630279541016
-15.513199806213379
9.656049728393555
-15.953900337219238
10.007499694824219
-16.394500732421875
10.35890007019043
-16.8351993560791
10.71030044555664
-17.275800704956055
11.061699867248535
-17.71649932861328
11.413100242614746
-18.157100677490234
11.764599800109863
-18.59779930114746
