-6.086319923400879
-11.337699890136719
-6.0051398277282715
-10.787599563598633
-5.9239702224731445
-10.237500190734863
-5.842790126800537
-9.687470436096191
-5.76161003112793
-9.137399673461914
-5.6804399490356445
-8.587329864501953
-5.599259853363037
-8.037260055541992
-5.518089771270752
-7.487189769744873
-5.436910152435303
-6.937119960784912
-5.355730056762695
-6.387050151824951
-5.27455997467041
-5.836979866027832
-5.193379878997803
-5.286910057067871
-5.112209796905518
-4.736839771270752
-5.031030178070068
-4.186769962310791
-4.949850082397461
-3.636699914932251
-4.868680000305176
-3.08663010597229
-4.787499904632568
-2.53656005859375
-4.706329822540283
-1.98649001121521
-4.625150203704834
-1.43641996383667
-4.543980121612549
-0.8863480091094971
-4.462800025939941
-0.3362770080566406
-4.381619930267334
0.21379299461841583
-4.300449848175049
0.7638639807701111
-4.2192702293396
1.3139300346374512
-4.1381001472473145
1.8639999628067017
-4.056920051574707
2.414069890975952
-3.9757399559020996
2.9641499519348145
-3.8945701122283936
3.5142199993133545
-3.813390016555786
4.0642900466918945
-3.732219934463501
4.6143598556518555
-3.6510400772094727
5.164430141448975
-3.5698599815368652
5.7144999504089355
-3.48868989944458
6.264570236206055
-3.4075100421905518
6.814640045166016
-3.3263399600982666
7.364709854125977
-3.2451601028442383
7.914780139923096
-3.163990020751953
8.464850425720215
-3.0828099250793457
9.014920234680176
-3.0016300678253174
9.564990043640137
