-13.759900093078613
14.921099662780762
-13.207599639892578
14.859100341796875
-12.655400276184082
14.797100067138672
-12.10319995880127
14.735099792480469
-11.55090045928955
14.67300033569336
-10.998700141906738
14.611000061035156
-10.446399688720703
14.548999786376953
-9.894209861755371
14.487000465393066
-9.341970443725586
14.425000190734863
-8.789739608764648
14.362899780273438
-8.237500190734863
14.30090045928955
-7.685259819030762
14.238900184631348
-7.133019924163818
14.176899909973145
-6.580790042877197
14.114800453186035
-6.028550148010254
14.052800178527832
-5.476309776306152
13.990799903869629
-4.924069881439209
13.928799629211426
-4.371840000152588
13.866700172424316
-3.8196001052856445
13.804699897766113
-3.267359972000122
13.74269962310791
-2.7151200771331787
13.680700302124023
-2.1628899574279785
13.61870002746582
-1.6106499433517456
13.556599617004395
-1.0584100484848022
13.494600296020508
-0.5061730146408081
13.432600021362305
0.04606480151414871
13.370599746704102
0.5983020067214966
13.308500289916992
1.1505399942398071
13.246500015258789
1.70278000831604
13.184499740600586
2.255009889602661
13.1225004196167
2.8072500228881836
13.060400009155273
3.359489917755127
12.99839973449707
3.9117300510406494
12.936400413513184
4.46396017074585
12.87440013885498
5.016200065612793
12.812399864196777
5.568439960479736
12.750300407409668
6.12067985534668
12.688300132751465
6.672910213470459
12.626299858093262
7.225150108337402
12.564299583435059
7.777390003204346
12.50220012664795
8.329629898071289
12.440199851989746
8.88185977935791
12.378199577331543
9.434100151062012
12.316200256347656
