-15.727100372314453
-2.9486100673675537
-15.642900466918945
-2.4033899307250977
-15.558699607849121
-1.858180046081543
-15.474499702453613
-1.3129600286483765
-15.390199661254883
-0.7677410244941711
-15.305999755859375
-0.2225240021944046
-15.221799850463867
0.32269400358200073
-15.13759994506836
0.8679119944572449
-15.053400039672852
1.4131300449371338
-14.969200134277344
1.9583499431610107
-14.885000228881836
2.5035600662231445
-14.800700187683105
3.0487799644470215
-14.716500282287598
3.5940001010894775
-14.63230037689209
4.139220237731934
-14.548100471496582
4.6844401359558105
-14.463899612426758
5.229650020599365
-14.37969970703125
5.774869918823242
-14.295499801635742
6.320089817047119
-14.211299896240234
6.865310192108154
-14.126999855041504
7.410520076751709
-14.042799949645996
7.955739974975586
-13.958600044250488
8.500960350036621
-13.87440013885498
9.04617977142334
-13.790200233459473
9.591400146484375
-13.706000328063965
10.13659954071045
-13.621800422668457
10.68179988861084
-13.537500381469727
11.22700023651123
-13.453300476074219
11.772299766540527
-13.369099617004395
12.317500114440918
-13.284899711608887
12.862700462341309
-13.200699806213379
13.407899856567383
-13.116499900817871
13.953100204467773
-13.032299995422363
14.49839973449707
-12.948100090026855
15.043600082397461
-12.863800048828125
15.588800430297852
-12.779600143432617
16.134000778198242
-12.69540023803711
16.67919921875
-12.611200332641602
17.22439956665039
