3.6745901107788086
11.831999778747559
4.025040149688721
11.393199920654297
4.375490188598633
10.954299926757812
4.725940227508545
10.515399932861328
5.076389789581299
10.076600074768066
5.426839828491211
9.637700080871582
5.777299880981445
9.198840141296387
6.127749919891357
8.759969711303711
6.4781999588012695
8.321109771728516
6.828649997711182
7.882239818572998
7.179100036621094
7.443379878997803
7.529560089111328
7.004519939422607
7.88001012802124
6.56564998626709
8.230460166931152
6.1267900466918945
8.580909729003906
5.687920093536377
8.931360244750977
5.249060153961182
9.28180980682373
4.810200214385986
9.632269859313965
4.3713297843933105
9.982720375061035
3.9324700832366943
10.333200454711914
3.49360990524292
10.683600425720215
3.0547399520874023
11.034099578857422
2.615880012512207
11.384499549865723
2.1770100593566895
11.734999656677246
1.7381500005722046
12.085399627685547
1.2992899417877197
12.43589973449707
0.8604230284690857
12.786299705505371
0.42155900597572327
13.136799812316895
-0.01730489917099476
13.487199783325195
-0.4561690092086792
13.837699890136719
-0.8950330018997192
14.18809986114502
-1.333899974822998
14.538599967956543
-1.772760033607483
14.888999938964844
-2.2116200923919678
15.239500045776367
-2.6504900455474854
15.589900016784668
-3.0893499851226807
15.940400123596191
-3.5282199382781982
