2.2902700901031494
13.054100036621094
1.784119963645935
12.802200317382812
1.2779699563980103
12.550299644470215
0.7718150019645691
12.298399925231934
0.2656629979610443
12.046500205993652
-0.24048900604248047
11.794500350952148
-0.7466409802436829
11.54259967803955
-1.2527899742126465
11.29069995880127
-1.7589499950408936
11.038800239562988
-2.2651000022888184
10.78689956665039
-2.771250009536743
10.53499984741211
-3.277400016784668
10.283100128173828
-3.7835500240325928
10.031100273132324
-4.28971004486084
9.779230117797852
-4.7958598136901855
9.52731990814209
-5.3020100593566895
9.275409698486328
-5.808159828186035
9.023489952087402
-6.314310073852539
8.77157974243164
-6.820469856262207
8.519669532775879
-7.326620101928711
8.267749786376953
-7.832769870758057
8.015839576721191
-8.338919639587402
7.763929843902588
-8.845069885253906
7.512010097503662
-9.351229667663574
7.2600998878479
-9.857379913330078
7.008190155029297
-10.363499641418457
6.756269931793213
-10.86970043182373
6.504360198974609
-11.375800132751465
6.252449989318848
-11.881999969482422
6.000529766082764
-12.388099670410156
5.74862003326416
-12.89430046081543
5.496709823608398
-13.400400161743164
5.244790077209473
-13.906599998474121
4.992879867553711
-14.412699699401855
4.740970134735107
-14.918899536132812
4.489049911499023
