3.3255701065063477
10.861300468444824
3.2583699226379395
10.548299789428711
3.1911699771881104
10.235300064086914
2.969399929046631
9.725290298461914
2.7476298809051514
9.215250015258789
2.525860071182251
8.705209732055664
2.304080009460449
8.19517993927002
2.0823099613189697
7.685140132904053
1.8605400323867798
7.17510986328125
1.6387699842453003
6.665070056915283
1.4170000553131104
6.1550397872924805
1.1952199935913086
5.644999980926514
0.9734519720077515
5.134970188140869
0.7516800165176392
4.624929904937744
0.5299080014228821
4.1149001121521
0.308135986328125
3.6048600673675537
0.08636389672756195
3.09483003616333
-0.13540799915790558
2.584789991378784
-0.35717999935150146
2.0747599601745605
-0.5789520144462585
1.5647200345993042
-0.8007240295410156
1.0546900033950806
-1.0225000381469727
0.5446509718894958
-1.2442699670791626
0.034615300595760345
-1.466040015220642
-0.4754199981689453
-1.687809944152832
-0.9854549765586853
-1.9095799922943115
-1.4954899549484253
-2.1313600540161133
-2.0055301189422607
-2.3531301021575928
-2.5155599117279053
-2.574899911880493
-3.025599956512451
-2.7966699600219727
-3.535629987716675
-3.018440008163452
-4.045670032501221
-3.240220069885254
-4.555699825286865
-3.4619901180267334
-5.06574010848999
-3.683759927749634
-5.575769901275635
-3.9055299758911133
-6.08581018447876
-4.127299785614014
-6.595839977264404
-4.349070072174072
-7.105879783630371
-4.570849895477295
-7.615910053253174
-4.7926201820373535
-8.12594985961914
-5.014389991760254
-8.635979652404785
-5.236159801483154
-9.14601993560791
-5.457930088043213
-9.656049728393555
-5.6797099113464355
-10.166099548339844
-5.901480197906494
-10.67609977722168
-6.1232500076293945
-11.186200141906738
-6.345019817352295
-11.696200370788574
-6.5667901039123535
-12.206199645996094
-6.788569927215576
-12.716300010681152
-7.010340213775635
-13.226300239562988
-7.232110023498535
-13.736300468444824
-7.4538798332214355
-14.246399879455566
-7.675650119781494
-14.756400108337402
