11.39579963684082
-0.29310598969459534
10.9931001663208
0.08837799727916718
10.590399742126465
0.4698620140552521
10.187800407409668
0.8513460159301758
9.785120010375977
1.2328300476074219
9.38245964050293
1.6143100261688232
8.979789733886719
1.9958000183105469
8.577130317687988
2.3772799968719482
8.174469947814941
2.758769989013672
7.7718000411987305
3.1402499675750732
7.369140148162842
3.5217299461364746
6.966479778289795
3.9032199382781982
6.563809871673584
4.2846999168396
6.161149978637695
4.666190147399902
5.758480072021484
5.047669887542725
5.355820178985596
5.429150104522705
4.953159809112549
5.81063985824585
4.550489902496338
6.19212007522583
4.147830009460449
6.573609828948975
3.7451601028442383
6.955090045928955
3.3424999713897705
7.336569786071777
2.939840078353882
7.71806001663208
2.537169933319092
8.099539756774902
2.134510040283203
8.481030464172363
1.731850028038025
8.862509727478027
1.3291800022125244
9.243989944458008
0.9265180230140686
9.625479698181152
0.5238540172576904
10.006999969482422
0.12119100242853165
10.388400077819824
-0.2814730107784271
10.76990032196045
-0.6841369867324829
11.151399612426758
-1.0867999792099
11.532899856567383
-1.4894599914550781
11.914400100708008
-1.8921300172805786
12.295900344848633
-2.294790029525757
12.677399635314941
-2.6974599361419678
13.058799743652344
-3.1001200675964355
13.440299987792969
-3.502779960632324
13.821800231933594
-3.9054501056671143
14.203300476074219
-4.308110237121582
14.584799766540527
-4.710770130157471
14.966300010681152
-5.113440036773682
15.347700119018555
-5.51609992980957
15.72920036315918
-5.918769836425781
16.110700607299805
-6.321430206298828
16.49220085144043
-6.724090099334717
16.873699188232422
-7.126760005950928
17.255199432373047
-7.529419898986816
17.636600494384766
