2.3735899925231934
17.488800048828125
2.273750066757202
17.3356990814209
2.1945600509643555
16.77910041809082
2.1153600215911865
16.22249984741211
2.0361599922180176
15.665900230407715
1.9569599628448486
15.109299659729004
1.877769947052002
14.552599906921387
1.7985700368881226
13.996000289916992
1.7193700075149536
13.439399719238281
1.6401699781417847
12.882800102233887
1.5609699487686157
12.326199531555176
1.4817800521850586
11.769599914550781
1.4025800228118896
11.212900161743164
1.3233799934387207
10.656299591064453
1.2441799640655518
10.099699974060059
1.1649800539016724
9.54308032989502
1.0857900381088257
8.986470222473145
1.0065900087356567
8.429849624633789
0.927390992641449
7.87322998046875
0.8481940031051636
7.316609859466553
0.768996000289917
6.759990215301514
0.6897979974746704
6.203380107879639
0.6105999946594238
5.646759986877441
0.5314019918441772
5.090139865875244
0.45220500230789185
4.533520221710205
0.37300699949264526
3.976900100708008
0.2938089966773987
3.4202799797058105
0.2146109938621521
2.8636701107025146
0.1354130059480667
2.3070499897003174
0.056215401738882065
1.7504299879074097
-0.0229823999106884
1.193809986114502
-0.10217999666929245
0.6371930241584778
-0.18137800693511963
0.08057469874620438
-0.2605760097503662
-0.4760439991950989
-0.3397740125656128
-1.0326600074768066
-0.418971985578537
-1.5892800092697144
-0.4981690049171448
-2.145900011062622
-0.5773670077323914
-2.7025198936462402
-0.6565650105476379
-3.2591300010681152
-0.7357630133628845
-3.8157498836517334
-0.8149610161781311
-4.372369766235352
-0.8941580057144165
-4.928989887237549
-0.9733560085296631
-5.485610008239746
-1.052549958229065
-6.042230129241943
-1.1317499876022339
-6.598840236663818
-1.2109500169754028
-7.155459880828857
-1.2901500463485718
-7.712080001831055
-1.3693499565124512
-8.268699645996094
-1.4485399723052979
-8.82532024383545
-1.5277400016784668
-9.381939888000488
-1.6069400310516357
-9.938549995422363
-1.6861399412155151
-10.495200157165527
-1.7653299570083618
-11.051799774169922
-1.8445299863815308
-11.608400344848633
-1.9237300157546997
-12.164999961853027
-2.002929925918579
-12.721599578857422
-2.082129955291748
-13.278300285339355
