11.327400207519531
-18.417600631713867
11.403300285339355
-17.859800338745117
11.47920036315918
-17.302000045776367
11.555100440979004
-16.74410057067871
11.630999565124512
-16.18630027770996
11.706899642944336
-15.628499984741211
11.782899856567383
-15.070699691772461
11.858799934387207
-14.512800216674805
11.934700012207031
-13.954999923706055
12.010600090026855
-13.397199630737305
12.08650016784668
-12.839300155639648
12.162400245666504
-12.281499862670898
12.238300323486328
-11.723699569702148
12.314200401306152
-11.165900230407715
12.39009952545166
-10.607999801635742
12.465999603271484
-10.050200462341309
12.541899681091309
-9.492369651794434
12.617799758911133
-8.934539794921875
12.693699836730957
-8.376720428466797
12.769599914550781
-7.81889009475708
12.845600128173828
-7.2610602378845215
12.921500205993652
-6.703229904174805
12.997400283813477
-6.145400047302246
13.0733003616333
-5.58758020401001
13.149200439453125
-5.029749870300293
13.225099563598633
-4.471920013427734
13.300999641418457
-3.9140899181365967
13.376899719238281
-3.356260061264038
13.452799797058105
-2.7984399795532227
13.52869987487793
-2.240609884262085
13.604599952697754
-1.6827800273895264
13.680500030517578
-1.1249500513076782
13.756400108337402
-0.5671240091323853
13.832300186157227
-0.009295890107750893
13.90820026397705
0.5485320091247559
13.984199523925781
1.1063599586486816
14.060099601745605
1.6641900539398193
14.13599967956543
2.222019910812378
14.211899757385254
2.7798399925231934
14.287799835205078
3.337670087814331
14.363699913024902
3.8954999446868896
14.439599990844727
4.453330039978027
14.51550006866455
5.011159896850586
14.591400146484375
5.5689802169799805
14.6673002243042
6.126810073852539
14.743200302124023
6.684639930725098
14.819100379943848
7.242469787597656
14.895000457763672
7.800300121307373
14.97089958190918
8.35811996459961
15.046899795532227
8.915949821472168
15.12279987335205
9.473779678344727
15.198699951171875
10.031599998474121
15.2746000289917
10.589400291442871
15.350500106811523
11.147299766540527
15.426400184631348
11.705100059509277
15.502300262451172
12.262900352478027
15.578200340270996
12.820699691772461
15.65410041809082
13.378600120544434
15.729999542236328
13.936400413513184
15.805899620056152
14.494199752807617
15.881799697875977
15.05210018157959
15.9576997756958
15.60990047454834
16.033599853515625
16.167699813842773
16.109600067138672
16.725500106811523
16.18549919128418
17.28339958190918
