-18.199100494384766
15.824000358581543
-18.020000457763672
15.297900199890137
-17.840900421142578
14.77180004119873
-17.661699295043945
14.245699882507324
-17.48259925842285
13.719599723815918
-17.303499221801758
13.193599700927734
-17.124399185180664
12.667499542236328
-16.94529914855957
12.141400337219238
-16.766199111938477
11.615300178527832
-16.587099075317383
11.089200019836426
-16.407899856567383
10.56309986114502
-16.22879981994629
10.037099838256836
-16.049699783325195
9.510979652404785
-15.870599746704102
8.98488998413086
-15.691499710083008
8.458809852600098
-15.512399673461914
7.932730197906494
-15.33329963684082
7.40664005279541
-15.15410041809082
6.880559921264648
-14.975000381469727
6.354479789733887
-14.795900344848633
5.828400135040283
-14.616800308227539
5.302309989929199
-14.437700271606445
4.7762298583984375
-14.258600234985352
4.250150203704834
-14.079500198364258
3.7240700721740723
-13.900300025939941
3.1979799270629883
-13.721199989318848
2.6719000339508057
-13.542099952697754
2.145819902420044
-13.36299991607666
1.6197400093078613
-13.183899879455566
1.093649983406067
-13.004799842834473
0.5675699710845947
-12.825699806213379
0.04148710146546364
-12.646499633789062
-0.48459601402282715
-12.467399597167969
-1.0106799602508545
-12.288299560546875
-1.5367599725723267
-12.109199523925781
-2.062839984893799
-11.930100440979004
-2.5889298915863037
-11.75100040435791
-3.1150100231170654
-11.571900367736816
-3.641089916229248
-11.3927001953125
-4.16717004776001
-11.213600158691406
-4.693260192871094
-11.034500122070312
-5.219339847564697
-10.855400085449219
-5.745419979095459
-10.676300048828125
-6.271500110626221
-10.497200012207031
-6.7975897789001465
-10.318099975585938
-7.323669910430908
-10.138999938964844
-7.84975004196167
-9.959839820861816
-8.375840187072754
-9.780719757080078
-8.901920318603516
-9.60161018371582
-9.428000450134277
-9.422490119934082
-9.954079627990723
-9.243379592895508
-10.480199813842773
-9.06427001953125
-11.006199836730957
