-12.66819953918457
13.408900260925293
-12.385899543762207
12.920900344848633
-12.103699684143066
12.432900428771973
-11.821399688720703
11.944899559020996
-11.53909969329834
11.456999778747559
-11.256799697875977
10.968999862670898
-10.974599838256836
10.480999946594238
-10.692299842834473
9.993009567260742
-10.40999984741211
9.505020141601562
-10.127799987792969
9.017040252685547
-9.845490455627441
8.529060363769531
-9.563220024108887
8.041069984436035
-9.280949592590332
7.5530900955200195
-8.998680114746094
7.065110206604004
-8.716409683227539
6.57712984085083
-8.4341402053833
6.089139938354492
-8.151869773864746
5.601160049438477
-7.86959981918335
5.113180160522461
-7.587319850921631
4.625189781188965
-7.305049896240234
4.137209892272949
-7.022779941558838
3.6492300033569336
-6.740509986877441
3.161250114440918
-6.458240032196045
2.673259973526001
-6.175970077514648
2.1852800846099854
-5.893700122833252
1.6972999572753906
-5.6114301681518555
1.2093100547790527
-5.329160213470459
0.7213320136070251
-5.046889781951904
0.2333489954471588
-4.764619827270508
-0.25463399291038513
-4.482349872589111
-0.7426170110702515
-4.200069904327393
-1.2305999994277954
-3.917799949645996
-1.7185800075531006
-3.6355299949645996
-2.2065699100494385
-3.353260040283203
-2.694550037384033
-3.0709900856018066
-3.182529926300049
-2.788719892501831
-3.6705100536346436
-2.5064499378204346
-4.1585001945495605
-2.224179983139038
-4.646480083465576
-1.9419100284576416
-5.134459972381592
-1.6596399545669556
-5.62244987487793
-1.377369999885559
-6.110429763793945
-1.0951000452041626
-6.598410129547119
-0.8128250241279602
-7.086390018463135
-0.5305539965629578
-7.574379920959473
-0.2482829988002777
-8.062359809875488
0.03398760035634041
-8.550339698791504
0.3162580132484436
-9.038330078125
0.5985289812088013
-9.526309967041016
0.8808000087738037
-10.014300346374512
1.1630699634552002
-10.502300262451172
1.4453400373458862
-10.990300178527832
1.7276099920272827
-11.47819995880127
2.0098800659179688
-11.96619987487793
2.2921500205993652
-12.45419979095459
2.574429988861084
-12.94219970703125
2.8566999435424805
-13.43019962310791
3.138969898223877
-13.91819953918457
3.4212400913238525
-14.406100273132324
3.703510046005249
-14.894100189208984
3.9857800006866455
-15.382100105285645
4.268050193786621
-15.870100021362305
4.550320148468018
-16.35810089111328
4.832590103149414
-16.846099853515625
