8.984660148620605
-1.519279956817627
8.523329734802246
-1.8457900285720825
8.062000274658203
-2.172290086746216
7.600669860839844
-2.4987900257110596
7.139349937438965
-2.8252999782562256
6.678020000457764
-3.1517999172210693
6.2166900634765625
-3.4783101081848145
5.755360126495361
-3.804810047149658
5.29403018951416
-4.131309986114502
4.832709789276123
-4.457819938659668
4.371379852294922
-4.784319877624512
3.9100499153137207
-5.110829830169678
3.4487199783325195
-5.4373297691345215
2.9873900413513184
-5.763830184936523
2.526060104370117
-6.0903401374816895
2.064739942550659
-6.416840076446533
1.603410005569458
-6.743340015411377
1.1420799493789673
-7.069849967956543
0.6807519793510437
-7.396349906921387
0.21942299604415894
-7.722859859466553
-0.24190500378608704
-8.049360275268555
-0.703233003616333
-8.375860214233398
-1.1645599603652954
-8.702369689941406
-1.6258900165557861
-9.02886962890625
-2.0872199535369873
-9.355369567871094
-2.5485498905181885
-9.681879997253418
-3.0098700523376465
-10.008399963378906
-3.4711999893188477
-10.33489990234375
-3.932529926300049
-10.661399841308594
-4.39385986328125
-10.987899780273438
-4.855189800262451
-11.314399719238281
-5.316510200500488
-11.640899658203125
-5.7778401374816895
-11.967399597167969
-6.239170074462891
-12.293899536132812
-6.700500011444092
-12.620400428771973
-7.161829948425293
-12.946900367736816
-7.623159885406494
-13.27340030670166
-8.084480285644531
-13.599900245666504
-8.545809745788574
-13.926400184631348
-9.007140159606934
-14.252900123596191
-9.468469619750977
-14.579400062561035
-9.929800033569336
-14.905900001525879
-10.39109992980957
-15.232399940490723
-10.852499961853027
-15.558899879455566
-11.313799858093262
-15.885499954223633
-11.775099754333496
-16.211999893188477
