11.194600105285645
14.140199661254883
10.797100067138672
13.750900268554688
10.399700164794922
13.361599922180176
10.00220012664795
12.972399711608887
9.604700088500977
12.583100318908691
9.207209587097168
12.19379997253418
8.80972957611084
11.804499626159668
8.412240028381348
11.415300369262695
8.01476001739502
11.026000022888184
7.617269992828369
10.636699676513672
7.219789981842041
10.2475004196167
6.822309970855713
9.858200073242188
6.4248199462890625
9.4689302444458
6.027339935302734
9.079669952392578
5.629849910736084
8.690400123596191
5.232369899749756
8.301130294799805
4.834889888763428
7.91185998916626
4.437399864196777
7.522590160369873
4.039919853210449
7.133319854736328
3.642430067062378
6.744050025939941
3.24495005607605
6.354780197143555
2.8474700450897217
5.96550989151001
2.4499800205230713
5.576240062713623
2.052500009536743
5.186970233917236
1.6550099849700928
4.797709941864014
1.2575299739837646
4.408440113067627
0.860044002532959
4.019169807434082
0.4625599980354309
3.6298999786376953
0.06507620215415955
3.2406299114227295
-0.33240801095962524
2.8513600826263428
-0.7298920154571533
2.462090015411377
-1.1273800134658813
2.072819948196411
-1.5248600244522095
1.6835500001907349
-1.9223400354385376
1.2942800521850586
-2.3198299407958984
0.9050149917602539
-2.7173099517822266
0.515745997428894
-3.114799976348877
0.12647700309753418
-3.512279987335205
-0.2627919912338257
-3.909759998321533
-0.6520609855651855
