12.451899528503418
-16.694900512695312
12.135499954223633
-16.23189926147461
11.819100379943848
-15.768799781799316
11.502799987792969
-15.305800437927246
11.186400413513184
-14.84280014038086
10.869999885559082
-14.37969970703125
10.55370044708252
-13.91670036315918
10.237299919128418
-13.45359992980957
9.920920372009277
-12.990599632263184
9.6045503616333
-12.52750015258789
9.288189888000488
-12.064499855041504
8.971819877624512
-11.601400375366211
8.655449867248535
-11.138400077819824
8.339079856872559
-10.675299644470215
8.022709846496582
-10.212300300598145
7.7063398361206055
-9.749259948730469
7.389979839324951
-9.286210060119629
7.073609828948975
-8.823169708251953
6.757239818572998
-8.360119819641113
6.4408698081970215
-7.897079944610596
6.124499797821045
-7.434030055999756
5.808129787445068
-6.970990180969238
5.491769790649414
-6.50793981552124
5.1753997802734375
-6.044899940490723
4.859029769897461
-5.581850051879883
4.542660236358643
-5.118810176849365
4.226290225982666
-4.6557698249816895
3.9099199771881104
-4.19271993637085
3.593559980392456
-3.729680061340332
3.2771899700164795
-3.266629934310913
2.960819959640503
-2.8035900592803955
2.6412699222564697
-2.33801007270813
2.321729898452759
-1.872439980506897
2.0021800994873047
-1.4068700075149536
1.682629942893982
-0.9413009881973267
1.3630900382995605
-0.4757300019264221
1.0435400009155273
-0.010158799588680267
0.7239940166473389
0.45541200041770935
0.4044469892978668
0.9209840297698975
0.08490099757909775
1.386549949645996
-0.23464499413967133
1.8521300554275513
-0.5541920065879822
2.317699909210205
-0.8737379908561707
2.7832698822021484
-1.1932799816131592
3.248840093612671
-1.5128300189971924
3.7144100666046143
-1.8323800563812256
4.1799798011779785
-2.1519200801849365
4.645549774169922
-2.4714701175689697
5.111120223999023
-2.791019916534424
5.576700210571289
-3.1105599403381348
6.042270183563232
-3.430109977722168
6.507840156555176
-3.749660015106201
6.973410129547119
-4.069200038909912
7.4389801025390625
-4.388750076293945
7.904550075531006
-4.7083001136779785
8.37012004852295
-5.0278401374816895
8.835689544677734
-5.347390174865723
9.30126953125
-5.666930198669434
9.766839981079102
-5.986480236053467
10.232399940490723
-6.306029796600342
10.697999954223633
-6.625569820404053
11.163599967956543
-6.945119857788086
11.62909984588623
-7.264669895172119
12.09469985961914
-7.58420991897583
12.56029987335205
-7.903759956359863
13.025799751281738
-8.223310470581055
13.491399765014648
