2.539940118789673
-5.024109840393066
2.9411098957061768
-4.631259918212891
3.3422698974609375
-4.238399982452393
3.7434399127960205
-3.845550060272217
4.1446099281311035
-3.4526898860931396
4.545770168304443
-3.059839963912964
4.946939945220947
-2.666980028152466
5.348110198974609
-2.27413010597229
5.749279975891113
-1.8812700510025024
6.150440216064453
-1.488420009613037
6.551609992980957
-1.0955599546432495
6.952779769897461
-0.702709972858429
7.353940010070801
-0.30985501408576965
7.755109786987305
0.08299929648637772
8.156279563903809
0.4758540093898773
8.557450294494629
0.8687090277671814
8.958609580993652
1.2615599632263184
9.359780311584473
1.654420018196106
9.760950088500977
2.0472700595855713
10.162099838256836
2.4401299953460693
10.563300132751465
2.832979917526245
10.964400291442871
3.2258400917053223
11.365599632263184
3.618690013885498
11.766799926757812
4.011549949645996
12.168000221252441
4.404399871826172
12.569100379943848
4.797249794006348
12.97029972076416
5.190110206604004
