9.980130195617676
-12.015399932861328
9.728110313415527
-11.51550006866455
9.476099967956543
-11.015600204467773
9.224089622497559
-10.515700340270996
8.97208023071289
-10.015800476074219
8.720069885253906
-9.515859603881836
8.468059539794922
-9.015959739685059
8.216050148010254
-8.516059875488281
7.9640398025512695
-8.01615047454834
7.712019920349121
-7.516250133514404
7.460010051727295
-7.016349792480469
7.208000183105469
-6.516449928283691
6.955989837646484
-6.016550064086914
6.703979969024658
-5.516650199890137
6.451970100402832
-5.016749858856201
6.199960231781006
-4.516849994659424
5.947939872741699
-4.0169501304626465
5.695930004119873
-3.51705002784729
5.443920135498047
-3.0171499252319336
5.1919097900390625
-2.5172500610351562
4.939899921417236
-2.0173499584198
4.68789005279541
-1.517449975013733
4.435880184173584
-1.017549991607666
4.1838698387146
-0.5176510214805603
3.931849956512451
-0.01775060035288334
3.679840087890625
0.48214998841285706
3.4278299808502197
0.9820500016212463
3.1758201122283936
1.481950044631958
2.9238100051879883
1.981850028038025
2.671799898147583
2.481750011444092
2.419790029525757
2.9816501140594482
2.1677799224853516
3.4815499782562256
1.9157600402832031
3.981450080871582
1.6637500524520874
4.481349945068359
1.4117399454116821
4.981249809265137
1.1597299575805664
5.481150150299072
0.9077190160751343
5.98105001449585
0.6557080149650574
6.480949878692627
0.40369701385498047
6.9808502197265625
0.15168499946594238
7.48075008392334
-0.10032600164413452
7.980649948120117
-0.3523370027542114
8.480549812316895
-0.6043490171432495
8.980449676513672
-0.8563600182533264
9.48034954071045
-1.1083699464797974
9.980250358581543
-1.3603800535202026
10.480199813842773
-1.6123900413513184
10.98009967803955
-1.864400029182434
11.479999542236328
-2.116420030593872
11.979900360107422
-2.3684298992156982
12.4798002243042
-2.6204400062561035
12.979700088500977
-2.872450113296509
13.479599952697754
-3.124459981918335
13.979499816894531
-3.3764700889587402
14.479399681091309
-3.6284799575805664
14.979299545288086
-3.880500078201294
15.47920036315918
-4.132510185241699
15.979100227355957
-4.384520053863525
16.479000091552734
-4.636529922485352
16.978900909423828
-4.888539791107178
17.47879981994629
-5.140550136566162
17.978700637817383
-5.392560005187988
18.478599548339844
-5.6445698738098145
18.978500366210938
-5.896590232849121
19.4783992767334
