1.5916999578475952
3.3978099822998047
1.3526699542999268
2.9661600589752197
1.1136300563812256
2.5345098972320557
0.8745970129966736
2.1028599739074707
0.5992119908332825
1.6507400274276733
0.32382699847221375
1.1986299753189087
0.048441801220178604
0.7465109825134277
-0.2269430011510849
0.29439499974250793
-0.5023279786109924
-0.15772099792957306
-0.7777140140533447
-0.609836995601654
-1.0530999898910522
-1.0619499683380127
-1.3284800052642822
-1.5140700340270996
-1.6038700342178345
-1.966189980506897
-1.8792500495910645
-2.418299913406372
-2.1602001190185547
-2.894860029220581
-2.441149950027466
-3.3714098930358887
-2.722090005874634
-3.8479700088500977
-3.003040075302124
-4.324520111083984
-3.283989906311035
-4.801080226898193
-3.564929962158203
-5.277639865875244
-3.8458800315856934
-5.754189968109131
-4.126830101013184
-6.23075008392334
-4.407770156860352
-6.707300186157227
-4.688720226287842
-7.183859825134277
-4.969669818878174
-7.660419940948486
-5.250609874725342
-8.136969566345215
-5.531559944152832
-8.613530158996582
-5.812510013580322
-9.090080261230469
-6.09345006942749
-9.56663990020752
-6.3744001388549805
-10.04319953918457
-6.655350208282471
-10.519800186157227
