-12.871700286865234
6.378469944000244
-12.57960033416748
5.90477991104126
-12.287500381469727
5.431079864501953
-11.99530029296875
4.957389831542969
-11.703200340270996
4.483689785003662
-11.411100387573242
4.010000228881836
-11.119000434875488
3.53629994392395
-10.826899528503418
3.062609910964966
-10.534799575805664
2.5889101028442383
-10.242600440979004
2.115220069885254
-9.950519561767578
1.6415200233459473
-9.65841007232666
1.167829990386963
-9.366290092468262
0.6941350102424622
-9.074170112609863
0.22044000029563904
-8.782059669494629
-0.2532550096511841
-8.48993968963623
-0.7269499897956848
-8.197819709777832
-1.2006399631500244
-7.905710220336914
-1.674340009689331
-7.613589763641357
-2.1480300426483154
-7.321469783782959
-2.621730089187622
-7.029359817504883
-3.0954198837280273
-6.737239837646484
-3.569119930267334
-6.445119857788086
-4.042809963226318
-6.15300989151001
-4.516510009765625
-5.860889911651611
-4.990200042724609
-5.568769931793213
-5.463900089263916
