10.279199600219727
-19.394399642944336
9.915209770202637
-18.963199615478516
9.551219940185547
-18.532100677490234
9.187230110168457
-18.100900650024414
8.823240280151367
-17.6697998046875
8.459250450134277
-17.23859977722168
8.095250129699707
-16.8075008392334
7.731259822845459
-16.376300811767578
7.367269992828369
-15.945199966430664
7.003280162811279
-15.513999938964844
6.639279842376709
-15.082900047302246
6.275290012359619
-14.651700019836426
5.911300182342529
-14.220600128173828
5.547309875488281
-13.789400100708008
5.183310031890869
-13.35830020904541
4.819320201873779
-12.92710018157959
4.455329895019531
-12.496000289916992
4.091340065002441
-12.064800262451172
3.72733998298645
-11.633700370788574
3.3633499145507812
-11.202500343322754
2.9993600845336914
-10.771400451660156
2.6353700160980225
-10.340200424194336
2.2713699340820312
-9.909059524536133
1.9073799848556519
-9.477910041809082
1.5433900356292725
-9.046759605407715
1.1793999671936035
-8.615610122680664
0.8154039978981018
-8.184459686279297
0.45141199231147766
-7.753310203552246
0.08741910010576248
-7.322159767150879
-0.2765730023384094
-6.89100980758667
-0.6405659914016724
-6.459859848022461
-1.0045599937438965
-6.028709888458252
-1.3685499429702759
-5.597559928894043
-1.7325400114059448
-5.166409969329834
-2.0965399742126465
-4.735260009765625
-2.4605300426483154
-4.304110050201416
-2.8245201110839844
-3.872960090637207
-3.188509941101074
-3.441800117492676
-3.5525100231170654
-3.0106499195098877
-3.9165000915527344
-2.5794999599456787
-4.280489921569824
-2.1483500003814697
-4.644480228424072
-1.7172000408172607
-5.008470058441162
-1.2860499620437622
-5.372469902038574
-0.8549010157585144
-5.736460208892822
-0.42375099658966064
-6.100450038909912
0.007399680092930794
-6.464439868927002
0.4385499954223633
-6.828440189361572
0.8697010278701782
-7.192430019378662
1.3008500337600708
-7.556419849395752
1.7319999933242798
-7.92041015625
2.1631500720977783
-8.28441047668457
2.5943000316619873
-8.64840030670166
3.0254499912261963
-9.01239013671875
3.4565999507904053
-9.37637996673584
3.8877499103546143
-9.74038028717041
4.318910121917725
-10.104399681091309
4.750060081481934
-10.468400001525879
5.181210041046143
-10.83240032196045
5.612360000610352
-11.19629955291748
6.0435099601745605
-11.56029987335205
6.4746599197387695
-11.924300193786621
6.9058098793029785
-12.207200050354004
7.234449863433838
