-8.82168960571289
7.20058012008667
-8.307120323181152
7.422900199890137
-7.792550086975098
7.645209789276123
-7.277979850769043
7.867519855499268
-6.7634100914001465
8.089839935302734
-6.248839855194092
8.312150001525879
-5.734270095825195
8.534460067749023
-5.219699859619141
8.756770133972168
-4.705130100250244
8.979089736938477
-4.190569877624512
9.201399803161621
-3.6760001182556152
9.423709869384766
-3.1614298820495605
9.64603042602539
-2.646859884262085
9.868339538574219
-2.1322898864746094
10.090700149536133
-1.6177200078964233
10.312999725341797
-1.1031500101089478
10.535300254821777
-0.5885779857635498
10.757599830627441
-0.07400889694690704
10.979900360107422
0.4405609965324402
11.202199935913086
0.9551299810409546
11.424500465393066
1.4696999788284302
11.64680004119873
1.9842699766159058
11.869199752807617
2.498840093612671
12.091500282287598
3.0134100914001465
12.313799858093262
3.527980089187622
12.536100387573242
4.042550086975098
12.758399963378906
4.557119846343994
12.98069953918457
5.071690082550049
13.20300006866455
5.586259841918945
13.425299644470215
6.100830078125
13.647700309753418
6.6153998374938965
13.869999885559082
7.129970073699951
14.092300415039062
7.644529819488525
14.314599990844727
8.159099578857422
14.53689956665039
8.673669815063477
14.759200096130371
9.188240051269531
14.981499671936035
9.702810287475586
15.203800201416016
10.217399597167969
15.426199913024902
10.732000350952148
15.648500442504883
11.246500015258789
15.870800018310547
11.761099815368652
16.09309959411621
12.275699615478516
16.315399169921875
12.790200233459473
16.537700653076172
13.304800033569336
16.760000228881836
13.8193998336792
16.9822998046875
14.333900451660156
17.204700469970703
14.84850025177002
17.427000045776367
15.363100051879883
17.64929962158203
15.877599716186523
17.871599197387695
16.392200469970703
18.093900680541992
16.90679931640625
18.316200256347656
17.42140007019043
18.53849983215332
17.93589973449707
18.760799407958984
18.45050048828125
18.983200073242188
