-1.205180048942566
14.240900039672852
-1.562459945678711
13.810099601745605
-1.9197299480438232
13.379400253295898
-2.2769999504089355
12.948599815368652
-2.63427996635437
12.517900466918945
-2.9915499687194824
12.0871000289917
-3.348829984664917
11.656399726867676
-3.7060999870300293
11.225700378417969
-4.063379764556885
10.794899940490723
-4.420650005340576
10.3641996383667
-4.777919769287109
9.933420181274414
-5.135200023651123
9.502670288085938
-5.492469787597656
9.071929931640625
-5.84975004196167
8.641180038452148
-6.207019805908203
8.210439682006836
-6.564300060272217
7.779689788818359
-6.92156982421875
7.348939895629883
-7.278840065002441
6.9182000160217285
-7.636119842529297
6.487450122833252
-7.993390083312988
6.0567097663879395
-8.350669860839844
5.625959873199463
-8.707940101623535
5.195209980010986
-9.06521987915039
4.764470100402832
-9.422490119934082
4.3337202072143555
-9.779760360717773
3.902980089187622
-10.13700008392334
3.4722299575805664
-10.49429988861084
3.04148006439209
-10.85159969329834
2.6107399463653564
-11.208900451660156
2.17999005317688
-11.566100120544434
1.749250054359436
-11.923399925231934
1.31850004196167
-12.280699729919434
0.8877549767494202
-12.637999534606934
0.4570089876651764
-12.995200157165527
0.02626349963247776
-13.352499961853027
-0.40448200702667236
-13.709799766540527
-0.8352280259132385
-14.067099571228027
-1.26596999168396
-14.424300193786621
-1.696720004081726
-14.781599998474121
-2.127470016479492
-15.138899803161621
-2.5582098960876465
-15.496199607849121
-2.988960027694702
-15.853400230407715
-3.4196999073028564
-16.2106990814209
-3.850450038909912
-16.56800079345703
-4.281199932098389
