1.018839955329895
16.447599411010742
1.2189199924468994
15.918600082397461
1.4190000295639038
15.389599800109863
1.6190799474716187
14.86050033569336
1.819159984588623
14.331500053405762
2.019239902496338
13.802499771118164
2.219320058822632
13.273500442504883
2.4193999767303467
12.744500160217285
2.6194798946380615
12.215499877929688
2.8195600509643555
11.686400413513184
3.019629955291748
11.157400131225586
3.219710111618042
10.628399848937988
3.419790029525757
10.09939956665039
3.6198699474334717
9.57036018371582
3.8199501037597656
9.041339874267578
4.0200300216674805
8.512330055236816
4.220109939575195
7.983310222625732
4.42018985748291
7.45428991317749
4.620269775390625
6.925270080566406
4.820350170135498
6.396249771118164
5.020420074462891
5.867239952087402
5.2204999923706055
5.338220119476318
5.42057991027832
4.809199810028076
5.620659828186035
4.280179977416992
5.820740222930908
3.751159906387329
6.020820140838623
3.2221500873565674
6.220900058746338
2.6931300163269043
6.420979976654053
2.164109945297241
6.621059894561768
1.6350899934768677
6.821139812469482
1.1060800552368164
7.021210193634033
0.5770580172538757
7.221290111541748
0.04803989827632904
7.421370029449463
-0.48097801208496094
7.621449947357178
-1.0099999904632568
7.821529865264893
-1.5390100479125977
8.021610260009766
-2.0680301189422607
8.22169017791748
-2.5970499515533447
8.421770095825195
-3.126070022583008
8.62185001373291
-3.655090093612671
8.821929931640625
-4.184100151062012
9.022000312805176
-4.713119983673096
9.22208023071289
-5.24213981628418
9.422160148620605
-5.771160125732422
9.62224006652832
-6.300169944763184
9.822319984436035
-6.829189777374268
10.02239990234375
-7.35821008682251
10.22249984741211
-7.887229919433594
10.422599792480469
-8.416250228881836
