11.471799850463867
-2.9461400508880615
10.924400329589844
-3.0259499549865723
10.376899719238281
-3.105760097503662
9.8294095993042
-3.185580015182495
9.281929969787598
-3.265389919281006
8.734450340270996
-3.3452000617980957
8.186969757080078
-3.4250099658966064
7.639490127563477
-3.5048201084136963
7.092010021209717
-3.5846400260925293
6.544539928436279
-3.66444993019104
5.9970598220825195
-3.74426007270813
5.449580192565918
-3.8240699768066406
4.902100086212158
-3.9038798809051514
4.354619979858398
-3.983690023422241
3.8071401119232178
-4.063509941101074
3.259660005569458
-4.143320083618164
2.7121899127960205
-4.223130226135254
2.16471004486084
-4.3029398918151855
1.6172300577163696
-4.382750034332275
1.0697499513626099
-4.4625701904296875
0.5222709774971008
-4.542379856109619
-0.025207700207829475
-4.622189998626709
-0.5726860165596008
-4.702000141143799
-1.1201599836349487
-4.7818098068237305
-1.667639970779419
-4.861629962921143
-2.2151200771331787
-4.941440105438232
-2.7625999450683594
-5.021249771118164
-3.310080051422119
-5.101059913635254
-3.8575599193573
-5.180870056152344
-4.4050397872924805
-5.260690212249756
-4.95251989364624
-5.3404998779296875
-5.499989986419678
-5.420310020446777
-6.0474700927734375
-5.500120162963867
-6.594950199127197
-5.579929828643799
-7.142429828643799
-5.659739971160889
-7.689909934997559
-5.739560127258301
-8.23738956451416
-5.819369792938232
-8.784870147705078
-5.899179935455322
-9.332340240478516
-5.978990077972412
-9.884949684143066
-6.064070224761963
-10.4375
-6.149139881134033
-10.990099906921387
-6.234210014343262
-11.542799949645996
-6.3192901611328125
-12.095399856567383
-6.404359817504883
-12.64799976348877
-6.489439964294434
-13.200599670410156
-6.574510097503662
-13.753199577331543
-6.659580230712891
-14.305800437927246
-6.744659900665283
-14.858400344848633
-6.829730033874512
-15.41100025177002
-6.91480016708374
-15.963600158691406
-6.999879837036133
-16.40920066833496
-7.068540096282959
-16.854799270629883
-7.137189865112305
-17.300500869750977
-7.205850124359131
