6.639269828796387
7.896440029144287
6.937489986419678
7.432950019836426
7.235720157623291
6.969470024108887
7.533949851989746
6.505980014801025
7.832170009613037
6.042490005493164
8.130399703979492
5.578999996185303
8.428629875183105
5.115509986877441
8.726849555969238
4.65201997756958
9.025079727172852
4.188529968261719
9.3233003616333
3.7250399589538574
9.621529579162598
3.261549949645996
9.919759750366211
2.7980599403381348
10.218000411987305
2.3345699310302734
10.516200065612793
1.8710800409317017
10.814399719238281
1.4075900316238403
11.112700462341309
0.944100022315979
11.410900115966797
0.48061099648475647
11.709099769592285
0.017121199518442154
12.00730037689209
-0.446368008852005
12.3056001663208
-0.909857988357544
12.603799819946289
-1.3733500242233276
12.902000427246094
-1.836840033531189
13.200200080871582
-2.3003299236297607
13.498499870300293
-2.763819932937622
13.796699523925781
-3.2273099422454834
14.094900131225586
-3.6907999515533447
14.393199920654297
-4.154290199279785
14.691399574279785
-4.617770195007324
14.98960018157959
-5.0812602043151855
15.287799835205078
-5.544750213623047
