15.750800132751465
9.165109634399414
15.587800025939941
8.649140357971191
15.424799919128418
8.133179664611816
15.261899948120117
7.617219924926758
15.098899841308594
7.101260185241699
14.93589973449707
6.58528995513916
14.772899627685547
6.069330215454102
14.609999656677246
5.553369998931885
14.446999549865723
5.037409782409668
14.284000396728516
4.521440029144287
14.121000289916992
4.00547981262207
13.958100318908691
3.4895200729370117
13.795100212097168
2.9735500812530518
13.632100105285645
2.457590103149414
13.469200134277344
1.9416300058364868
13.30620002746582
1.4256700277328491
13.143199920654297
0.9097040295600891
12.980199813842773
0.39374199509620667
12.817299842834473
-0.12222100049257278
12.65429973602295
-0.6381840109825134
12.491299629211426
-1.1541500091552734
12.328300476074219
-1.6701099872589111
