-9.032779693603516
-19.351900100708008
-8.929450035095215
-18.79960060119629
-8.826109886169434
-18.247299194335938
-8.722769737243652
-17.695100784301758
-8.619429588317871
-17.142799377441406
-8.516090393066406
-16.590499877929688
-8.412759780883789
-16.03820037841797
-8.309419631958008
-15.486000061035156
-8.206080436706543
-14.933699607849121
-8.102740287780762
-14.381400108337402
-7.9994001388549805
-13.829099655151367
-7.8960700035095215
-13.276900291442871
-7.79272985458374
-12.724599838256836
-7.689390182495117
-12.172300338745117
-7.586050033569336
-11.620100021362305
-7.482709884643555
-11.06779956817627
-7.379380226135254
-10.51550006866455
-7.276040077209473
-9.963239669799805
-7.172699928283691
-9.410969734191895
-7.06935977935791
-8.858699798583984
-6.966020107269287
-8.306429862976074
-6.862679958343506
-7.754149913787842
-6.759349822998047
-7.201879978179932
-6.656010150909424
-6.6496100425720215
-6.552670001983643
-6.097340106964111
-6.449329853057861
-5.545070171356201
-6.345990180969238
-4.992790222167969
-6.242660045623779
-4.4405198097229
-6.139319896697998
-3.8882501125335693
-6.035980224609375
-3.33597993850708
-5.932640075683594
-2.7836999893188477
-5.8292999267578125
-2.2314300537109375
-5.7259697914123535
-1.6791599988937378
-5.6226301193237305
-1.126889944076538
-5.519289970397949
-0.5746150016784668
-5.415949821472168
-0.02234319970011711
-5.312610149383545
0.529928982257843
-5.209280014038086
1.082200050354004
-5.105939865112305
1.634469985961914
-5.002600193023682
2.1867499351501465
-4.8992600440979
2.7390201091766357
-4.795919895172119
3.291290044784546
-4.692580223083496
3.843559980392456
-4.589250087738037
4.395830154418945
-4.485909938812256
4.948110103607178
-4.382569789886475
5.500380039215088
-4.279230117797852
6.052649974822998
-4.17588996887207
6.604919910430908
-4.072559833526611
7.157199859619141
-3.969219923019409
7.709469795227051
-3.865880012512207
8.261739730834961
-3.762540102005005
8.814009666442871
-3.6591999530792236
9.366279602050781
-3.5558700561523438
9.918560028076172
-3.4525299072265625
10.470800399780273
-3.3491899967193604
11.023099899291992
-3.245850086212158
11.575400352478027
-3.142509937286377
12.127599716186523
-3.039180040359497
12.679900169372559
-2.935839891433716
13.232199668884277
-2.8324999809265137
13.784500122070312
-2.7291600704193115
14.336700439453125
-2.6258199214935303
14.888999938964844
-2.522480010986328
15.441300392150879
-2.4191501140594482
15.993599891662598
-2.315809965133667
16.545799255371094
-2.212470054626465
17.098100662231445
-2.1091299057006836
17.650400161743164
