-7.796030044555664
-11.034899711608887
-7.259479999542236
-11.131600379943848
-6.722919940948486
-11.22819995880127
-6.186369895935059
-11.324799537658691
-5.649819850921631
-11.421500205993652
-5.113269805908203
-11.518099784851074
-4.576720237731934
-11.614700317382812
-4.040170192718506
-11.711299896240234
-3.503619909286499
-11.807999610900879
-2.9670701026916504
-11.904600143432617
-2.4305200576782227
-12.001199722290039
-1.893970012664795
-12.097900390625
-1.3574199676513672
-12.194499969482422
-0.8208730220794678
-12.291099548339844
-0.28432199358940125
-12.387800216674805
