-1.7563400268554688
14.854700088500977
-1.250939965248108
14.67020034790039
-0.7455450296401978
14.485799789428711
-0.24015000462532043
14.301300048828125
0.2652449905872345
14.116900444030762
0.770641028881073
13.93239974975586
1.276039958000183
13.747900009155273
1.7814300060272217
13.56350040435791
2.286829948425293
13.378999710083008
2.792220115661621
13.194600105285645
3.2976200580596924
13.010100364685059
3.8030099868774414
12.825599670410156
4.308410167694092
12.641200065612793
4.813799858093262
12.456700325012207
5.319200038909912
12.272299766540527
5.82459020614624
12.087800025939941
6.329989910125732
11.903300285339355
6.835390090942383
11.718899726867676
7.340779781341553
11.53439998626709
7.846179962158203
11.349900245666504
