11.829500198364258
19.83930015563965
11.909299850463867
19.285600662231445
11.989100456237793
18.73200035095215
12.068900108337402
18.17840003967285
12.148699760437012
17.624799728393555
12.228500366210938
17.071199417114258
12.308199882507324
16.51759910583496
12.387999534606934
15.96399974822998
12.46780014038086
15.410300254821777
12.547599792480469
14.85669994354248
12.627400398254395
14.303099632263184
12.707099914550781
13.749500274658203
12.78689956665039
13.195899963378906
12.866700172424316
12.64229965209961
12.946499824523926
12.088700294494629
13.026300430297852
11.53499984741211
13.106100082397461
10.981399536132812
13.185799598693848
10.427800178527832
13.265600204467773
9.874199867248535
13.345399856567383
9.320590019226074
13.425200462341309
8.766969680786133
13.505000114440918
8.213359832763672
13.584799766540527
7.659739971160889
13.66450023651123
7.106130123138428
13.74429988861084
6.552509784698486
13.82409954071045
5.998899936676025
13.903900146484375
5.4452900886535645
13.983699798583984
4.891670227050781
14.06350040435791
4.338059902191162
14.143199920654297
3.784440040588379
14.222999572753906
3.230829954147339
14.302800178527832
2.6772100925445557
14.382599830627441
2.1236000061035156
14.462400436401367
1.5699900388717651
14.542200088500977
1.0163700580596924
14.621899604797363
0.46275800466537476
14.701700210571289
-0.0908564031124115
14.781499862670898
-0.6444709897041321
14.861300468444824
-1.1980799436569214
14.941100120544434
-1.7517000436782837
15.02079963684082
-2.305310010910034
15.100600242614746
-2.8589301109313965
15.180399894714355
-3.4125399589538574
15.260199546813965
-3.9661600589752197
15.34000015258789
-4.51977014541626
15.4197998046875
-5.073379993438721
15.499500274658203
-5.626999855041504
15.579299926757812
-6.180610179901123
15.659099578857422
-6.734230041503906
15.738900184631348
-7.287839889526367
15.818699836730957
-7.841460227966309
15.898500442504883
-8.39507007598877
15.97819995880127
-8.94867992401123
16.058000564575195
-9.502300262451172
16.137800216674805
-10.055899620056152
16.217599868774414
-10.60949993133545
