15.929699897766113
-0.42389699816703796
15.437000274658203
-0.6899920105934143
14.9443998336792
-0.9560880064964294
14.451700210571289
-1.2221800088882446
13.959099769592285
-1.4882800579071045
13.466400146484375
-1.7543699741363525
12.973799705505371
-2.020469903945923
12.481100082397461
-2.2865700721740723
11.988499641418457
-2.5526599884033203
11.495800018310547
-2.8187599182128906
11.003199577331543
-3.0848500728607178
10.510499954223633
-3.350950002670288
10.017900466918945
-3.617039918899536
9.525239944458008
-3.8831400871276855
9.03258991241455
-4.149240016937256
8.539950370788574
-4.415329933166504
8.047300338745117
-4.681429862976074
7.554649829864502
-4.947519779205322
7.061999797821045
-5.213620185852051
6.56935977935791
-5.479710102081299
6.076710224151611
-5.745810031890869
5.584060192108154
-6.0119099617004395
5.0914201736450195
-6.2779998779296875
4.5987701416015625
-6.544099807739258
4.1061201095581055
-6.810190200805664
3.6134800910949707
-7.076290130615234
3.1208300590515137
-7.342380046844482
2.6281800270080566
-7.608479976654053
2.1355299949645996
-7.874569892883301
1.6428899765014648
-8.140669822692871
1.1502399444580078
-8.406769752502441
0.6575919985771179
-8.672860145568848
0.16494500637054443
-8.938960075378418
-0.32770198583602905
-9.205050468444824
-0.8203489780426025
-9.471150398254395
-1.312999963760376
-9.737239837646484
-1.8056399822235107
-10.003299713134766
-2.2982900142669678
-10.269399642944336
-2.790940046310425
-10.535499572753906
-3.2835800647735596
-10.801600456237793
-3.7762300968170166
-11.067700386047363
-4.2688798904418945
-11.333800315856934
-4.761529922485352
-11.599900245666504
-5.254169940948486
-11.866000175476074
-5.746819972991943
-12.132100105285645
-6.2394700050354
-12.398200035095215
-6.732110023498535
-12.664299964904785
-7.224760055541992
-12.930399894714355
-7.717410087585449
-13.196499824523926
-8.210060119628906
-13.462599754333496
-8.702699661254883
-13.728699684143066
-9.19534969329834
-13.994799613952637
-9.687999725341797
-14.260899543762207
-10.1806001663208
-14.527000427246094
-10.673299789428711
-14.793100357055664
-11.165900230407715
-15.059200286865234
-11.658599853515625
-15.325300216674805
-12.151200294494629
-15.591300010681152
-12.643899917602539
-15.857399940490723
-13.136500358581543
-16.12350082397461
