-6.114319801330566
-17.59239959716797
-6.254000186920166
-17.049400329589844
-6.393680095672607
-16.506399154663086
-6.533360004425049
-15.963299751281738
-6.67303991317749
-15.420299530029297
-6.812719821929932
-14.877300262451172
-6.952400207519531
-14.33430004119873
-7.092090129852295
-13.791299819946289
-7.231770038604736
-13.248200416564941
-7.371449947357178
-12.7052001953125
-7.511129856109619
-12.162199974060059
-7.6508097648620605
-11.619199752807617
-7.79049015045166
-11.076199531555176
-7.930170059204102
-10.533100128173828
-8.069860458374023
-9.990119934082031
-8.209540367126465
-9.447099685668945
-8.349220275878906
-8.904080390930176
-8.488900184631348
-8.36106014251709
-8.628580093383789
-7.818039894104004
-8.76826000213623
-7.275020122528076
-8.907939910888672
-6.73199987411499
-9.047630310058594
-6.18897008895874
-9.187310218811035
-5.645949840545654
-9.326990127563477
-5.102930068969727
-9.466670036315918
-4.559909820556641
-9.60634994506836
-4.016890048980713
-9.7460298538208
-3.473870038986206
-9.885709762573242
-2.930850028991699
-10.025400161743164
-2.3878300189971924
-10.16510009765625
-1.8448100090026855
-10.304800033569336
-1.3017899990081787
-10.4443998336792
-0.7587720155715942
-10.584099769592285
-0.21575100719928741
-10.723799705505371
0.3272689878940582
-10.863499641418457
0.8702890276908875
-11.003199577331543
1.4133100509643555
-11.142800331115723
1.9563299417495728
-11.282500267028809
2.499350070953369
-11.422200202941895
3.042370080947876
-11.56190013885498
3.585390090942383
-11.701600074768066
4.1284098625183105
-11.841300010681152
4.6714301109313965
-11.980899810791016
5.214449882507324
-12.120599746704102
5.75747013092041
-12.260299682617188
6.300489902496338
-12.399999618530273
6.843510150909424
-12.53969955444336
7.386529922485352
-12.679300308227539
7.9295501708984375
-12.819000244140625
8.472570419311523
-12.958700180053711
9.015589714050293
-13.098400115966797
9.558609962463379
-13.238100051879883
10.10159969329834
-13.377699851989746
10.644700050354004
-13.517399787902832
11.187700271606445
-13.657099723815918
11.73069953918457
-13.796799659729004
12.273699760437012
-13.93649959564209
12.816699981689453
