7.416950225830078
-7.9735798835754395
7.158559799194336
-7.879749774932861
6.630390167236328
-7.69789981842041
6.102220058441162
-7.516059875488281
5.574039936065674
-7.334219932556152
5.045869827270508
-7.152379989624023
4.5177001953125
-6.970530033111572
3.989530086517334
-6.788690090179443
3.4613499641418457
-6.6068501472473145
2.933180093765259
-6.425000190734863
2.4050099849700928
-6.243159770965576
1.876829981803894
-6.061319828033447
1.3486599922180176
-5.879469871520996
0.82048499584198
-5.697629928588867
0.29231199622154236
-5.515789985656738
-0.23586100339889526
-5.333940029144287
-0.7640339732170105
-5.152100086212158
-1.2922099828720093
-4.970260143280029
-1.8203799724578857
-4.788410186767578
-2.3485500812530518
-4.606569766998291
-2.876729965209961
-4.424729824066162
-3.404900074005127
-4.242879867553711
-3.933069944381714
-4.061039924621582
-4.461249828338623
-3.879199981689453
-4.989419937133789
-3.697350025177002
-5.517590045928955
-3.515510082244873
-6.045770168304443
-3.333669900894165
-6.573939800262451
-3.151829957962036
-7.102109909057617
-2.969980001449585
-7.6302900314331055
-2.788140058517456
-8.158459663391113
-2.606300115585327
-8.686630249023438
-2.424449920654297
-9.214810371398926
-2.242609977722168
-9.742980003356934
-2.060770034790039
-10.271200180053711
-1.8789199590682983
-10.799300193786621
-1.6970800161361694
-11.327500343322754
-1.515239953994751
-11.85569953918457
-1.3333899974822998
-12.38379955291748
-1.151550054550171
-12.911999702453613
-0.9697070121765137
-13.440199851989746
-0.7878640294075012
-13.968400001525879
-0.606020987033844
-14.496500015258789
-0.42417800426483154
-15.024700164794922
-0.24233399331569672
-15.552900314331055
-0.06049120053648949
-16.081100463867188
0.12135200202465057
-16.60919952392578
0.3031949996948242
-17.137399673461914
0.48503801226615906
