0.13681800663471222
11.84630012512207
0.3599120080471039
11.326899528503418
0.5830060243606567
10.807499885559082
0.8061000108718872
10.288200378417969
1.029189944267273
9.768770217895508
1.2522900104522705
9.2493896484375
1.4753799438476562
8.730010032653809
1.6984800100326538
8.210630416870117
1.9215699434280396
7.691249847412109
2.144659996032715
7.171870231628418
2.367759943008423
6.652480125427246
2.5908501148223877
6.1331000328063965
2.8139500617980957
5.613719940185547
3.0370399951934814
5.094339847564697
3.260129928588867
4.574960231781006
3.4832301139831543
4.055580139160156
3.70632004737854
3.5362000465393066
3.929409980773926
3.016819953918457
4.152510166168213
2.4974400997161865
4.3755998611450195
1.9780499935150146
4.598700046539307
1.4586700201034546
4.8217902183532715
0.9392920136451721
5.044879913330078
0.4199100136756897
5.267980098724365
-0.09947089850902557
5.491069793701172
-0.6188520193099976
5.714169979095459
-1.1382299661636353
5.937260150909424
-1.6576100587844849
6.1603498458862305
-2.177000045776367
6.383450031280518
-2.6963798999786377
6.606540203094482
-3.2157599925994873
6.829639911651611
-3.735140085220337
7.052730083465576
-4.254519939422607
7.275819778442383
-4.773900032043457
7.49891996383667
-5.293280124664307
7.722010135650635
-5.812660217285156
7.945109844207764
-6.33204984664917
8.16819953918457
-6.8514299392700195
8.391289710998535
-7.370810031890869
8.61439037322998
-7.890190124511719
8.837479591369629
-8.40956974029541
9.060569763183594
-8.928950309753418
9.283670425415039
-9.44832992553711
9.506759643554688
-9.9677095413208
9.729860305786133
-10.487099647521973
9.952949523925781
-11.006500244140625
10.175999641418457
-11.525899887084961
10.399100303649902
-12.04520034790039
10.622200012207031
-12.564599990844727
10.84529972076416
-13.083999633789062
11.068400382995605
-13.603400230407715
11.291500091552734
-14.12279987335205
11.514599800109863
-14.64210033416748
11.737700462341309
-15.161499977111816
11.960800170898438
-15.680899620056152
12.183899879455566
-16.200300216674805
12.406999588012695
-16.71969985961914
12.63010025024414
-17.23900032043457
12.85319995880127
-17.758399963378906
13.076299667358398
-18.277799606323242
13.251899719238281
-18.68470001220703
13.427499771118164
-19.09160041809082
13.60319995880127
-19.49839973449707
