15.774700164794922
10.430100440979004
15.217100143432617
10.337900161743164
14.659500122070312
10.245599746704102
14.101900100708008
10.153400421142578
13.544300079345703
10.061100006103516
12.986700057983398
9.968870162963867
12.429100036621094
9.876609802246094
11.871500015258789
9.7843599319458
11.313899993896484
9.692099571228027
10.756400108337402
9.599849700927734
10.198800086975098
9.507590293884277
9.641180038452148
9.415340423583984
9.083589553833008
9.323089599609375
8.526000022888184
9.230830192565918
7.968410015106201
9.138580322265625
7.410820007324219
9.046319961547852
6.853229999542236
8.954070091247559
6.295639991760254
8.861809730529785
5.7380499839782715
8.769559860229492
5.180469989776611
8.677300453186035
4.622879981994629
8.585049629211426
4.0652899742126465
8.492790222167969
3.507699966430664
8.400540351867676
2.9501099586486816
8.308279991149902
2.392519950866699
8.21603012084961
1.8349299430847168
8.123769760131836
1.277340054512024
8.031519889831543
0.7197539806365967
7.939260005950928
0.16216500103473663
7.847010135650635
-0.3954240083694458
7.754759788513184
-0.9530119895935059
7.662499904632568
-1.510599970817566
7.570250034332275
-2.068190097808838
7.47799015045166
-2.6257801055908203
7.385739803314209
-3.1833701133728027
7.293479919433594
-3.740959882736206
7.201230049133301
