7.382979869842529
-8.479599952697754
7.460780143737793
-7.938570022583008
7.538589954376221
-7.397550106048584
7.616390228271484
-6.856520175933838
7.69419002532959
-6.315499782562256
7.771989822387695
-5.77446985244751
7.849790096282959
-5.233449935913086
7.9275898933410645
-4.69242000579834
8.005390167236328
-4.151400089263916
8.083189964294434
-3.610369920730591
8.160989761352539
-3.0693399906158447
8.238789558410645
-2.528320074081421
8.316590309143066
-1.9872900247573853
8.394390106201172
-1.4462699890136719
8.472189903259277
-0.905243992805481
8.549989700317383
-0.36421799659729004
8.627790451049805
0.1768070012331009
8.70559024810791
0.7178320288658142
8.783390045166016
1.2588599920272827
8.861189842224121
1.799880027770996
8.938989639282227
2.340909957885742
9.016790390014648
2.881930112838745
9.094590187072754
3.422960042953491
9.17238998413086
3.963979959487915
