-3.7560300827026367
15.340700149536133
-3.4604101181030273
14.858799934387207
-3.1647799015045166
14.376899719238281
-2.8691599369049072
13.895000457763672
-2.5735299587249756
13.413100242614746
-2.277909994125366
12.93120002746582
-1.9822800159454346
12.449299812316895
-1.6866600513458252
11.967399597167969
-1.391029953956604
11.48550033569336
-1.0954099893569946
11.003600120544434
-0.7997810244560242
10.521699905395508
-0.5041559934616089
10.039799690246582
-0.20853100717067719
9.557909965515137
0.08709420263767242
9.076020240783691
0.3827190101146698
8.594120025634766
0.6783440113067627
8.11221981048584
0.9739689826965332
7.630320072174072
1.2695900201797485
7.1484198570251465
1.5652199983596802
6.666520118713379
1.8608399629592896
6.184619903564453
2.1564700603485107
5.7027201652526855
2.45209002494812
5.22081995010376
2.7477200031280518
4.738920211791992
3.043339967727661
4.257019996643066
3.3389699459075928
3.7751200199127197
3.634589910507202
3.293220043182373
3.930219888687134
2.8113300800323486
4.225840091705322
2.329430103302002
4.521470069885254
1.8475300073623657
4.817090034484863
1.365630030632019
5.112720012664795
0.88372802734375
5.408339977264404
0.4018290042877197
5.703969955444336
-0.08007050305604935
5.999589920043945
-0.5619699954986572
6.295219898223877
-1.043869972229004
6.590839862823486
-1.5257699489593506
6.886469841003418
-2.0076699256896973
