-18.06719970703125
-10.61359977722168
-17.822799682617188
-10.111700057983398
-17.578500747680664
-9.609869956970215
-17.3341007232666
-9.107999801635742
-17.08970069885254
-8.60612964630127
-16.845399856567383
-8.104260444641113
-16.60099983215332
-7.602389812469482
-16.356700897216797
-7.100520133972168
-16.112300872802734
-6.598649978637695
-15.867899894714355
-6.096789836883545
-15.623600006103516
-5.5949201583862305
-15.379199981689453
-5.093050003051758
-15.134900093078613
-4.591179847717285
-14.89050006866455
-4.089310169219971
-14.646100044250488
-3.587440013885498
-14.401800155639648
-3.0855700969696045
-14.157400131225586
-2.583709955215454
-13.913100242614746
-2.0818400382995605
-13.668700218200684
-1.5799700021743774
-13.424300193786621
-1.0780999660491943
-13.180000305175781
-0.576229989528656
