-19.63290023803711
-14.686599731445312
-19.444700241088867
-14.16349983215332
-19.256500244140625
-13.640399932861328
-19.068300247192383
-13.117300033569336
-18.88010025024414
-12.594200134277344
-18.6919002532959
-12.071100234985352
-18.503700256347656
-11.54800033569336
-18.315500259399414
-11.024900436401367
-18.127300262451172
-10.501799583435059
-17.93910026550293
-9.978730201721191
-17.750900268554688
-9.4556303024292
-17.562700271606445
-8.932530403137207
-17.374500274658203
-8.409429550170898
-17.18630027770996
-7.8863301277160645
-16.99810028076172
-7.363230228424072
-16.809900283813477
-6.840129852294922
-16.621700286865234
-6.317019939422607
-16.433500289916992
-5.793920040130615
-16.24530029296875
-5.270820140838623
-16.057100296020508
-4.747719764709473
-15.868900299072266
-4.2246198654174805
-15.680700302124023
-3.7015199661254883
-15.492500305175781
-3.178420066833496
-15.304300308227539
-2.655319929122925
-15.116100311279297
-2.1322200298309326
-14.927900314331055
-1.6091200113296509
-14.739700317382812
-1.0860199928283691
-14.551600456237793
-0.5629159808158875
-14.36340045928955
-0.03981529921293259
-14.175200462341309
0.48328500986099243
-13.987000465393066
1.0063899755477905
-13.798800468444824
1.5294899940490723
-13.610600471496582
2.0525898933410645
-13.42240047454834
2.5756900310516357
-13.234199523925781
3.098789930343628
-13.045999526977539
3.621890068054199
-12.857799530029297
4.144989967346191
-12.669599533081055
4.668089866638184
-12.481399536132812
5.191189765930176
-12.29319953918457
5.714290142059326
-12.104999542236328
6.237390041351318
-11.916799545288086
6.7604899406433105
-11.728599548339844
7.283599853515625
-11.540399551391602
7.806700229644775
-11.35219955444336
8.32979965209961
-11.163999557495117
8.852899551391602
-10.975799560546875
9.37600040435791
-10.787599563598633
9.899100303649902
-10.59939956665039
10.422200202941895
-10.411199569702148
10.945300102233887
-10.222999572753906
11.468400001525879
-10.034799575805664
11.991499900817871
-9.846630096435547
12.514599800109863
-9.658430099487305
13.037699699401855
-9.470239639282227
13.560799598693848
-9.282039642333984
14.083900451660156
-9.129300117492676
14.512999534606934
