-19.595300674438477
-8.430410385131836
-19.040000915527344
-8.355890274047852
-18.484699249267578
-8.281359672546387
-17.929399490356445
-8.206839561462402
-17.374099731445312
-8.132320404052734
-16.81879997253418
-8.05778980255127
-16.263500213623047
-7.983270168304443
-15.708200454711914
-7.908750057220459
-15.152899742126465
-7.834219932556152
-14.597599983215332
-7.759699821472168
-14.501999855041504
-7.747489929199219
-13.944100379943848
-7.696760177612305
-13.386300086975098
-7.646039962768555
-12.828499794006348
-7.595320224761963
-12.270600318908691
-7.544600009918213
-11.712800025939941
-7.493869781494141
-11.154899597167969
-7.443150043487549
-10.597100257873535
-7.392429828643799
-10.039299964904785
-7.341710090637207
-9.481430053710938
-7.290989875793457
-8.923589706420898
-7.240260124206543
-8.365750312805176
-7.189539909362793
-7.807909965515137
-7.138820171356201
-7.250070095062256
-7.088099956512451
-6.692240238189697
-7.037370204925537
-6.134399890899658
-6.986649990081787
-5.576560020446777
-6.935929775238037
-5.0187201499938965
-6.885210037231445
-4.460879802703857
-6.834479808807373
-3.9030399322509766
-6.783760070800781
-3.3452000617980957
-6.733039855957031
-2.7873599529266357
-6.6823201179504395
-2.229520082473755
-6.631589889526367
-1.6716899871826172
-6.580870151519775
-1.1138499975204468
-6.530149936676025
-0.556007981300354
-6.479430198669434
0.0018309099832549691
-6.428699970245361
0.5596699714660645
-6.3779802322387695
1.1175099611282349
-6.3272600173950195
1.6753499507904053
-6.2765398025512695
2.2331900596618652
-6.2258100509643555
2.791029930114746
-6.1750898361206055
3.348860025405884
-6.124370098114014
3.9066998958587646
-6.073649883270264
4.464540004730225
-6.02292013168335
5.0223798751831055
-5.9721999168396
5.5802202224731445
-5.921480178833008
6.138060092926025
-5.870759963989258
6.695899963378906
-5.820030212402344
7.253739833831787
-5.769309997558594
7.811570167541504
-5.718589782714844
8.369409561157227
-5.667870044708252
8.927249908447266
-5.61713981628418
9.485090255737305
-5.566420078277588
10.042900085449219
-5.515699863433838
10.600799560546875
-5.464980125427246
11.158599853515625
-5.414259910583496
11.716400146484375
-5.363530158996582
12.274299621582031
-5.312809944152832
12.832099914550781
-5.26209020614624
13.390000343322754
-5.21136999130249
13.947799682617188
-5.160639762878418
14.505599975585938
-5.109920024871826
15.06350040435791
-5.059199810028076
15.621299743652344
-5.008480072021484
