-5.1457200050354
-15.93850040435791
-4.782899856567383
-15.50529956817627
-4.420080184936523
-15.072099685668945
-4.057260036468506
-14.638899803161621
-3.6944398880004883
-14.205699920654297
-3.33161997795105
-13.772600173950195
-2.9688000679016113
-13.339400291442871
-2.605989933013916
-12.906200408935547
-2.2431700229644775
-12.472999572753906
-1.8803499937057495
-12.039799690246582
-1.5175299644470215
-11.606599807739258
-1.154710054397583
-11.173500061035156
-0.7918879985809326
-10.740300178527832
-0.429067999124527
-10.307100296020508
-0.06624840199947357
-9.873909950256348
0.2965709865093231
-9.440730094909668
0.6593909859657288
-9.007550239562988
1.0222100019454956
-8.574359893798828
1.3850300312042236
-8.141180038452148
1.747849941253662
-7.708000183105469
2.1106700897216797
-7.274819850921631
2.473489999771118
-6.841629981994629
2.8363099098205566
-6.408450126647949
3.199130058288574
-5.975269794464111
3.5619499683380127
-5.542089939117432
3.9247701168060303
-5.10890007019043
4.287590026855469
-4.67572021484375
4.650410175323486
-4.242539882659912
5.013229846954346
-3.8093600273132324
5.376049995422363
-3.3761699199676514
5.738860130310059
-2.9429900646209717
6.101679801940918
-2.509809970855713
6.4644999504089355
-2.076630115509033
6.827320098876953
-1.6434400081634521
7.1901397705078125
-1.210260033607483
7.55295991897583
-0.7770779728889465
7.915780067443848
-0.34389498829841614
8.278599739074707
0.08928710222244263
8.641420364379883
0.5224699974060059
9.004240036010742
0.9556519985198975
9.367059707641602
1.3888299465179443
9.729880332946777
1.8220200538635254
10.092700004577637
2.255199909210205
10.455499649047852
2.688380002975464
10.818300247192383
3.1215600967407227
11.18120002746582
3.5547499656677246
11.543999671936035
3.9879300594329834
