5.602560043334961
16.186399459838867
5.051400184631348
16.096799850463867
4.500239849090576
16.007200241088867
3.949079990386963
15.91759967803955
3.3979198932647705
15.827899932861328
2.8467600345611572
15.738300323486328
2.295599937438965
15.648699760437012
1.744439959526062
15.559000015258789
1.1932799816131592
15.469400405883789
0.6421250104904175
15.379799842834473
0.09096550196409225
15.29010009765625
-0.4601939916610718
15.200499534606934
-1.0113500356674194
15.110899925231934
-1.5625100135803223
15.021300315856934
-2.1136701107025146
14.931599617004395
-2.664829969406128
14.842000007629395
-3.2159900665283203
14.752400398254395
-3.7671499252319336
14.662699699401855
-4.318309783935547
14.573100090026855
-4.869470119476318
14.483499526977539
-5.420629978179932
14.393899917602539
