3.299030065536499
-11.226200103759766
3.358069896697998
-10.668800354003906
3.417109966278076
-10.11139965057373
3.4761500358581543
-9.554030418395996
3.5351901054382324
-8.99662971496582
3.5942299365997314
-8.439240455627441
3.6532700061798096
-7.881840229034424
3.7123100757598877
-7.324440002441406
3.7713499069213867
-6.767049789428711
3.830389976501465
-6.209650039672852
3.8894400596618652
-5.652259826660156
3.9484798908233643
-5.094860076904297
4.0075201988220215
-4.537469863891602
4.066559791564941
-3.980070114135742
4.1255998611450195
-3.422679901123047
4.184639930725098
-2.8652799129486084
4.243680000305176
-2.30787992477417
4.302720069885254
-1.7504899501800537
4.361760139465332
-1.1930899620056152
4.42080020904541
-0.6356970071792603
4.47983980178833
-0.07830139994621277
4.538879871368408
0.479093998670578
4.597919940948486
1.0364899635314941
4.6569600105285645
1.5938899517059326
4.716000080108643
2.151279926300049
4.775050163269043
2.7086799144744873
4.834090232849121
3.2660698890686035
4.893129825592041
3.823470115661621
4.952169895172119
4.380859851837158
5.011209964752197
4.938260078430176
5.070250034332275
5.495649814605713
5.1292901039123535
6.0530500411987305
5.188330173492432
6.61044979095459
5.247369766235352
7.167840003967285
5.30640983581543
7.725240230560303
5.365449905395508
8.28262996673584
5.424489974975586
8.8400297164917
5.483530044555664
9.397419929504395
5.542570114135742
9.954819679260254
5.601620197296143
10.512200355529785
