-16.774799346923828
9.417369842529297
-16.518800735473633
9.258210182189941
-16.262800216674805
9.09904956817627
-15.814599990844727
8.777580261230469
-15.366399765014648
8.456110000610352
-14.918299674987793
8.134639739990234
-14.470100402832031
7.813169956207275
-14.022000312805176
7.491700172424316
-13.573800086975098
7.170229911804199
-13.12559986114502
6.8487701416015625
-12.677499771118164
6.527299880981445
-12.229299545288086
6.205830097198486
-11.781100273132324
5.884359836578369
-11.333000183105469
5.56289005279541
-10.88479995727539
5.241419792175293
-10.436699867248535
4.919960021972656
-9.988490104675293
4.598490238189697
-9.540329933166504
4.27701997756958
-9.092169761657715
3.955549955368042
-8.644000053405762
3.634079933166504
-8.195839881896973
3.312609910964966
-7.747680187225342
2.9911398887634277
-7.299520015716553
2.669680118560791
-6.851349830627441
2.348210096359253
-6.4031901359558105
2.026740074157715
-5.9550299644470215
1.7052700519561768
-5.506869792938232
1.3838000297546387
-5.058700084686279
1.0623300075531006
-4.61053991317749
0.7408639788627625
-4.162380218505859
0.4193960130214691
-3.714210033416748
0.09792719781398773
-3.266050100326538
-0.2235410064458847
-2.817889928817749
-0.545009970664978
-2.369729995727539
-0.8664780259132385
-1.9215600490570068
-1.1879500150680542
-1.4733999967575073
-1.5094200372695923
-1.0203700065612793
-1.8354899883270264
-0.5673369765281677
-2.16156005859375
-0.11430499702692032
-2.4876298904418945
0.3387269973754883
-2.813699960708618
0.7917590141296387
-3.139770030975342
1.244789958000183
-3.4658401012420654
1.6978199481964111
-3.79190993309021
2.1508500576019287
-4.117980003356934
2.6038899421691895
-4.444049835205078
3.056920051574707
-4.770120143890381
3.5099499225616455
-5.096199989318848
3.962980031967163
-5.422269821166992
4.416009902954102
-5.748340129852295
4.869050025939941
-6.0744099617004395
5.322080135345459
-6.400479793548584
5.775109767913818
-6.726550102233887
6.228139877319336
-7.052619934082031
6.6811699867248535
-7.378689765930176
7.134200096130371
-7.7047600746154785
7.587240219116211
-8.030830383300781
8.04026985168457
-8.356900215148926
8.493300437927246
-8.682979583740234
8.946330070495605
-9.009050369262695
9.399359703063965
-9.33512020111084
9.852399826049805
-9.661190032958984
10.305399894714355
-9.987259864807129
10.758500099182129
-10.313300132751465
11.21150016784668
-10.639399528503418
11.66450023651123
-10.965499877929688
12.117600440979004
-11.291500091552734
12.570599555969238
-11.617600440979004
13.023599624633789
-11.943699836730957
13.476699829101562
-12.269800186157227
13.929699897766113
-12.595800399780273
14.382699966430664
-12.921899795532227
14.835700035095215
-13.248000144958496
15.288800239562988
-13.574000358581543
15.741800308227539
-13.900099754333496
16.194799423217773
-14.226200103759766
16.647899627685547
-14.552300453186035
17.100900650024414
-14.878299713134766
17.55389976501465
-15.204400062561035
18.006999969482422
-15.530500411987305
18.459999084472656
-15.856499671936035
