5.262879848480225
-6.167230129241943
5.535069942474365
-5.674170017242432
5.807260036468506
-5.181119918823242
6.0794501304626465
-4.6880598068237305
6.351650238037109
-4.195010185241699
6.623839855194092
-3.7019500732421875
6.896029949188232
-3.208889961242676
7.168220043182373
-2.7158401012420654
7.440410137176514
-2.2227799892425537
7.712600231170654
-1.7297199964523315
7.984789848327637
-1.2366700172424316
8.256979942321777
-0.7436090111732483
8.529170036315918
-0.2505530118942261
8.801360130310059
0.24250400066375732
9.0735502243042
0.7355599999427795
9.34574031829834
1.2286200523376465
9.61793041229248
1.7216700315475464
9.890119552612305
2.2147300243377686
10.162300109863281
2.707789897918701
10.434499740600586
3.2008399963378906
10.706700325012207
3.6939001083374023
10.978899955749512
4.186960220336914
11.251099586486816
4.680009841918945
11.523300170898438
5.173069953918457
11.795499801635742
5.666130065917969
12.067700386047363
6.159180164337158
12.339799880981445
6.652239799499512
12.612000465393066
7.145299911499023
12.884200096130371
7.638350009918213
13.156399726867676
8.131409645080566
13.428600311279297
8.624469757080078
13.700799942016602
9.117520332336426
13.972999572753906
9.610580444335938
14.245200157165527
10.103599548339844
14.517399787902832
10.596699714660645
