-16.599899291992188
14.953499794006348
-16.68269920349121
14.397899627685547
-16.765600204467773
13.84220027923584
-16.848499298095703
13.286600112915039
-16.931400299072266
12.730899810791016
-17.01420021057129
12.175200462341309
-17.09709930419922
11.619600296020508
-17.18000030517578
11.063899993896484
-17.26289939880371
10.508299827575684
-17.345699310302734
9.95263957977295
-17.428600311279297
9.396989822387695
-17.511499404907227
8.841340065002441
-17.59440040588379
8.285679817199707
-17.677200317382812
7.730030059814453
-17.760099411010742
7.174379825592041
-17.843000411987305
6.618730068206787
-17.925899505615234
6.063079833984375
-18.008699417114258
5.507420063018799
-18.09160041809082
4.951769828796387
-18.17449951171875
4.396120071411133
-18.257400512695312
3.8404700756073
-18.340200424194336
3.2848100662231445
-18.423099517822266
2.7291600704193115
-18.506000518798828
2.1735100746154785
-18.588899612426758
1.617859959602356
-18.67169952392578
1.062209963798523
-18.754600524902344
0.5065540075302124
-18.837499618530273
-0.04909849911928177
-18.920400619506836
-0.6047509908676147
-19.00320053100586
-1.1604000329971313
-19.08609962463379
-1.7160600423812866
-19.16900062561035
-2.27170991897583
-19.25189971923828
-2.827359914779663
-19.334699630737305
-3.383009910583496
-19.417600631713867
-3.938659906387329
-19.500499725341797
-4.494319915771484
-19.58329963684082
-5.0499701499938965
-19.666200637817383
-5.60561990737915
-19.749099731445312
-6.1612701416015625
