-9.30933952331543
15.015199661254883
-8.985130310058594
14.555399894714355
-8.660929679870605
14.09570026397705
-8.33672046661377
13.635899543762207
-8.012510299682617
13.176199913024902
-7.688300132751465
12.716400146484375
-7.3640899658203125
12.256600379943848
-7.03987979888916
11.796899795532227
-6.715670108795166
11.3371000289917
-6.391459941864014
10.877400398254395
-6.067249774932861
10.41759967803955
-5.743040084838867
9.957830429077148
-5.418829917907715
9.498069763183594
-5.094620227813721
9.038310050964355
-4.770410060882568
8.578550338745117
-4.446199893951416
8.118789672851562
-4.121990203857422
7.659029960632324
-3.7977800369262695
7.199269771575928
-3.4735701084136963
6.7395100593566895
-3.149359941482544
6.279759883880615
-2.8251500129699707
5.820000171661377
-2.5009400844573975
5.3602399826049805
-2.176729917526245
4.900479793548584
-1.8525199890136719
4.440720081329346
-1.528309941291809
3.980959892272949
-1.2041000127792358
3.521199941635132
-0.8798949718475342
3.0614399909973145
-0.5556849837303162
2.601680040359497
-0.23147599399089813
2.1419200897216797
0.09273389726877213
1.6821600198745728
0.4169430136680603
1.2223999500274658
0.7411530017852783
0.7626379728317261
1.0653599500656128
0.3028779923915863
1.3895699977874756
-0.15688100457191467
1.7137800455093384
-0.6166409850120544
2.037990093231201
-1.0764000415802002
2.3622000217437744
-1.5361599922180176
2.6864099502563477
-1.995919942855835
3.0106201171875
-2.4556798934936523
3.3348300457000732
-2.915440082550049
3.6590399742126465
-3.375200033187866
3.9832499027252197
-3.8349599838256836
4.307459831237793
-4.29472017288208
4.631669998168945
-4.754479885101318
4.955880165100098
-5.214240074157715
5.280089855194092
-5.673999786376953
5.604300022125244
-6.13375997543335
5.9285101890563965
-6.593520164489746
6.252719879150391
-7.053279876708984
6.576930046081543
-7.513040065765381
6.901140213012695
-7.972799777984619
7.225339889526367
-8.432559967041016
7.5495500564575195
-8.892319679260254
7.873760223388672
-9.352080345153809
8.197970390319824
-9.811840057373047
8.52217960357666
-10.271599769592285
8.846389770507812
-10.731399536132812
9.170599937438965
-11.191100120544434
9.494810104370117
-11.650899887084961
9.81902027130127
-12.110600471496582
10.143199920654297
-12.57040023803711
10.467399597167969
-13.030200004577637
10.79170036315918
-13.489899635314941
11.115900039672852
-13.949700355529785
11.440099716186523
-14.40939998626709
11.764300346374512
-14.869199752807617
12.088500022888184
-15.329000473022461
12.412699699401855
-15.788700103759766
