6.359940052032471
7.003459930419922
6.5425801277160645
6.497819900512695
6.725220203399658
5.9921698570251465
6.9078497886657715
5.48652982711792
7.090489864349365
4.980889797210693
7.273129940032959
4.475240230560303
7.455770015716553
3.969599962234497
7.6384100914001465
3.4639599323272705
7.821040153503418
2.9583098888397217
8.003680229187012
2.452670097351074
8.186320304870605
1.947029948234558
8.3689603805542
1.4413800239562988
8.551589965820312
0.9357389807701111
8.734230041503906
0.43009600043296814
8.9168701171875
-0.07554759830236435
9.099510192871094
-0.5811910033226013
9.282139778137207
-1.0868300199508667
