6.738979816436768
-6.460360050201416
7.204989910125732
-6.196000099182129
7.670989990234375
-5.9316301345825195
8.13700008392334
-5.667270183563232
8.603010177612305
-5.402900218963623
9.06902027130127
-5.138539791107178
9.535019874572754
-4.874169826507568
10.00100040435791
-4.609809875488281
10.467000007629395
-4.345439910888672
10.932999610900879
-4.081079959869385
11.399100303649902
-3.8167099952697754
11.865099906921387
-3.5523500442504883
12.331100463867188
-3.287980079650879
12.797100067138672
-3.0236198902130127
