-4.253300189971924
9.414839744567871
-3.7759199142456055
9.13191032409668
-3.2985401153564453
8.848990440368652
-2.8211700916290283
8.566069602966309
-2.343790054321289
8.283149719238281
-1.866420030593872
8.00022029876709
-1.3890399932861328
7.717299938201904
-0.9116629958152771
7.434380054473877
-0.4342859983444214
7.151450157165527
0.0430901013314724
6.868529796600342
0.5204660296440125
6.5856099128723145
0.9978430271148682
6.302690029144287
1.475219964981079
6.0197601318359375
1.9526000022888184
5.736839771270752
2.4299700260162354
5.453919887542725
2.9073500633239746
5.170989990234375
3.384730100631714
4.888070106506348
3.8620998859405518
4.60515022277832
4.339479923248291
4.322229862213135
4.816850185394287
4.039299964904785
5.294229984283447
3.756380081176758
5.771609783172607
3.4734599590301514
6.2489800453186035
3.1905300617218018
6.726359844207764
2.9076099395751953
7.203740119934082
2.624690055847168
7.68110990524292
2.3417699337005615
8.158490180969238
2.058840036392212
8.635869979858398
1.775920033454895
9.113240242004395
1.4930000305175781
9.590620040893555
1.210070013999939
10.067999839782715
0.9271510243415833
10.54539966583252
0.6442279815673828
11.022700309753418
0.36130499839782715
11.500100135803223
0.07838209718465805
11.977499961853027
-0.20454099774360657
12.454899787902832
-0.4874640107154846
12.932299613952637
-0.7703869938850403
13.409600257873535
-1.0533100366592407
13.88700008392334
-1.3362300395965576
14.364399909973145
-1.6191600561141968
14.84179973602295
-1.9020800590515137
15.319100379943848
-2.184999942779541
15.796500205993652
-2.4679200649261475
16.27389907836914
-2.750849962234497
16.751300811767578
-3.0337700843811035
