-3.0269598960876465
8.354660034179688
-2.542370080947876
8.613249778747559
-2.057770013809204
8.871829986572266
-1.5731799602508545
9.130419731140137
-1.0885900259017944
9.388999938964844
-0.6039909720420837
9.647589683532715
-0.11939699947834015
9.906169891357422
0.36519700288772583
10.164799690246582
0.8497920036315918
10.423299789428711
1.3343900442123413
10.681900024414062
1.8189799785614014
10.940500259399414
2.303570032119751
11.19909954071045
2.788170099258423
11.4576997756958
3.2727599143981934
11.716300010681152
3.7573599815368652
11.974900245666504
4.241950035095215
12.233400344848633
4.726550102233887
12.491999626159668
5.211140155792236
12.75059986114502
5.695730209350586
13.009200096130371
6.1803297996521
13.267800331115723
6.664919853210449
13.526399612426758
7.149519920349121
13.78499984741211
7.634109973907471
14.043499946594238
8.118709564208984
14.30210018157959
8.603300094604492
14.560700416564941
9.087889671325684
14.819299697875977
9.572489738464355
15.077899932861328
10.057100296020508
15.33650016784668
10.54170036315918
15.595000267028809
11.026300430297852
15.853599548339844
11.510899543762207
16.112199783325195
11.995499610900879
16.370800018310547
12.48009967803955
16.6294002532959
12.964599609375
16.88800048828125
