13.240300178527832
4.867199897766113
12.778400421142578
5.177229881286621
12.316499710083008
5.487249851226807
11.854599952697754
5.7972798347473145
11.3927001953125
6.107309818267822
10.930800437927246
6.417329788208008
10.468999862670898
6.727359771728516
10.007100105285645
7.037390232086182
9.54518985748291
7.347410202026367
9.08329963684082
7.657440185546875
8.621419906616211
7.967470169067383
8.159529685974121
8.27750015258789
7.697649955749512
8.587519645690918
7.235770225524902
8.897549629211426
6.7738800048828125
9.207579612731934
6.311999797821045
9.517600059509277
5.850110054016113
9.827630043029785
5.388229846954346
10.137700080871582
4.926340103149414
10.447699546813965
4.4644598960876465
10.757699966430664
4.002580165863037
11.067700386047363
3.5406899452209473
11.377799987792969
3.078809976577759
11.687800407409668
2.616919994354248
11.99779987335205
2.1550400257110596
12.30780029296875
1.693160057067871
12.617899894714355
1.2312699556350708
12.927900314331055
0.7693870067596436
13.237899780273438
0.30750301480293274
13.54800033569336
-0.15438200533390045
13.857999801635742
-0.6162660121917725
14.168000221252441
-1.0781500339508057
14.477999687194824
-1.5400300025939941
14.788100242614746
-2.001919984817505
15.098099708557129
-2.4637999534606934
15.408100128173828
-2.925689935684204
15.718099594116211
-3.3875699043273926
16.028200149536133
-3.8494598865509033
16.338199615478516
-4.311339855194092
16.6481990814209
