-19.45009994506836
-15.40410041809082
-19.148000717163086
-14.9266996383667
-18.84589958190918
-14.449299812316895
-18.543800354003906
-13.97189998626709
-18.24169921875
-13.494600296020508
-17.939599990844727
-13.017200469970703
-17.637500762939453
-12.539799690246582
-17.335399627685547
-12.062399864196777
-17.033300399780273
-11.585000038146973
-16.731199264526367
-11.107600212097168
-16.429100036621094
-10.630200386047363
-16.12700080871582
-10.152799606323242
-15.824899673461914
-9.675370216369629
-15.52280044555664
-9.197979927062988
-15.220600128173828
-8.720580101013184
-14.918499946594238
-8.243180274963379
-14.616399765014648
-7.765779972076416
-14.314299583435059
-7.288390159606934
-14.012200355529785
-6.810989856719971
-13.710100173950195
-6.333590030670166
-13.407999992370605
-5.856190204620361
-13.105899810791016
-5.378799915313721
-12.803799629211426
-4.901400089263916
-12.501700401306152
-4.423999786376953
-12.199600219726562
-3.9465999603271484
-11.897500038146973
-3.469209909439087
-11.595399856567383
-2.9918100833892822
-11.293299674987793
-2.5144100189208984
-10.99120044708252
-2.0370099544525146
-10.68910026550293
-1.5596200227737427
-10.38700008392334
-1.0822199583053589
-10.084799766540527
-0.6048210263252258
-9.782739639282227
-0.1274230033159256
-9.480640411376953
0.34997400641441345
-9.178529739379883
0.8273720145225525
-8.876420021057129
1.3047699928283691
-8.574319839477539
1.782170057296753
-8.272210121154785
2.2595601081848145
-7.970109939575195
2.736959934234619
-7.668000221252441
3.214359998703003
-7.365890026092529
3.6917600631713867
-7.0637898445129395
4.169149875640869
-6.7616801261901855
4.646550178527832
-6.468520164489746
5.106750011444092
-6.175350189208984
5.566939830780029
-5.882180213928223
6.027140140533447
-5.589009761810303
6.487339973449707
-5.295849800109863
6.9475297927856445
-5.002679824829102
7.4077301025390625
-4.70950984954834
7.867919921875
-4.4163498878479
8.328120231628418
-4.123179912567139
8.78831958770752
-3.830009937286377
9.248510360717773
-3.5368399620056152
9.708709716796875
-3.243680000305176
10.168899536132812
