-0.29799699783325195
-7.202730178833008
-0.1714089959859848
-6.662469863891602
-0.04482100158929825
-6.1222100257873535
0.08176679909229279
-5.5819501876831055
0.20835499465465546
-5.0416998863220215
0.3349420130252838
-4.501440048217773
0.46152999997138977
-3.9611799716949463
0.5881180167198181
-3.420919895172119
0.7147060036659241
-2.880660057067871
0.8412929773330688
-2.340399980545044
0.8282859921455383
-1.8169399499893188
0.8152790069580078
-1.293470025062561
0.8022720217704773
-0.7700049877166748
0.789264976978302
-0.24653799831867218
0.7762579917907715
0.27692899107933044
0.763251006603241
0.8003950119018555
0.8088600039482117
1.3594499826431274
0.8544690012931824
1.9184999465942383
0.9000779986381531
2.4775500297546387
0.945688009262085
3.0366098880767822
0.9912970066070557
3.5956599712371826
1.036910057067871
4.154709815979004
1.0825200080871582
4.713759899139404
1.128119945526123
5.272819995880127
1.1737300157546997
5.831870079040527
1.2193399667739868
6.390920162200928
1.2649500370025635
6.949979782104492
1.3105599880218506
7.509029865264893
1.3561700582504272
8.068079948425293
1.4017800092697144
8.627129554748535
1.4473899602890015
9.186189651489258
1.4930000305175781
9.745240211486816
1.5386099815368652
10.304300308227539
1.584220051765442
10.863300323486328
1.629830002784729
11.42240047454834
1.6754399538040161
11.981499671936035
1.7210500240325928
12.540499687194824
1.7666499614715576
13.099599838256836
1.8122600317001343
13.658599853515625
1.8578699827194214
14.217700004577637
1.903480052947998
14.776700019836426
1.9490900039672852
15.335800170898438
