-18.005800247192383
-19.409500122070312
-17.67639923095703
-18.95599937438965
-17.346900939941406
-18.502500534057617
-17.017499923706055
-18.048999786376953
-16.688100814819336
-17.595500946044922
-16.358600616455078
-17.142000198364258
-16.029199600219727
-16.688499450683594
-15.699700355529785
-16.235000610351562
-15.37030029296875
-15.781499862670898
-15.040900230407715
-15.32800006866455
-14.711400032043457
-14.874500274658203
-14.381999969482422
-14.420999526977539
-14.052499771118164
-13.967499732971191
-13.723099708557129
-13.513999938964844
-13.393699645996094
-13.060500144958496
-13.064200401306152
-12.607000350952148
-12.734800338745117
-12.153499603271484
-12.40530014038086
-11.699999809265137
-12.075900077819824
-11.246500015258789
-11.746399879455566
-10.793000221252441
-11.416999816894531
-10.339500427246094
-11.087599754333496
-9.8860502243042
-10.758099555969238
-9.432550430297852
-10.42870044708252
-8.979060173034668
-10.099200248718262
-8.52556037902832
-9.769789695739746
-8.072059631347656
-9.440349578857422
-7.618569850921631
-9.110910415649414
-7.165070056915283
-8.784870147705078
-6.712039947509766
-8.458829879760742
-6.258999824523926
-8.132800102233887
-5.805970191955566
-7.806759834289551
-5.352940082550049
-7.480720043182373
-4.899899959564209
-7.154679775238037
-4.446869850158691
-6.828639984130859
-3.9938299655914307
-6.502600193023682
-3.540800094604492
-6.176569938659668
-3.0877699851989746
-5.85053014755249
-2.634730100631714
-5.524489879608154
-2.1816999912261963
-5.198450088500977
-1.7286700010299683
-4.872409820556641
-1.275629997253418
-4.546370029449463
-0.8225989937782288
-4.220339775085449
-0.3695650100708008
-3.8942999839782715
0.08346880227327347
-3.5682599544525146
0.5365020036697388
-3.242219924926758
0.9895359873771667
-2.916179895401001
1.4425699710845947
-2.5901401042938232
1.8955999612808228
-2.2641000747680664
2.348639965057373
-1.9380700588226318
2.8016700744628906
-1.612030029296875
3.254699945449829
-1.2859899997711182
3.707740068435669
-0.9599509835243225
4.160769939422607
-0.6339120268821716
4.613810062408447
-0.30787399411201477
5.066840171813965
0.018164699897170067
5.519869804382324
0.34420299530029297
5.972909927368164
0.6702420115470886
6.425940036773682
0.9962800145149231
6.878970146179199
1.3223199844360352
7.332009792327881
1.648360013961792
7.785039901733398
1.9744000434875488
8.238080024719238
2.3004300594329834
8.691109657287598
2.6264700889587402
9.144140243530273
2.952510118484497
9.597180366516113
3.278549909591675
10.050200462341309
3.6045899391174316
10.503199577331543
