14.342599868774414
-7.329710006713867
14.331000328063965
-6.778500080108643
14.3193998336792
-6.227280139923096
14.30780029296875
-5.676070213317871
14.296199798583984
-5.124859809875488
14.284700393676758
-4.573649883270264
14.273099899291992
-4.022429943084717
14.261500358581543
-3.471220016479492
14.249899864196777
-2.9200100898742676
14.238300323486328
-2.368799924850464
14.226799964904785
-1.817579984664917
14.215200424194336
-1.2663700580596924
14.20359992980957
-0.7151600122451782
14.192000389099121
-0.16394799947738647
14.180500030517578
0.3872640132904053
14.168899536132812
0.9384769797325134
14.157299995422363
1.4896899461746216
14.145700454711914
2.0408999919891357
14.134099960327148
2.5921099185943604
14.122599601745605
3.1433300971984863
14.111000061035156
3.694540023803711
14.09939956665039
4.2457499504089355
14.087800025939941
4.79695987701416
14.076199531555176
5.348179817199707
14.06470012664795
5.89939022064209
14.053099632263184
6.4506001472473145
14.041500091552734
7.001810073852539
14.029899597167969
7.553020000457764
14.01830005645752
8.104240417480469
14.006799697875977
8.655449867248535
13.995200157165527
9.206660270690918
13.983599662780762
9.757869720458984
13.972000122070312
10.309100151062012
13.96049976348877
10.860300064086914
13.94890022277832
11.411499977111816
13.937299728393555
11.962699890136719
13.925700187683105
12.513899803161621
