16.521799087524414
3.1700100898742676
16.091299057006836
2.808039903640747
15.660799980163574
2.4460699558258057
15.230299949645996
2.0841000080108643
14.799799919128418
1.7221299409866333
14.369400024414062
1.360159993171692
13.938899993896484
0.9981949925422668
13.508399963378906
0.6362259984016418
13.077899932861328
0.27425599098205566
12.64739990234375
-0.0877138003706932
12.216899871826172
-0.4496830105781555
11.786399841308594
-0.8116530179977417
11.355899810791016
-1.1736199855804443
10.92549991607666
-1.5355900526046753
10.494999885559082
-1.8975600004196167
10.064499855041504
-2.2595300674438477
9.633990287780762
-2.621500015258789
9.203510284423828
-2.9834699630737305
8.773019790649414
-3.345439910888672
8.342530250549316
-3.7074100971221924
7.9120402336120605
-4.069379806518555
7.481560230255127
-4.431350231170654
7.051070213317871
-4.793320178985596
6.620580196380615
-5.155290126800537
6.190100193023682
-5.5172600746154785
5.759610176086426
-5.87923002243042
5.32912015914917
-6.241199970245361
4.898630142211914
-6.603169918060303
4.4681501388549805
-6.965139865875244
4.037660121917725
-7.3271098136901855
3.6071701049804688
-7.689080238342285
3.176680088043213
-8.051050186157227
2.7462000846862793
-8.413020133972168
2.3157100677490234
-8.77499008178711
1.8852200508117676
-9.13696002960205
1.454740047454834
-9.498929977416992
1.0242500305175781
-9.860899925231934
0.5937610268592834
-10.222900390625
0.16327300667762756
-10.584799766540527
-0.26721400022506714
-10.946800231933594
-0.6977009773254395
-11.308799743652344
-1.128190040588379
-11.670700073242188
-1.5586800575256348
-12.032699584960938
-1.9891599416732788
-12.394700050354004
-2.419650077819824
-12.756699562072754
-2.85014009475708
-13.118599891662598
-3.2806200981140137
-13.480600357055664
-3.7111101150512695
-13.842599868774414
-4.141600131988525
-14.204500198364258
-4.572090148925781
-14.566499710083008
-5.002570152282715
-14.928500175476074
-5.433060169219971
-15.290399551391602
-5.863550186157227
-15.652400016784668
-6.294040203094482
-16.014400482177734
-6.724520206451416
-16.376300811767578
