-2.3807098865509033
11.246500015258789
-2.8980600833892822
11.430800437927246
-3.415410041809082
11.615099906921387
-3.932760000228882
11.799500465393066
-4.450109958648682
11.983799934387207
-4.9674601554870605
12.16819953918457
-5.484809875488281
12.352499961853027
-6.00216007232666
12.536800384521484
-6.519509792327881
12.721199989318848
-7.03685998916626
12.905500411987305
-7.554210186004639
13.089900016784668
-8.07155990600586
13.274200439453125
-8.588910102844238
13.458499908447266
-9.106260299682617
13.642900466918945
-9.62360954284668
13.827199935913086
-10.140999794006348
14.011500358581543
-10.658300399780273
14.195899963378906
-11.175700187683105
14.380200386047363
-11.692999839782715
14.564599990844727
-12.210399627685547
14.748900413513184
-12.727700233459473
14.933199882507324
-13.245100021362305
15.117600440979004
-13.762399673461914
15.301899909973145
-14.279800415039062
15.486200332641602
-14.797100067138672
15.670599937438965
-15.314499855041504
15.854900360107422
-15.83180046081543
16.0393009185791
-16.349199295043945
16.223600387573242
-16.866500854492188
16.407899856567383
-17.383899688720703
16.592300415039062
-17.901199340820312
16.776599884033203
-18.41860008239746
16.960899353027344
-18.93589973449707
17.145299911499023
-19.45330047607422
17.329599380493164
