18.378700256347656
10.80739974975586
18.35070037841797
10.253700256347656
18.322799682617188
9.70005989074707
18.2947998046875
9.146389961242676
18.266799926757812
8.592729568481445
18.23889923095703
8.039070129394531
18.210899353027344
7.485400199890137
18.182899475097656
6.931739807128906
18.155000686645508
6.378079891204834
18.12700080871582
5.824419975280762
18.09910011291504
5.270750045776367
18.07110023498535
4.717090129852295
18.043100357055664
4.163430213928223
18.015199661254883
3.609760046005249
17.987199783325195
3.0560998916625977
17.959199905395508
2.5024399757385254
17.931299209594727
1.9487700462341309
17.90329933166504
1.395110011100769
17.87540054321289
0.8414480090141296
17.847400665283203
0.28778499364852905
17.819400787353516
-0.26587799191474915
17.791500091552734
-0.8195409774780273
17.763500213623047
-1.3732000589370728
17.73550033569336
-1.9268699884414673
17.707599639892578
-2.480530023574829
17.67959976196289
-3.0341899394989014
17.65169906616211
-3.587860107421875
17.623699188232422
-4.141520023345947
17.595699310302734
-4.6951799392700195
17.567800521850586
-5.248839855194092
17.5398006439209
-5.802509784698486
17.51180076599121
-6.356170177459717
