18.194599151611328
-4.6910400390625
18.276500701904297
-5.228280067443848
18.35849952697754
-5.765530109405518
18.440399169921875
-6.302770137786865
18.52239990234375
-6.840020179748535
18.604299545288086
-7.377260208129883
18.68630027770996
-7.9145002365112305
18.768199920654297
-8.451749801635742
18.850200653076172
-8.98898983001709
18.932100296020508
-9.526240348815918
19.013999938964844
-10.06350040435791
19.09600067138672
-10.600700378417969
19.177900314331055
-11.137999534606934
19.259899139404297
-11.675200462341309
19.341800689697266
-12.212499618530273
19.423799514770508
-12.749699592590332
19.505699157714844
-13.28689956665039
19.58769989013672
-13.824199676513672
19.669599533081055
-14.36139965057373
19.75160026550293
-14.898699760437012
19.833499908447266
-15.43589973449707
19.91550064086914
-15.973199844360352
