3.958199977874756
-0.028877299278974533
4.51446008682251
-0.03791499882936478
5.070730209350586
-0.04695269837975502
5.626989841461182
-0.05599049851298332
6.1832499504089355
-0.06502819806337357
6.739520072937012
-0.07406590133905411
7.295780181884766
-0.08310370147228241
7.852049827575684
-0.09214139729738235
8.408309936523438
-0.10117900371551514
8.964579582214355
-0.11021699756383896
9.52083969116211
-0.11925499886274338
10.077099800109863
-0.1282919943332672
10.633399963378906
-0.13732999563217163
11.189599990844727
-0.14636799693107605
11.74590015411377
-0.15540599822998047
12.302200317382812
-0.1644430011510849
12.858400344848633
-0.17348100244998932
13.41469955444336
-0.18251900374889374
13.970999717712402
-0.19155600666999817
14.527199745178223
-0.2005939930677414
15.083499908447266
-0.2096319943666458
15.639800071716309
-0.21866999566555023
16.195999145507812
-0.22770699858665466
16.752300262451172
-0.23674499988555908
