2.3675999641418457
13.018600463867188
1.9767099618911743
12.613200187683105
1.585819959640503
12.207799911499023
1.1949299573898315
11.802399635314941
0.8040379881858826
11.397000312805176
0.4131470024585724
10.991600036621094
0.022255999967455864
10.586199760437012
-0.36863499879837036
10.180800437927246
-0.7595260143280029
9.775369644165039
-1.1504199504852295
9.369959831237793
-1.5413099527359009
8.964550018310547
-1.9321999549865723
8.559149742126465
-2.323090076446533
8.153739929199219
-2.713979959487915
7.748340129852295
-3.104870080947876
7.342929840087891
-3.49576997756958
6.9375200271606445
-3.886660099029541
6.532120227813721
-4.277550220489502
6.126709938049316
-4.668439865112305
5.721310138702393
-5.059329986572266
5.315899848937988
-5.450220108032227
4.9105000495910645
-5.8411102294921875
4.505090236663818
-6.23199987411499
4.099679946899414
-6.622889995574951
3.694279909133911
-7.013790130615234
3.288870096206665
-7.404679775238037
2.883470058441162
-7.795569896697998
2.478060007095337
-8.1864595413208
2.072659969329834
-8.577349662780762
1.6672500371932983
-8.968239784240723
1.2618399858474731
-9.359129905700684
0.8564379811286926
-9.750020027160645
0.45103201270103455
-10.140899658203125
0.04562610015273094
-10.531800270080566
-0.3597800135612488
-10.922699928283691
-0.7651860117912292
-11.313599586486816
-1.1705900430679321
-11.704500198364258
-1.5759999752044678
-12.095399856567383
-1.9814000129699707
-12.486300468444824
-2.386810064315796
-12.87720012664795
-2.792210102081299
-13.267999649047852
-3.197619915008545
-13.658900260925293
-3.60302996635437
-14.049799919128418
-4.008430004119873
-14.440699577331543
-4.413839817047119
-14.831600189208984
-4.819240093231201
