4.678219795227051
8.740070343017578
4.963009834289551
8.255000114440918
5.247799873352051
7.7699198722839355
5.532589912414551
7.284850120544434
5.817389965057373
6.799769878387451
6.102180004119873
6.314700126647949
6.386970043182373
5.829619884490967
6.671760082244873
5.344550132751465
6.956550121307373
4.859479904174805
7.241340160369873
4.3744001388549805
7.526130199432373
3.8893299102783203
7.810919761657715
3.404249906539917
8.095709800720215
2.919179916381836
8.380499839782715
2.4340999126434326
8.665300369262695
1.9490300416946411
8.950090408325195
1.4639500379562378
9.234880447387695
0.978879988193512
9.519669532775879
0.4938049912452698
9.804459571838379
0.008731040172278881
10.089300155639648
-0.4763430058956146
10.37399959564209
-0.9614179730415344
10.65880012512207
-1.4464900493621826
10.943599700927734
-1.931570053100586
11.228400230407715
-2.416640043258667
11.513199806213379
-2.9017200469970703
11.79800033569336
-3.3867900371551514
12.082799911499023
-3.8718600273132324
12.367600440979004
-4.356939792633057
12.652400016784668
-4.842010021209717
12.937199592590332
-5.327089786529541
13.222000122070312
-5.812160015106201
13.506699562072754
-6.297239780426025
13.791500091552734
-6.7823100090026855
14.076299667358398
-7.26738977432251
14.361100196838379
-7.75246000289917
14.645899772644043
-8.237529754638672
14.930700302124023
-8.722610473632812
15.215499877929688
-9.207679748535156
15.500300407409668
-9.692760467529297
15.785099983215332
-10.177800178527832
16.069900512695312
-10.6628999710083
16.354700088500977
-11.14799976348877
16.639400482177734
-11.633099555969238
16.9242000579834
-12.1181001663208
17.208999633789062
-12.60319995880127
17.493799209594727
-13.088299751281738
17.778600692749023
-13.573399543762207
18.063400268554688
-14.05840015411377
18.34819984436035
-14.543499946594238
18.632999420166016
-15.028599739074707
