-15.32919979095459
-12.160099983215332
-15.316900253295898
-12.124600410461426
-14.829899787902832
-11.85319995880127
-14.343000411987305
-11.58180046081543
-13.855999946594238
-11.310400009155273
-13.369099617004395
-11.038900375366211
-12.882200241088867
-10.767499923706055
-12.3951997756958
-10.496100425720215
-11.908300399780273
-10.224599838256836
-11.421299934387207
-9.95320987701416
-10.934399604797363
-9.681779861450195
-10.447400093078613
-9.41034984588623
-9.960479736328125
-9.138930320739746
-9.473529815673828
-8.867500305175781
-8.986590385437012
-8.596070289611816
-8.499640464782715
-8.324640274047852
-8.012700080871582
-8.053210258483887
-7.525750160217285
-7.781779766082764
-7.038809776306152
-7.510350227355957
-6.5518598556518555
-7.238920211791992
-6.064919948577881
-6.967490196228027
-5.577970027923584
-6.696070194244385
-5.091030120849609
-6.42464017868042
-4.6040802001953125
-6.153210163116455
-4.117129802703857
-5.88178014755249
-3.630189895629883
-5.610350131988525
-3.143239974975586
-5.3389201164245605
-2.6563000679016113
-5.067490100860596
-2.1693499088287354
-4.796060085296631
-1.6824100017547607
-4.524630069732666
-1.1954599618911743
-4.253210067749023
-0.708516001701355
-3.9817800521850586
-0.2215700000524521
-3.7103500366210938
0.2653749883174896
-3.438920021057129
0.7523210048675537
-3.167490005493164
1.2392699718475342
-2.896059989929199
1.7262099981307983
-2.6246299743652344
2.2131600379943848
-2.3531999588012695
2.7000999450683594
-2.0817699432373047
3.1870501041412354
-1.810349941253662
3.67399001121521
-1.5389200448989868
4.160940170288086
-1.267490029335022
4.6478800773620605
-0.996059000492096
