-16.6117000579834
14.190600395202637
-16.071300506591797
14.356100082397461
-15.530900001525879
14.521599769592285
-14.990500450134277
14.687000274658203
-14.45009994506836
14.852499961853027
-13.909700393676758
15.017999649047852
-13.36929988861084
15.183500289916992
-12.829000473022461
15.348999977111816
-12.288599967956543
15.51449966430664
-11.748200416564941
15.679900169372559
-11.207799911499023
15.845399856567383
-10.667400360107422
16.010900497436523
-10.126999855041504
16.17639923095703
-9.586600303649902
16.341899871826172
-9.046210289001465
16.507400512695312
-8.505809783935547
16.672800064086914
-7.965419769287109
16.838300704956055
-7.42503023147583
17.003799438476562
-6.884640216827393
17.169300079345703
-6.344250202178955
17.334800720214844
-5.803850173950195
17.50029945373535
-5.263460159301758
17.665700912475586
-4.72307014465332
17.831199645996094
-4.182680130004883
17.996700286865234
-3.6422901153564453
18.162200927734375
-3.1018900871276855
18.327699661254883
-2.561500072479248
18.493200302124023
-2.0211100578308105
18.658599853515625
-1.480720043182373
18.824100494384766
-0.9403259754180908
18.989599227905273
-0.39993399381637573
19.155099868774414
0.14045900106430054
19.320600509643555
0.6808509826660156
19.486099243164062
1.2212400436401367
19.651500701904297
