-18.26110076904297
8.568869590759277
-17.75659942626953
8.332389831542969
-17.25200080871582
8.09591007232666
-16.747499465942383
7.859429836273193
-16.243000030517578
7.622950077056885
-15.738499641418457
7.386469841003418
-15.23390007019043
7.149990081787109
-14.729399681091309
6.913509845733643
-14.224900245666504
6.677030086517334
-13.720399856567383
6.440549850463867
-13.215800285339355
6.204070091247559
-12.711299896240234
5.967589855194092
-12.20680046081543
5.731110095977783
-11.702300071716309
5.494629859924316
-11.197699546813965
5.258150100708008
-10.69320011138916
5.021669864654541
-10.188699722290039
4.785190105438232
-9.684160232543945
4.548709869384766
-9.179630279541016
4.312230110168457
-8.67510986328125
4.07574987411499
-8.17057991027832
3.8392701148986816
-7.666059970855713
3.602790117263794
-7.161530017852783
3.366309881210327
-6.657010078430176
3.1298298835754395
-6.152480125427246
2.8933498859405518
-5.647960186004639
2.656869888305664
-5.143430233001709
2.4203898906707764
-4.638909816741943
2.1839098930358887
-4.134389877319336
1.9474300146102905
-3.6298599243164062
1.7109500169754028
-3.125339984893799
1.4744700193405151
-2.620810031890869
1.2379900217056274
-2.1162900924682617
1.0015100240707397
-1.6117600202560425
0.7650279998779297
-1.1072399616241455
0.5285469889640808
-0.6027119755744934
0.2920669913291931
-0.09818679839372635
0.055587198585271835
0.40633800625801086
-0.18089300394058228
0.9108629822731018
-0.41737300157546997
1.4153900146484375
-0.6538529992103577
1.919909954071045
-0.8903329968452454
2.4244399070739746
-1.1268099546432495
2.928960084915161
-1.3632899522781372
3.433490037918091
-1.599769949913025
3.9380099773406982
-1.8362499475479126
4.442540168762207
-2.07273006439209
4.9470601081848145
-2.3092100620269775
5.451590061187744
-2.5456900596618652
5.956110000610352
-2.782170057296753
6.460639953613281
-3.0186500549316406
6.965159893035889
-3.2551300525665283
7.469689846038818
-3.491610050201416
7.974209785461426
-3.7280900478363037
8.478730201721191
-3.9645700454711914
8.983260154724121
-4.2010498046875
9.48777961730957
-4.437530040740967
9.9923095703125
-4.674009799957275
10.496800422668457
-4.910490036010742
11.001399993896484
-5.146969795227051
11.505900382995605
-5.383450031280518
12.01039981842041
-5.619929790496826
12.514900207519531
-5.856420040130615
13.019499778747559
-6.092899799346924
