14.434700012207031
0.6747469902038574
14.08530044555664
0.23207400739192963
13.735899925231934
-0.21060000360012054
13.386500358581543
-0.6532729864120483
13.037099838256836
-1.0959500074386597
12.687700271606445
-1.5386199951171875
12.338299751281738
-1.9812899827957153
11.988900184631348
-2.4239699840545654
11.63949966430664
-2.866640090942383
11.29010009765625
-3.3093199729919434
10.940699577331543
-3.7519900798797607
10.591300010681152
-4.194660186767578
10.241900444030762
-4.637340068817139
9.89253044128418
-5.080009937286377
9.543129920959473
-5.522679805755615
9.193730354309082
-5.965360164642334
8.844329833984375
-6.408030033111572
8.494930267333984
-6.8506999015808105
8.145529747009277
-7.293379783630371
7.796130180358887
-7.736050128936768
7.446730136871338
-8.178730010986328
7.097320079803467
-8.621399879455566
6.747920036315918
-9.064069747924805
6.398519992828369
-9.506750106811523
6.04911994934082
-9.949419975280762
5.6997199058532715
-10.39210033416748
5.350319862365723
-10.834799766540527
5.000919818878174
-11.277400016784668
4.651519775390625
-11.720100402832031
4.302120208740234
-12.162799835205078
