-0.4945389926433563
-10.390899658203125
-0.953324019908905
-10.067700386047363
-1.4121099710464478
-9.744549751281738
-1.8708900213241577
-9.421369552612305
-2.3296799659729004
-9.098190307617188
-2.7884600162506104
-8.775010108947754
-3.2472500801086426
-8.45182991027832
-3.7060298919677734
-8.128649711608887
-4.164820194244385
-7.805469989776611
-4.623600006103516
-7.4822998046875
-5.082389831542969
-7.159120082855225
-5.541170120239258
-6.835939884185791
-5.999959945678711
-6.512760162353516
-6.458749771118164
-6.189579963684082
-6.917530059814453
-5.866399765014648
-7.376319885253906
-5.543220043182373
-7.835100173950195
-5.2200398445129395
-8.293889999389648
-4.896860122680664
-8.752670288085938
-4.5736799240112305
-9.21146011352539
-4.250510215759277
-9.67024040222168
-3.9273300170898438
-10.128999710083008
-3.6041500568389893
-10.587800025939941
-3.2809700965881348
-11.046600341796875
-2.957789897918701
-11.505399703979492
-2.6346099376678467
-11.964200019836426
-2.311429977416992
-12.42300033569336
-1.9882500171661377
-12.881699562072754
-1.6650700569152832
