-0.12221100181341171
-10.32289981842041
0.16061900556087494
-9.838350296020508
0.4434489905834198
-9.353799819946289
0.7262790203094482
-8.86925983428955
1.0091099739074707
-8.384710311889648
1.2919399738311768
-7.90015983581543
1.5747699737548828
-7.415619850158691
1.8575999736785889
-6.931069850921631
2.140429973602295
-6.44651985168457
2.423259973526001
-5.961979866027832
2.706089973449707
-5.4774298667907715
2.988919973373413
-4.992879867553711
3.271749973297119
-4.508339881896973
3.554579973220825
-4.023789882659912
3.8374099731445312
-3.5392398834228516
4.120240211486816
-3.0546998977661133
4.403069972991943
-2.5701498985290527
4.6859002113342285
-2.085599899291992
4.9687299728393555
-1.6010600328445435
5.251560211181641
-1.116510033607483
5.534389972686768
-0.6319620013237
