6.804319858551025
-10.97599983215332
7.046020030975342
-10.473999977111816
7.287720203399658
-9.971920013427734
7.529419898986816
-9.469880104064941
7.771130084991455
-8.967829704284668
8.012829780578613
-8.465789794921875
8.25452995300293
-7.963749885559082
8.496230125427246
-7.461699962615967
8.737930297851562
-6.959660053253174
8.979640007019043
-6.457610130310059
9.22134017944336
-5.955570220947266
9.463040351867676
-5.453519821166992
9.704739570617676
-4.951479911804199
9.946439743041992
-4.449429988861084
10.18809986114502
-3.947390079498291
10.429800033569336
-3.4453399181365967
10.671600341796875
-2.9433000087738037
10.913299560546875
-2.4412500858306885
11.154999732971191
-1.939210057258606
11.396699905395508
-1.4371600151062012
11.638400077819824
-0.9351170063018799
11.88010025024414
-0.4330720007419586
12.121800422668457
0.0689724013209343
12.363499641418457
0.5710170269012451
12.605199813842773
1.0730600357055664
12.84689998626709
1.5751099586486816
13.088600158691406
2.0771501064300537
13.330300331115723
2.579200029373169
13.571999549865723
3.081239938735962
13.813699722290039
3.5832901000976562
14.055399894714355
4.085330009460449
14.297100067138672
4.5873799324035645
14.538800239562988
5.089419841766357
14.780500411987305
5.591469764709473
15.022199630737305
6.093510150909424
15.263899803161621
6.595560073852539
15.505599975585938
7.097599983215332
15.747300148010254
7.599649906158447
15.98900032043457
8.101690292358398
16.23069953918457
8.603730201721191
16.472400665283203
9.105779647827148
16.714099884033203
9.607819557189941
16.955799102783203
10.10990047454834
17.197500228881836
10.611900329589844
17.439199447631836
11.11400032043457
17.68090057373047
11.616000175476074
17.92259979248047
12.118000030517578
18.1643009185791
12.620100021362305
18.4060001373291
13.122099876403809
18.6476993560791
13.624199867248535
18.889400482177734
14.126199722290039
19.131099700927734
14.628299713134766
