2.9599199295043945
7.914179801940918
2.4350600242614746
7.757110118865967
1.9101999998092651
7.600039958953857
1.3853399753570557
7.442969799041748
0.8604840040206909
7.285900115966797
0.33562400937080383
7.1288299560546875
-0.18923600018024445
6.971759796142578
-0.7140960097312927
6.814690113067627
-1.2389600276947021
6.657619953155518
-1.7638200521469116
6.500549793243408
-2.288680076599121
6.343480110168457
-2.8135299682617188
6.186409950256348
-3.3383901119232178
6.029339790344238
-3.8632500171661377
5.872270107269287
-4.388110160827637
5.715199947357178
-4.912970066070557
5.558129787445068
-5.437829971313477
5.401060104370117
-5.9626898765563965
5.243989944458008
-6.487549781799316
5.086919784545898
-7.0124101638793945
4.929850101470947
-7.5372700691223145
4.772779941558838
-8.062129974365234
4.615699768066406
-8.586990356445312
4.458630084991455
-9.111849784851074
4.301559925079346
-9.636710166931152
4.144489765167236
-10.161600112915039
3.987420082092285
-10.686400413513184
3.830349922180176
-11.211299896240234
3.6732800006866455
-11.736200332641602
3.5162100791931152
