-18.87619972229004
-1.3327699899673462
-18.734100341796875
-0.8000770211219788
-18.591999053955078
-0.26738300919532776
-18.449899673461914
0.26531100273132324
-18.30780029296875
0.7980049848556519
-18.165700912475586
1.3307000398635864
-18.02359962463379
1.8633899688720703
-17.881399154663086
2.396090030670166
-17.739299774169922
2.9287800788879395
-17.597200393676758
3.461479902267456
-17.45509910583496
3.9941699504852295
-17.312999725341797
4.526860237121582
-17.170900344848633
5.0595598220825195
-17.028799057006836
5.592249870300293
-16.886600494384766
6.124949932098389
-16.74449920654297
6.657639980316162
