-4.629270076751709
17.748199462890625
-4.179120063781738
17.430999755859375
-3.7289600372314453
17.113800048828125
-3.2788000106811523
16.79669952392578
-2.8286399841308594
16.47949981689453
-2.3784799575805664
16.162399291992188
-1.9283299446105957
15.845199584960938
-1.4781700372695923
15.52810001373291
-1.0280100107192993
15.21090030670166
-0.5778530240058899
14.893699645996094
-0.1276949942111969
14.576600074768066
0.3224619925022125
14.259400367736816
0.7726200222969055
13.942299842834473
1.2227799892425537
13.625100135803223
1.6729400157928467
13.307900428771973
2.1230900287628174
12.990799903869629
2.5732500553131104
12.673600196838379
3.0234100818634033
12.356499671936035
3.4735701084136963
12.039299964904785
3.92372989654541
11.722200393676758
4.373879909515381
11.404999732971191
4.824039936065674
11.087800025939941
5.274199962615967
10.770700454711914
5.72435998916626
10.453499794006348
6.174520015716553
10.13640022277832
6.624670028686523
9.819199562072754
7.074830055236816
9.502050399780273
7.524990081787109
9.184889793395996
7.975150108337402
8.867730140686035
8.425299644470215
8.550569534301758
8.875459671020508
8.233409881591797
9.3256196975708
7.916259765625
9.775779724121094
7.599100112915039
10.225899696350098
7.28193998336792
