-15.166999816894531
15.222100257873535
-14.981100082397461
14.725199699401855
-14.79520034790039
14.228300094604492
-14.609299659729004
13.731499671936035
-14.423399925231934
13.234600067138672
-14.237500190734863
12.737799644470215
-14.05150032043457
12.240900039672852
-13.865599632263184
11.744000434875488
-13.679699897766113
11.247200012207031
-13.493800163269043
10.750300407409668
-13.307900428771973
10.253499984741211
-13.121999740600586
9.756609916687012
-12.935999870300293
9.259750366210938
-12.750100135803223
8.762889862060547
