-18.080799102783203
-16.34749984741211
-18.045299530029297
-15.788999557495117
-18.00979995727539
-15.230500221252441
-17.974199295043945
-14.671899795532227
-17.93869972229004
-14.11340045928955
-17.903200149536133
-13.554900169372559
-17.867700576782227
-12.996299743652344
-17.832199096679688
-12.437800407409668
-17.796600341796875
-11.879199981689453
-17.76110076904297
-11.320699691772461
-17.72559928894043
-10.762200355529785
-17.690099716186523
-10.20359992980957
-17.654499053955078
-9.645099639892578
-17.618999481201172
-9.086560249328613
-17.583499908447266
-8.528019905090332
-17.54800033569336
-7.969490051269531
-17.512500762939453
-7.410950183868408
-17.476900100708008
-6.852409839630127
-17.4414005279541
-6.293879985809326
-17.405899047851562
-5.735340118408203
-17.370399475097656
-5.176799774169922
-17.33489990234375
-4.618269920349121
-17.299299240112305
-4.059730052947998
-17.2637996673584
-3.501189947128296
-17.228300094604492
-2.942660093307495
-17.192800521850586
-2.384119987487793
-17.15719985961914
-1.8255800008773804
-17.121700286865234
-1.26705002784729
-17.086200714111328
-0.7085109949111938
-17.05069923400879
-0.1499750018119812
-17.015199661254883
0.4085620045661926
-16.97960090637207
0.9670979976654053
-16.94409942626953
1.525629997253418
-16.908599853515625
2.08417010307312
-16.87310028076172
2.642709970474243
-16.837600708007812
3.201240062713623
-16.802000045776367
3.759779930114746
-16.76650047302246
4.318319797515869
-16.731000900268555
4.876850128173828
-16.695499420166016
5.435389995574951
-16.659900665283203
5.993929862976074
