0.8352199792861938
-16.343399047851562
0.27983999252319336
-16.31410026550293
-0.27553999423980713
-16.284900665283203
-0.8309209942817688
-16.255699157714844
-1.386299967765808
-16.22640037536621
-1.9416799545288086
-16.197200775146484
-2.4970600605010986
-16.16790008544922
-3.0524399280548096
-16.138700485229492
-3.6078200340270996
-16.109500885009766
-4.1631999015808105
-16.0802001953125
-4.7185797691345215
-16.051000595092773
-5.273960113525391
-16.021799087524414
-5.829339981079102
-15.992500305175781
-6.3847198486328125
-15.963299751281738
-6.940100193023682
-15.934000015258789
-7.495480060577393
-15.904800415039062
-8.050860404968262
-15.87559986114502
-8.606249809265137
-15.84630012512207
-9.161629676818848
-15.817099571228027
-9.717009544372559
-15.787799835205078
-10.27239990234375
-15.758600234985352
-10.827799797058105
-15.729399681091309
-11.383099555969238
-15.70009994506836
-11.93850040435791
-15.670900344848633
-12.493900299072266
-15.64169979095459
-13.049300193786621
-15.61240005493164
-13.604700088500977
-15.583200454711914
-14.15999984741211
-15.553899765014648
-14.715399742126465
-15.524700164794922
-15.27079963684082
-15.495499610900879
-15.826199531555176
-15.46619987487793
-16.38159942626953
-15.437000274658203
-16.937000274658203
-15.40779972076416
