8.231800079345703
-6.824440002441406
7.765130043029785
-7.119200229644775
7.298449993133545
-7.413949966430664
6.831779956817627
-7.708710193634033
6.365099906921387
-8.003459930419922
5.8984198570251465
-8.298210144042969
5.4317498207092285
-8.59296989440918
4.965069770812988
-8.887720108032227
4.4984002113342285
-9.182470321655273
4.031720161437988
-9.477230072021484
3.565049886703491
-9.771980285644531
3.09837007522583
-10.066699981689453
2.631700038909912
-10.361499786376953
2.165019989013672
-10.656200408935547
1.698349952697754
-10.951000213623047
1.2316700220108032
-11.245800018310547
0.7649940252304077
-11.540499687194824
0.298319011926651
-11.83530044555664
-0.1683569997549057
-12.130000114440918
-0.6350319981575012
-12.424799919128418
-1.1017099618911743
-12.719499588012695
-1.5683799982070923
-13.014300346374512
-2.035059928894043
-13.309000015258789
-2.501729965209961
-13.603799819946289
-2.968410015106201
-13.898500442504883
-3.435080051422119
-14.193300247192383
-3.9017601013183594
-14.48799991607666
-4.3684401512146
-14.78279972076416
-4.835110187530518
-15.07759952545166
-5.301790237426758
-15.372300148010254
-5.768459796905518
-15.667099952697754
-6.235139846801758
-15.961799621582031
-6.701809883117676
-16.25659942626953
-7.168489933013916
-16.551300048828125
