-17.872499465942383
12.94789981842041
-17.343900680541992
12.767900466918945
-16.81529998779297
12.587800025939941
-16.286699295043945
12.407699584960938
-15.758099555969238
12.22760009765625
-15.229499816894531
12.047499656677246
-14.700900077819824
11.867500305175781
-14.17240047454834
11.687399864196777
-13.643799781799316
11.50730037689209
-13.11520004272461
11.327199935913086
-12.586600303649902
11.147100448608398
-12.057999610900879
10.967100143432617
-11.529399871826172
10.786999702453613
-11.000800132751465
10.606900215148926
-10.472200393676758
10.426799774169922
-9.943659782409668
10.246700286865234
-9.415080070495605
10.066699981689453
-8.886489868164062
9.886590003967285
-8.35789966583252
9.706509590148926
-7.829319953918457
9.526430130004883
-7.300730228424072
9.346349716186523
-6.772150039672852
9.16627025604248
-6.243559837341309
8.986200332641602
-5.714970111846924
8.806119918823242
-5.186389923095703
8.6260404586792
-4.657800197601318
8.44596004486084
-4.129209995269775
8.26587963104248
-3.600630044937134
8.085800170898438
-3.07204008102417
7.905720233917236
-2.543450117111206
7.725639820098877
-2.0148699283599854
7.545569896697998
-1.4862799644470215
7.365489959716797
-0.9576960206031799
7.185410022735596
-0.42910900712013245
7.0053300857543945
0.09947679936885834
6.825250148773193
0.6280630230903625
6.645170211791992
1.1566499471664429
6.465089797973633
1.6852400302886963
6.285009860992432
2.213819980621338
6.1049299240112305
2.7424099445343018
5.924860000610352
3.2709898948669434
5.74478006362915
3.7995800971984863
5.564700126647949
4.328169822692871
5.384620189666748
4.856750011444092
5.204539775848389
5.385340213775635
5.0244598388671875
5.9139299392700195
4.844379901885986
6.44251012802124
4.664299964904785
6.971099853515625
4.484230041503906
7.499690055847168
4.304150104522705
8.02826976776123
4.124070167541504
8.556859970092773
3.9439899921417236
9.085439682006836
3.7639100551605225
9.614029884338379
3.5838301181793213
10.142600059509277
3.403749942779541
10.671199798583984
3.22367000579834
11.199799537658691
3.0435900688171387
11.728400230407715
2.8635199069976807
