-0.45570001006126404
19.540700912475586
-0.9723089933395386
19.393699645996094
-1.488919973373413
19.246700286865234
-2.0055301189422607
19.099700927734375
-2.522130012512207
18.952699661254883
-3.0387399196624756
18.805700302124023
-3.5553500652313232
18.658700942993164
-4.071959972381592
18.511699676513672
-4.5885701179504395
18.364700317382812
-5.105179786682129
18.21769905090332
-5.621789932250977
18.07069969177246
-6.138390064239502
17.9237003326416
-6.65500020980835
17.77669906616211
-7.171609878540039
17.62969970703125
-7.688220024108887
17.48270034790039
-8.204830169677734
17.335800170898438
-8.721440315246582
17.188800811767578
