17.41160011291504
10.779399871826172
16.856700897216797
10.883199691772461
16.301799774169922
10.987099647521973
15.746899604797363
11.090900421142578
15.192000389099121
11.19480037689209
14.637100219726562
11.298600196838379
14.082200050354004
11.40250015258789
13.527400016784668
11.50629997253418
12.97249984741211
11.610099792480469
12.41759967803955
11.71399974822998
11.862700462341309
11.81779956817627
11.30780029296875
11.921699523925781
10.752900123596191
12.025500297546387
10.197999954223633
12.129400253295898
9.643139839172363
12.233200073242188
9.088250160217285
12.3371000289917
8.533370018005371
12.440899848937988
7.978479862213135
12.5447998046875
7.423590183258057
12.648599624633789
6.86870002746582
12.752400398254395
6.313809871673584
12.856300354003906
5.758920192718506
12.960100173950195
5.204040050506592
13.064000129699707
4.6491498947143555
13.167799949645996
4.094260215759277
13.271699905395508
3.539370059967041
13.375499725341797
2.9844799041748047
13.479399681091309
2.4296000003814697
13.583200454711914
1.874709963798523
13.687100410461426
1.3198200464248657
13.790900230407715
0.764930009841919
13.894700050354004
0.21004199981689453
13.998600006103516
-0.3448460102081299
14.102399826049805
-0.8997349739074707
14.206299781799316
-1.4546200037002563
14.310099601745605
-2.009510040283203
14.413999557495117
-2.5643999576568604
14.517800331115723
-3.1192901134490967
14.621700286865234
-3.674180030822754
14.725500106811523
-4.229060173034668
14.829299926757812
-4.783949851989746
14.933199882507324
-5.338840007781982
15.036999702453613
-5.893730163574219
15.140899658203125
-6.448619842529297
15.24470043182373
-7.003509998321533
15.348600387573242
-7.558390140533447
15.452400207519531
-8.113280296325684
15.556300163269043
-8.668169975280762
15.660099983215332
-9.22305965423584
15.763999938964844
-9.777950286865234
15.867799758911133
-10.332799911499023
15.971599578857422
-10.887700080871582
16.07550048828125
-11.44260025024414
16.17930030822754
-11.9975004196167
16.283199310302734
-12.552399635314941
16.386999130249023
-13.1072998046875
16.49090003967285
-13.662199974060059
16.59469985961914
-14.217100143432617
16.69860076904297
-14.771900177001953
16.802400588989258
-15.326800346374512
16.906200408935547
-15.881699562072754
17.010099411010742
-16.436599731445312
17.11389923095703
-16.991500854492188
17.21780014038086
-17.54640007019043
17.32159996032715
-18.101299285888672
17.425500869750977
