9.309849739074707
-13.735600471496582
9.842069625854492
-13.857399940490723
10.374300003051758
-13.97920036315918
10.906499862670898
-14.10099983215332
11.438699722290039
-14.222800254821777
11.97089958190918
-14.344599723815918
12.503100395202637
-14.466400146484375
13.035400390625
-14.588199615478516
13.56760025024414
-14.710000038146973
14.099800109863281
-14.83180046081543
14.631999969482422
-14.95359992980957
15.164199829101562
-15.075400352478027
15.696399688720703
-15.197199821472168
16.228599548339844
-15.319000244140625
16.760900497436523
-15.440799713134766
17.293100357055664
-15.562600135803223
17.825300216674805
-15.684399604797363
18.357500076293945
-15.80620002746582
18.889699935913086
-15.928000450134277
19.421899795532227
-16.04990005493164
