-19.991500854492188
16.51460075378418
-19.513500213623047
16.24920082092285
-19.035499572753906
15.983799934387207
-18.5575008392334
15.718500137329102
-18.079500198364258
15.453100204467773
-17.601499557495117
15.187700271606445
-17.12350082397461
14.922300338745117
-16.64550018310547
14.656900405883789
-16.167499542236328
14.391500473022461
-15.689599990844727
14.126199722290039
-15.211600303649902
13.860799789428711
-14.733599662780762
13.595399856567383
-14.255599975585938
13.329999923706055
-13.777600288391113
13.064599990844727
-13.299599647521973
12.799200057983398
-12.821599960327148
12.53380012512207
-12.343600273132324
12.268500328063965
-11.865599632263184
12.003100395202637
-11.387700080871582
11.737700462341309
-10.909700393676758
11.472299575805664
-10.431699752807617
11.206899642944336
-9.953680038452148
10.941499710083008
-9.475700378417969
10.676199913024902
-8.997710227966309
10.410799980163574
-8.519720077514648
10.145400047302246
-8.041729927062988
9.880009651184082
-7.570260047912598
9.620269775390625
-7.098790168762207
9.360520362854004
-6.627309799194336
9.10077953338623
-6.155839920043945
8.841039657592773
-5.684370040893555
8.581299781799316
-5.212900161743164
8.321550369262695
-4.741429805755615
8.061809539794922
-4.269959926605225
7.802070140838623
