19.816600799560547
-13.812600135803223
19.44849967956543
-13.39680004119873
19.08049964904785
-12.980999946594238
18.712400436401367
-12.565199851989746
18.34440040588379
-12.149399757385254
17.976299285888672
-11.733599662780762
17.608299255371094
-11.31779956817627
17.24020004272461
-10.902000427246094
16.872100830078125
-10.486100196838379
16.504100799560547
-10.070300102233887
16.13599967956543
-9.654509544372559
15.767999649047852
-9.238699913024902
15.399900436401367
-8.822890281677246
15.031900405883789
-8.407079696655273
14.663800239562988
-7.991260051727295
14.29580020904541
-7.5754499435424805
13.92770004272461
-7.159639835357666
13.559700012207031
-6.74383020401001
13.19159984588623
-6.328010082244873
12.823599815368652
-5.912199974060059
12.455499649047852
-5.496389865875244
12.087499618530273
-5.080580234527588
11.719400405883789
-4.664760112762451
11.351400375366211
-4.248950004577637
10.98330020904541
-3.8331398963928223
10.615300178527832
-3.417330026626587
10.247200012207031
-3.00150990486145
9.879179954528809
-2.585700035095215
9.511130332946777
-2.1698899269104004
9.14307975769043
-1.754080057144165
8.775030136108398
-1.3382699489593506
8.40697956085205
-0.922452986240387
8.03892993927002
-0.5066400170326233
7.67087984085083
-0.09082780033349991
7.302830219268799
0.32498499751091003
6.934780120849609
0.7407969832420349
6.56673002243042
1.1566100120544434
6.1986799240112305
1.5724200010299683
5.830629825592041
1.9882299900054932
5.4625701904296875
2.40405011177063
5.094520092010498
2.8198599815368652
4.726469993591309
3.2356700897216797
4.358419895172119
3.651479959487915
3.990370035171509
4.067299842834473
3.6223199367523193
4.483109951019287
3.254270076751709
4.898920059204102
2.8862199783325195
5.314730167388916
2.518170118331909
5.7305498123168945
2.1501200199127197
6.146359920501709
1.7820700407028198
6.562170028686523
1.4140199422836304
6.977980136871338
1.0459599494934082
7.393799781799316
0.677914023399353
7.809609889984131
0.30986300110816956
8.225419998168945
