4.616829872131348
1.5997300148010254
4.481180191040039
1.0805000066757202
4.34552001953125
0.5612580180168152
4.209869861602783
0.04201969876885414
4.074220180511475
-0.47721800208091736
3.938570022583008
-0.9964560270309448
3.802910089492798
-1.5156899690628052
3.667259931564331
-2.0349299907684326
3.5316100120544434
-2.5541698932647705
3.3959600925445557
-3.0734100341796875
3.2602999210357666
-3.5926499366760254
3.124650001525879
-4.111879825592041
2.989000082015991
-4.631120204925537
2.8533499240875244
-5.150360107421875
2.7176899909973145
-5.669600009918213
2.5820400714874268
-6.1888298988342285
2.44638991355896
-6.708069801330566
2.3107399940490723
-7.2273101806640625
2.1750800609588623
-7.7465500831604
