-15.044300079345703
-4.814119815826416
-14.585700035095215
-4.981729984283447
-14.127099990844727
-5.1493401527404785
-13.668399810791016
-5.316949844360352
-13.209799766540527
-5.484560012817383
-12.701600074768066
-5.712979793548584
-12.193499565124512
-5.941410064697266
-11.68529987335205
-6.169829845428467
-11.17710018157959
-6.398260116577148
-10.668899536132812
-6.62667989730835
-10.160699844360352
-6.855110168457031
-9.65254020690918
-7.083529949188232
-9.144359588623047
-7.311960220336914
-8.636170387268066
-7.540380001068115
-8.127989768981934
-7.768809795379639
-7.619800090789795
-7.99724006652832
-7.11161994934082
-8.22566032409668
-6.603439807891846
-8.454090118408203
-6.095250129699707
-8.682510375976562
-5.587069988250732
-8.910940170288086
-5.0788798332214355
-9.139360427856445
-4.570700168609619
-9.367790222167969
-4.062510013580322
-9.596209526062012
-3.5543301105499268
-9.824640274047852
-3.04613995552063
-10.053099632263184
-2.5379600524902344
-10.281499862670898
-2.0297799110412598
-10.509900093078613
-1.521589994430542
-10.738300323486328
-1.013409972190857
-10.96679973602295
-0.5052220225334167
-11.195199966430664
0.0029619999695569277
-11.423600196838379
0.5111460089683533
-11.652000427246094
1.0193300247192383
-11.880499839782715
1.527519941329956
-12.10890007019043
2.0357000827789307
-12.337300300598145
