-18.09239959716797
-4.265550136566162
-17.727399826049805
-3.863600015640259
-17.362300872802734
-3.4616599082946777
-16.997299194335938
-3.059720039367676
-16.632299423217773
-2.6577799320220947
-16.26729965209961
-2.2558400630950928
-15.902299880981445
-1.8538999557495117
-15.537199974060059
-1.4519599676132202
-15.172200202941895
-1.0500199794769287
-14.80720043182373
-0.6480770111083984
-14.44219970703125
-0.24613599479198456
-14.077199935913086
0.15580500662326813
-13.7121000289917
0.5577459931373596
-13.347100257873535
0.9596869945526123
-12.982099533081055
1.3616299629211426
-12.61709976196289
1.763569951057434
-12.252099990844727
2.1655099391937256
-11.88700008392334
2.5674500465393066
-11.522000312805176
2.9693899154663086
-11.156999588012695
3.3713300228118896
-10.791999816894531
3.7732698917388916
-10.427000045776367
4.175220012664795
