-17.137100219726562
0.4590820074081421
-16.71980094909668
0.81973797082901
-16.302400588989258
1.180400013923645
-15.885100364685059
1.5410499572753906
-15.467700004577637
1.901710033416748
-15.050399780273438
2.2623701095581055
-14.633000373840332
2.6230199337005615
-14.215700149536133
2.983680009841919
-13.798299789428711
3.3443400859832764
-13.380999565124512
3.7049899101257324
-12.963600158691406
4.06564998626709
-12.546299934387207
4.426310062408447
-12.128899574279785
4.786960124969482
-11.711600303649902
5.14762020111084
-11.29419994354248
5.508279800415039
-10.876799583435059
5.868929862976074
-10.459500312805176
6.229589939117432
-10.042099952697754
6.590250015258789
-9.62479019165039
6.950900077819824
-9.207440376281738
7.311560153961182
-8.79008960723877
7.672220230102539
-8.372730255126953
8.032870292663574
-7.955379962921143
8.393529891967773
-7.53803014755249
8.754190444946289
-7.12067985534668
9.114839553833008
-6.703320026397705
9.475500106811523
-6.285970211029053
9.836159706115723
-5.868619918823242
10.196800231933594
-5.45127010345459
10.557499885559082
-5.033909797668457
10.918100357055664
-4.616559982299805
11.278800010681152
-4.199210166931152
11.639399528503418
-3.781860113143921
12.000100135803223
-3.364500045776367
12.360799789428711
-2.9471499919891357
12.721400260925293
-2.5297999382019043
13.082099914550781
-2.112449884414673
13.442700386047363
-1.6950900554656982
13.803400039672852
