-15.699199676513672
-7.959959983825684
-15.211400032043457
-7.706089973449707
-14.723600387573242
-7.4522199630737305
-14.235799789428711
-7.198359966278076
-13.748000144958496
-6.9444899559021
-13.260199546813965
-6.690619945526123
-12.77239990234375
-6.436759948730469
-12.284600257873535
-6.182889938354492
-11.796799659729004
-5.929019927978516
-11.309000015258789
-5.675159931182861
-10.82129955291748
-5.421289920806885
-10.333499908447266
-5.1674299240112305
-9.845660209655762
-4.913559913635254
-9.345600128173828
-4.65084981918335
-8.845529556274414
-4.388130187988281
-8.345459938049316
-4.125420093536377
-7.845399856567383
-3.8627099990844727
-7.345330238342285
-3.5999999046325684
-6.845270156860352
-3.337290048599243
-6.345200061798096
-3.0745699405670166
-5.84512996673584
-2.8118600845336914
-5.345069885253906
-2.549149990081787
-4.84499979019165
-2.286439895629883
-4.344930171966553
-2.0237300395965576
-3.844870090484619
-1.7610100507736206
-3.3447999954223633
-1.4982999563217163
-2.8447399139404297
-1.2355899810791016
-2.344670057296753
-0.9728779792785645
-1.844599962234497
-0.7101659774780273
-1.344539999961853
-0.4474540054798126
-0.8444730043411255
-0.1847420036792755
-0.34440699219703674
0.07797019928693771
0.1556600034236908
0.3406819999217987
0.6557260155677795
0.6033939719200134
1.1557899713516235
0.8661059737205505
1.6558599472045898
1.1288199424743652
2.1559200286865234
1.3915300369262695
2.6559898853302
1.6542400121688843
3.156059980392456
1.916949987411499
3.6561200618743896
2.1796700954437256
4.156189918518066
2.442379951477051
4.65625
2.705090045928955
5.156320095062256
2.9677999019622803
5.656390190124512
3.230520009994507
6.156449794769287
3.493230104446411
6.656519889831543
3.7559399604797363
7.156579971313477
4.018650054931641
7.656650066375732
4.281360149383545
8.156720161437988
4.544079780578613
8.656780242919922
4.806789875030518
9.15684986114502
5.069499969482422
9.656909942626953
5.332210063934326
10.156999588012695
5.5949201583862305
10.656999588012695
5.857639789581299
11.157099723815918
6.120349884033203
11.65719985961914
6.383059978485107
12.15719985961914
6.645770072937012
12.657299995422363
6.908480167388916
13.157400131225586
7.171199798583984
13.657400131225586
7.433909893035889
14.157500267028809
7.696619987487793
14.657600402832031
7.959330081939697
15.157600402832031
8.222040176391602
