11.926400184631348
-16.480499267578125
11.37559986114502
-16.410200119018555
10.824799537658691
-16.339799880981445
10.273900032043457
-16.269500732421875
9.723119735717773
-16.199199676513672
9.172300338745117
-16.1289005279541
8.621479988098145
-16.0585994720459
8.070659637451172
-15.988300323486328
7.519830226898193
-15.918000221252441
6.969009876251221
-15.847599983215332
6.418190002441406
-15.777299880981445
5.867370128631592
-15.706999778747559
5.316549777984619
-15.636699676513672
4.765729904174805
-15.566399574279785
4.21491003036499
-15.496100425720215
3.6640799045562744
-15.425800323486328
3.11326003074646
-15.355400085449219
2.5624399185180664
-15.285099983215332
2.011620044708252
-15.214799880981445
1.460800051689148
-15.144499778747559
0.9099770188331604
-15.074199676513672
0.35915499925613403
-15.003899574279785
-0.19166600704193115
-14.933600425720215
-0.7424880266189575
-14.863200187683105
-1.2933100461959839
-14.792900085449219
-1.844130039215088
-14.722599983215332
-2.3949499130249023
-14.652299880981445
-2.945770025253296
-14.581999778747559
-3.4965999126434326
-14.511699676513672
