1.8100500106811523
0.43407100439071655
1.7281899452209473
-0.12315399944782257
1.6463199853897095
-0.6803789734840393
1.564460039138794
-1.2375999689102173
1.4825899600982666
-1.7948299646377563
1.4007200002670288
-2.3520500659942627
1.3188600540161133
-2.9092800617218018
1.236989974975586
-3.4665000438690186
1.1551200151443481
-4.0237298011779785
1.073259949684143
-4.580949783325195
0.9913899898529053
-5.138179779052734
0.9095240235328674
-5.695400238037109
0.8276579976081848
-6.252630233764648
0.7457910180091858
-6.809850215911865
0.6639249920845032
-7.367080211639404
0.5820580124855042
-7.924300193786621
0.5001919865608215
-8.48153018951416
0.4183250069618225
-9.038749694824219
0.3364590108394623
-9.595979690551758
0.25459200143814087
-10.153200149536133
0.17272600531578064
-10.710399627685547
0.09085959941148758
-11.2677001953125
