-16.689699172973633
-11.694700241088867
-16.13360023498535
-11.648599624633789
-15.577400207519531
-11.60260009765625
-15.021300315856934
-11.556500434875488
-14.465100288391113
-11.51039981842041
-13.909000396728516
-11.464300155639648
-13.352800369262695
-11.418299674987793
-12.796699523925781
-11.372200012207031
-12.240500450134277
-11.32610034942627
-11.684399604797363
-11.279999732971191
-11.128299713134766
-11.234000205993652
-10.572099685668945
-11.187899589538574
-10.015999794006348
-11.141799926757812
-9.459830284118652
-11.09570026397705
-8.903679847717285
-11.049699783325195
-8.347539901733398
-11.003600120544434
-7.791399955749512
-10.957500457763672
-7.235249996185303
-10.911399841308594
-6.679110050201416
-10.865400314331055
-6.122960090637207
-10.819299697875977
-5.56682014465332
-10.773200035095215
-5.010680198669434
-10.727100372314453
-4.454529762268066
-10.681099891662598
-3.898390054702759
-10.635000228881836
-3.34224009513855
-10.588899612426758
-2.786099910736084
-10.542799949645996
-2.229949951171875
-10.496800422668457
-1.6738100051879883
-10.450699806213379
-1.1176700592041016
-10.404600143432617
-0.5615220069885254
-10.358499526977539
-0.005377499852329493
-10.3125
0.5507670044898987
-10.266400337219238
1.106909990310669
-10.22029972076416
1.663059949874878
-10.174200057983398
2.2191998958587646
-10.128199577331543
2.7753400802612305
-10.082099914550781
3.3314900398254395
-10.03600025177002
3.887629985809326
-9.989930152893066
4.443779945373535
-9.943849563598633
4.999919891357422
-9.897769927978516
5.556059837341309
-9.851699829101562
6.112209796905518
-9.805620193481445
6.6683502197265625
-9.759550094604492
7.2245001792907715
-9.713470458984375
7.780640125274658
-9.667400360107422
8.336790084838867
-9.621319770812988
8.892930030822754
-9.575249671936035
9.44906997680664
-9.529170036315918
10.005200386047363
-9.4830904006958
10.561400413513184
-9.437020301818848
11.117500305175781
-9.390939712524414
11.673700332641602
-9.344869613647461
12.2298002243042
-9.298789978027344
12.785900115966797
-9.25271987915039
13.342100143432617
-9.206640243530273
13.898200035095215
-9.16055965423584
14.454400062561035
-9.114489555358887
15.010499954223633
-9.06840991973877
15.566699981689453
-9.022339820861816
16.122800827026367
-8.9762601852417
16.67889976501465
-8.930190086364746
