-0.9749159812927246
14.586199760437012
-0.4233739972114563
14.543899536132812
0.1281690001487732
14.501500129699707
0.6797109842300415
14.459099769592285
1.2312500476837158
14.416799545288086
1.7827999591827393
14.37440013885498
2.3343400955200195
14.331999778747559
2.8858799934387207
14.28969955444336
3.437419891357422
14.247300148010254
3.9889700412750244
14.204899787902832
4.540510177612305
14.162599563598633
5.092050075531006
14.120200157165527
5.643589973449707
14.077899932861328
6.1951398849487305
14.035499572753906
6.746679782867432
13.9931001663208
7.298220157623291
13.950799942016602
7.849760055541992
13.90839958190918
8.401309967041016
13.866000175476074
8.952850341796875
13.823699951171875
9.504389762878418
13.781299591064453
10.055899620056152
13.738900184631348
10.607500076293945
13.696599960327148
