-8.696009635925293
-5.912829875946045
-8.918160438537598
-5.429619789123535
-9.14031982421875
-4.946420192718506
-9.362469673156738
-4.463210105895996
-9.584620475769043
-3.9800100326538086
-9.806779861450195
-3.496799945831299
-10.028900146484375
-3.0136001110076904
-10.251099586486816
-2.5303900241851807
-10.473199844360352
-2.047189950942993
-10.69540023803711
-1.563979983329773
-10.917499542236328
-1.080780029296875
-11.139699935913086
-0.5975710153579712
-11.361900329589844
-0.11436600238084793
-11.583999633789062
0.3688400089740753
-11.80620002746582
0.8520449995994568
-12.028300285339355
1.3352500200271606
