3.763159990310669
10.035300254821777
3.715709924697876
9.480380058288574
3.66825008392334
8.925459861755371
3.620800018310547
8.370539665222168
3.5733399391174316
7.815619945526123
3.5258901119232178
7.260709762573242
3.4784300327301025
6.705790042877197
3.4309699535369873
6.150869846343994
3.3835198879241943
5.5959601402282715
3.336060047149658
5.041039943695068
3.2886099815368652
4.486120223999023
3.24114990234375
3.9312000274658203
3.193700075149536
3.3762900829315186
3.146239995956421
2.8213698863983154
3.0987799167633057
2.2664499282836914
3.051330089569092
1.7115399837493896
3.0038700103759766
1.1566200256347656
2.9564199447631836
0.6017019748687744
2.9089601039886475
0.04678479954600334
2.8615100383758545
-0.5081319808959961
2.8140499591827393
-1.0630500316619873
2.766590118408203
-1.6179699897766113
2.71914005279541
-2.172879934310913
2.671679973602295
-2.727799892425537
2.624229907989502
-3.2827200889587402
2.576770067214966
-3.8376400470733643
