5.894909858703613
-1.2318999767303467
5.366399765014648
-1.1045600175857544
4.837900161743164
-0.9772210121154785
4.309390068054199
-0.8498809933662415
3.7808899879455566
-0.7225419878959656
3.252379894256592
-0.5952020287513733
2.723870038986206
-0.46786201000213623
2.1953699588775635
-0.34052199125289917
1.6668599843978882
-0.2131820023059845
1.1383600234985352
-0.08584210276603699
0.6098499894142151
0.04149780049920082
0.08134400099515915
0.1688379943370819
-0.447162002325058
0.29617801308631897
-0.9045249819755554
0.4110870063304901
-1.3618899583816528
0.5259960293769836
-1.8192499876022339
0.6409050226211548
-2.2766098976135254
0.7558140158653259
-2.7339799404144287
0.8707230091094971
-3.1913399696350098
0.9856320023536682
-3.720479965209961
1.1195000410079956
-4.249619960784912
1.2533799409866333
-4.778759956359863
1.3872499465942383
-5.3078999519348145
1.5211199522018433
-5.837039947509766
1.6549999713897705
-6.366179943084717
1.7888699769973755
-6.895319938659668
1.9227399826049805
-7.424459934234619
2.056619882583618
-7.95359992980957
2.1904900074005127
-8.48274040222168
2.324359893798828
-9.011890411376953
2.458240032196045
-9.541029930114746
2.5921099185943604
-10.070199966430664
2.725980043411255
-10.599300384521484
2.8598499298095703
-11.128399848937988
2.993730068206787
-11.657600402832031
3.1275999546051025
-12.186699867248535
3.261470079421997
-12.715900421142578
3.3953499794006348
-13.244999885559082
3.5292201042175293
-13.774200439453125
3.6630899906158447
-14.303299903869629
3.7969698905944824
-14.83240032196045
3.930840015411377
-15.361599922180176
4.0647101402282715
