6.643199920654297
11.786399841308594
6.845739841461182
11.260600090026855
7.048270225524902
10.73490047454834
7.250810146331787
10.209199905395508
7.453350067138672
9.683460235595703
7.655889987945557
9.157739639282227
7.858429908752441
8.632019996643066
8.060970306396484
8.106289863586426
8.263509750366211
7.580570220947266
8.466050148010254
7.054850101470947
8.66858959197998
6.529119968414307
8.871129989624023
6.003399848937988
9.073670387268066
5.477680206298828
9.276209831237793
4.9519500732421875
9.478750228881836
4.426229953765869
9.681289672851562
3.90051007270813
9.883830070495605
3.3747799396514893
10.086400032043457
2.84906005859375
10.288900375366211
2.3233399391174316
10.491399765014648
1.7976100444793701
10.694000244140625
1.2718900442123413
10.896499633789062
0.7461659908294678
11.099100112915039
0.220442995429039
11.301600456237793
-0.30528101325035095
11.50409984588623
-0.8310040235519409
11.706700325012207
-1.3567299842834473
11.909199714660645
-1.882449984550476
12.111800193786621
-2.408169984817505
12.314299583435059
-2.9339001178741455
12.516799926757812
-3.4596199989318848
