-17.668699264526367
9.923110008239746
-17.144399642944336
10.071499824523926
-16.620100021362305
10.219799995422363
-16.09589958190918
10.368200302124023
-15.571599960327148
10.516500473022461
-15.047300338745117
10.664799690246582
-14.52299976348877
10.813199996948242
-13.998700141906738
10.96150016784668
-13.474499702453613
11.10990047454834
-12.950200080871582
11.258199691772461
-12.42590045928955
11.406599998474121
-11.901599884033203
11.554900169372559
-11.377300262451172
11.703300476074219
-10.853099822998047
11.85159969329834
-10.328800201416016
12.0
-9.804490089416504
12.148300170898438
-9.2802095413208
12.296699523925781
-8.755929946899414
12.444999694824219
-8.231650352478027
12.593400001525879
-7.7034101486206055
12.73490047454834
-7.175179958343506
12.876399993896484
-6.646940231323242
13.017900466918945
-6.11870002746582
13.159500122070312
-5.590459823608398
13.300999641418457
-5.062220096588135
13.442500114440918
-4.533979892730713
13.583999633789062
-4.0057501792907715
13.725600242614746
