-17.505599975585938
-17.568300247192383
-17.30769920349121
-17.06399917602539
-17.109800338745117
-16.559600830078125
-16.91189956665039
-16.055299758911133
-16.714000701904297
-15.550999641418457
-16.51609992980957
-15.046600341796875
-16.318300247192383
-14.5423002243042
-16.120399475097656
-14.038000106811523
-15.922499656677246
-13.533599853515625
-15.724599838256836
-13.02929973602295
-15.526700019836426
-12.524999618530273
-15.328800201416016
-12.020600318908691
-15.130900382995605
-11.516300201416016
-14.932999610900879
-11.01200008392334
-14.735099792480469
-10.507599830627441
-14.537199974060059
-10.003299713134766
-14.339300155639648
-9.498979568481445
-14.141400337219238
-8.994649887084961
-13.943499565124512
-8.490309715270996
-13.745599746704102
-7.985980033874512
-13.547699928283691
-7.481649875640869
-13.349800109863281
-6.9773101806640625
-13.151900291442871
-6.47298002243042
-12.954000473022461
-5.968649864196777
-12.764300346374512
-5.448009967803955
-12.574600219726562
-4.927380084991455
-12.385000228881836
-4.406750202178955
-12.195300102233887
-3.8861100673675537
-12.00570011138916
-3.3654799461364746
-11.815999984741211
-2.8448500633239746
-11.626399993896484
-2.3242099285125732
-11.436699867248535
-1.8035800457000732
-11.246999740600586
-1.2829400300979614
-11.05739974975586
-0.7623109817504883
-10.86769962310791
-0.24167700111865997
-10.678099632263184
0.2789570093154907
-10.48840045928955
0.7995910048484802
-10.298700332641602
1.3202199935913086
-10.109100341796875
1.8408600091934204
-9.919429779052734
2.36149001121521
-9.729769706726074
2.8821299076080322
-9.540109634399414
3.4027600288391113
-9.350449562072754
3.9233899116516113
-9.16079044342041
4.444029808044434
-8.97113037109375
4.964660167694092
-8.781479835510254
5.485290050506592
