14.234000205993652
2.7095799446105957
13.737500190734863
2.487720012664795
13.241000175476074
2.2658700942993164
12.744400024414062
2.0440099239349365
12.247900009155273
1.8221499919891357
11.751399993896484
1.6002899408340454
11.254899978637695
1.378440022468567
10.758299827575684
1.1565799713134766
10.261799812316895
0.934719979763031
9.765279769897461
0.712863028049469
9.268759727478027
0.491005003452301
8.77223014831543
0.26914799213409424
8.275710105895996
0.047290001064538956
7.77918004989624
-0.17456799745559692
