-5.453680038452148
-3.0764501094818115
-5.031360149383545
-2.706979990005493
-4.609039783477783
-2.3375000953674316
-4.18671989440918
-1.9680299758911133
-3.764400005340576
-1.5985499620437622
-3.3420701026916504
-1.2290699481964111
-2.9197499752044678
-0.8595979809761047
-2.4974300861358643
-0.4901230037212372
-2.0751099586486816
-0.12064699828624725
-1.6527899503707886
0.24882900714874268
-1.2304600477218628
0.6183040142059326
-0.8081430196762085
0.987779974937439
-0.38582101464271545
1.35725998878479
0.03650109842419624
1.7267299890518188
0.45882299542427063
2.09621000289917
0.8811450004577637
2.465679883956909
1.3034700155258179
2.83516001701355
1.725790023803711
3.204629898071289
2.1481099128723145
3.5741100311279297
2.570430040359497
3.943589925765991
2.9927499294281006
4.3130598068237305
3.4150800704956055
4.682539939880371
3.837399959564209
5.0520100593566895
4.2597198486328125
5.42149019241333
4.682040214538574
5.79095983505249
5.104360103607178
6.160439968109131
5.5266900062561035
6.5299201011657715
5.949009895324707
6.89939022064209
6.3713297843933105
7.268869876861572
6.793650150299072
7.638339996337891
7.215970039367676
8.007820129394531
7.638299942016602
8.377289772033691
8.060620307922363
8.746769905090332
8.482939720153809
9.116239547729492
8.90526008605957
9.485719680786133
9.327580451965332
9.855199813842773
9.749910354614258
10.224699974060059
10.172200202941895
10.594099998474121
