4.840109825134277
-5.564149856567383
4.579380035400391
-5.381800174713135
4.318649768829346
-5.1994500160217285
3.776510000228882
-5.071929931640625
3.234369993209839
-4.9444098472595215
2.692229986190796
-4.816889762878418
2.150089979171753
-4.689370155334473
1.60794997215271
-4.561850070953369
1.065809965133667
-4.434329986572266
0.5236639976501465
-4.306809902191162
-0.018477700650691986
-4.179289817810059
-0.5606189966201782
-4.051770210266113
-1.1027599573135376
-3.9242498874664307
-1.6448999643325806
-3.7967300415039062
-2.187040090560913
-3.669219970703125
-2.7291901111602783
-3.5416998863220215
-3.2713301181793213
-3.414180040359497
-3.813469886779785
-3.2866599559783936
-4.355609893798828
-3.159140110015869
-4.897749900817871
-3.0316200256347656
-5.439889907836914
-2.904099941253662
-5.982029914855957
-2.7765800952911377
-6.524179935455322
-2.649060010910034
-7.066319942474365
-2.5215399265289307
-7.608459949493408
-2.3940200805664062
-8.15060043334961
-2.2664999961853027
-8.692740440368652
-2.138979911804199
-9.234880447387695
-2.011460065841675
-9.777029991149902
-1.8839399814605713
-10.319199562072754
-1.7564200162887573
-10.861300468444824
-1.6289000511169434
-11.403400421142578
-1.5013799667358398
-11.945599555969238
-1.3738600015640259
-12.487700462341309
-1.246340036392212
-13.029899597167969
-1.1188199520111084
-13.571999549865723
-0.9912989735603333
-14.1141996383667
-0.8637790083885193
-14.656299591064453
-0.7362589836120605
-15.198399543762207
-0.6087390184402466
-15.740599632263184
-0.481220006942749
-16.282699584960938
-0.35370001196861267
-16.824899673461914
-0.22618000209331512
-17.367000579833984
-0.09866020083427429
-17.909099578857422
0.02885969914495945
-18.4512996673584
0.15637899935245514
