11.10319995880127
-5.146230220794678
10.627099990844727
-5.44143009185791
10.151000022888184
-5.736639976501465
9.674949645996094
-6.031839847564697
9.198880195617676
-6.327040195465088
8.722800254821777
-6.62224006652832
8.246720314025879
-6.917439937591553
7.7706499099731445
-7.212649822235107
7.294569969177246
-7.507850170135498
6.818490028381348
-7.8030500411987305
6.3424201011657715
-8.098250389099121
5.866340160369873
-8.393449783325195
5.390260219573975
-8.688650131225586
4.91418981552124
-8.98386001586914
4.438109874725342
-9.279060363769531
3.9620399475097656
-9.574259757995605
3.485960006713867
-9.869460105895996
3.0098800659179688
-10.16469955444336
2.5338099002838135
-10.45989990234375
2.057729959487915
-10.75510025024414
1.5816500186920166
-11.050299644470215
1.1055799722671509
-11.345499992370605
0.6294990181922913
-11.640700340270996
0.1534229964017868
-11.93589973449707
-0.32265400886535645
-12.231100082397461
-0.7987300157546997
-12.526300430297852
-1.2748099565505981
-12.821499824523926
-1.7508800029754639
-13.116700172424316
-2.2269599437713623
-13.41189956665039
-2.7030398845672607
-13.707099914550781
-3.179110050201416
-14.002300262451172
-3.6551899909973145
-14.297499656677246
-4.131269931793213
-14.592700004577637
-4.607339859008789
-14.887900352478027
-5.0834197998046875
-15.183099746704102
-5.559500217437744
-15.478300094604492
-6.03557014465332
-15.773500442504883
-6.511650085449219
-16.068700790405273
-6.987730026245117
-16.36389923095703
-7.463799953460693
-16.659099578857422
-7.939879894256592
-16.954299926757812
-8.415960311889648
-17.249500274658203
-8.892029762268066
-17.544700622558594
-9.368109703063965
-17.83989906311035
-9.844189643859863
-18.135099411010742
-10.320300102233887
-18.430299758911133
-10.796299934387207
-18.725500106811523
-11.27239990234375
-19.020700454711914
