12.46310043334961
-17.642000198364258
12.459500312805176
-17.61720085144043
12.004400253295898
-17.29789924621582
11.549300193786621
-16.978599548339844
11.094200134277344
-16.65920066833496
10.639100074768066
-16.33989906311035
10.184100151062012
-16.020599365234375
9.728960037231445
-15.701199531555176
9.273870468139648
-15.3818998336792
8.818770408630371
-15.062600135803223
8.363679885864258
-14.743300437927246
7.9085798263549805
-14.42389965057373
7.453489780426025
-14.104599952697754
6.9984002113342285
-13.785300254821777
6.543300151824951
-13.465900421142578
6.088210105895996
-13.146599769592285
5.633120059967041
-12.827300071716309
5.178020000457764
-12.508000373840332
4.722929954528809
-12.188599586486816
4.267829895019531
-11.86929988861084
3.8127400875091553
-11.550000190734863
3.3576500415802
-11.230600357055664
2.902549982070923
-10.911299705505371
2.4474599361419678
-10.592000007629395
1.9923700094223022
-10.272700309753418
1.537269949913025
-9.953339576721191
1.0821800231933594
-9.634010314941406
0.6270840167999268
-9.314680099487305
0.17199000716209412
-8.995349884033203
-0.2831040024757385
-8.676030158996582
-0.7381970286369324
-8.35669994354248
-1.1932899951934814
-8.037369728088379
-1.6483800411224365
-7.7180399894714355
-2.103480100631714
-7.398709774017334
-2.55856990814209
-7.079390048980713
-3.013669967651367
-6.760059833526611
-3.4687600135803223
-6.440730094909668
-3.9238500595092773
-6.121399879455566
-4.378950119018555
-5.802070140838623
-4.83404016494751
-5.482749938964844
-5.289140224456787
-5.1634202003479
-5.744229793548584
-4.844089984893799
-6.199319839477539
-4.524759769439697
-6.654419898986816
-4.205430030822754
-7.1095099449157715
-3.8861100673675537
-7.564599990844727
-3.5667800903320312
-8.019700050354004
-3.247450113296509
-8.4747896194458
-2.9281198978424072
-8.929889678955078
-2.6087899208068848
-9.384980201721191
-2.2894699573516846
-9.840069770812988
-1.970139980316162
-10.29520034790039
-1.6508100032806396
-10.750300407409668
-1.3314800262451172
-11.205400466918945
-1.0121500492095947
-11.660400390625
-0.6928250193595886
