-9.140060424804688
-5.10807991027832
-9.101499557495117
-5.076240062713623
-9.501190185546875
-5.443230152130127
-9.900890350341797
-5.810219764709473
-10.300600051879883
-6.177209854125977
-10.700300216674805
-6.5441999435424805
-11.100000381469727
-6.911200046539307
-11.499699592590332
-7.2781901359558105
-11.899399757385254
-7.6451802253723145
-12.299099922180176
-8.01216983795166
-12.698699951171875
-8.379159927368164
-13.098400115966797
-8.746150016784668
-13.498100280761719
-9.113140106201172
-13.89780044555664
-9.480130195617676
-14.297499656677246
-9.84712028503418
-14.697199821472168
-10.214099884033203
-15.09689998626709
-10.581100463867188
-15.496600151062012
-10.948100090026855
-15.896300315856934
-11.315099716186523
-16.29599952697754
-11.682100296020508
-16.69569969177246
-12.049099922180176
-17.095399856567383
-12.416000366210938
-17.495100021362305
-12.782999992370605
