13.599200248718262
-15.672800064086914
13.31149959564209
-15.392399787902832
13.023699760437012
-15.112099647521973
12.656000137329102
-14.686300277709961
12.288299560546875
-14.260499954223633
11.920599937438965
-13.834699630737305
11.552900314331055
-13.408900260925293
11.185199737548828
-12.983099937438965
10.817500114440918
-12.557299613952637
10.449799537658691
-12.131600379943848
10.082099914550781
-11.70580005645752
9.71442985534668
-11.279999732971191
9.34673023223877
-10.85420036315918
8.979029655456543
-10.428400039672852
8.611330032348633
-10.002599716186523
8.243619918823242
-9.576780319213867
7.875919818878174
-9.150979995727539
7.508220195770264
-8.725190162658691
7.140520095825195
-8.299389839172363
6.772819995880127
-7.873600006103516
6.405119895935059
-7.447800159454346
6.03741979598999
-7.02200984954834
5.66972017288208
-6.59621000289917
5.302020072937012
-6.170420169830322
4.934319972991943
-5.744619846343994
4.566609859466553
-5.318819999694824
4.198910236358643
-4.893030166625977
3.831209897994995
-4.467229843139648
3.463510036468506
-4.041440010070801
3.0958099365234375
-3.6156399250030518
2.7281100749969482
-3.189850091934204
2.36040997505188
-2.764050006866455
1.992709994316101
-2.3382599353790283
