10.887399673461914
7.308060169219971
10.329400062561035
7.298389911651611
9.771419525146484
7.28872013092041
9.213430404663086
7.279049873352051
8.65542984008789
7.26938009262085
8.097439765930176
7.25970983505249
7.539450168609619
7.250040054321289
6.981450080871582
7.24036979675293
6.423460006713867
7.2307000160217285
5.86545991897583
7.221030235290527
5.307469844818115
7.211359977722168
4.749470233917236
7.201690196990967
4.1914801597595215
7.192019939422607
3.6334800720214844
7.182350158691406
3.0754899978637695
7.172679901123047
2.5174899101257324
7.163010120391846
1.9594999551773071
7.153339862823486
1.4014999866485596
7.143670082092285
0.8435099720954895
7.133999824523926
0.2855150103569031
7.124330043792725
-0.27247899770736694
7.114659786224365
-0.8304740190505981
7.104990005493164
-1.3884700536727905
7.095320224761963
-1.9464600086212158
7.0856499671936035
-2.504460096359253
7.075980186462402
-3.0624499320983887
7.066309928894043
-3.620450019836426
7.056640148162842
-4.178440093994141
7.046969890594482
-4.736440181732178
7.037300109863281
-5.294429779052734
7.027639865875244
-5.8524298667907715
7.017970085144043
-6.410419940948486
7.008299827575684
-6.968410015106201
6.998630046844482
-7.526410102844238
6.988959789276123
-8.084400177001953
6.979290008544922
-8.642399787902832
6.969620227813721
-9.200389862060547
6.959949970245361
-9.758390426635742
6.95028018951416
-10.316399574279785
6.940609931945801
-10.87440013885498
6.9309401512146
-11.43239974975586
6.92126989364624
-11.990400314331055
6.911600112915039
-12.548399925231934
6.90192985534668
-13.106399536132812
6.8922600746154785
-13.664299964904785
6.882589817047119
-14.222299575805664
6.872920036315918
-14.78030014038086
6.863249778747559
-15.338299751281738
6.853579998016357
-15.896300315856934
6.843910217285156
-16.454299926757812
6.834239959716797
