-3.7928199768066406
15.34119987487793
-3.498460054397583
14.860899925231934
-3.2040998935699463
14.38070011138916
-2.9097299575805664
13.900400161743164
-2.615370035171509
13.42020034790039
-2.321010112762451
12.939900398254395
-2.026639938354492
12.459600448608398
-1.7322800159454346
11.979399681091309
-1.4379199743270874
11.499099731445312
-1.1435500383377075
11.018799781799316
-0.8491889834403992
10.538599967956543
-0.554826021194458
10.058300018310547
-0.2604619860649109
9.57804012298584
0.033900801092386246
9.097780227661133
0.3282639980316162
8.617509841918945
0.6226270198822021
8.137249946594238
0.9169909954071045
7.656980037689209
1.2113499641418457
7.176720142364502
1.5057200193405151
6.696459770202637
1.8000799417495728
6.216189861297607
2.09443998336792
5.7359299659729
2.3888099193573
5.255660057067871
2.6831700801849365
4.775400161743164
2.977530002593994
4.295129776000977
3.271899938583374
3.8148701190948486
3.5662600994110107
3.3346099853515625
3.8606200218200684
2.854340076446533
4.154990196228027
2.374079942703247
4.449349880218506
1.8938100337982178
4.743710041046143
1.4135500192642212
5.038080215454102
0.9332839846611023
5.33243989944458
0.45301899313926697
5.626800060272217
-0.02724510058760643
5.921170234680176
-0.5075089931488037
6.215529918670654
-0.9877740144729614
6.509890079498291
-1.4680399894714355
6.804259777069092
-1.9483000040054321
7.0986199378967285
-2.428570032119751
7.392980098724365
-2.908829927444458
7.687349796295166
-3.3891000747680664
7.981709957122803
-3.8693599700927734
8.276069641113281
-4.3496198654174805
8.570440292358398
-4.82988977432251
8.864800453186035
-5.310150146484375
9.159159660339355
-5.790420055389404
9.453530311584473
-6.270679950714111
9.74789047241211
-6.750949859619141
10.0423002243042
-7.231210231781006
10.336600303649902
-7.711470127105713
10.630999565124512
-8.191740036010742
10.925299644470215
-8.67199993133545
11.21969985961914
-9.152270317077637
11.514100074768066
-9.632530212402344
11.80840015411377
-10.112799644470215
12.102800369262695
-10.593099594116211
12.397199630737305
-11.0733003616333
12.691499710083008
-11.553600311279297
12.985899925231934
-12.033900260925293
13.280200004577637
-12.514100074768066
13.574600219726562
-12.994400024414062
13.869000434875488
-13.474599838256836
14.163299560546875
-13.954899787902832
14.4576997756958
-14.435199737548828
14.752099990844727
-14.915399551391602
15.04640007019043
-15.395700454711914
15.340800285339355
-15.87600040435791
15.635199546813965
-16.356199264526367
15.929499626159668
-16.83650016784668
16.223899841308594
-17.31679916381836
16.518199920654297
-17.797000885009766
16.812599182128906
-18.277299880981445
17.10700035095215
-18.757600784301758
17.40130043029785
-19.23780059814453
