-10.216400146484375
14.45680046081543
-10.296299934387207
13.904800415039062
-10.376299858093262
13.352800369262695
-10.456299781799316
12.800800323486328
-10.536199569702148
12.248800277709961
-10.61620044708252
11.696800231933594
-10.696200370788574
11.144800186157227
-10.776100158691406
10.59280014038086
-10.856100082397461
10.040800094604492
-10.936100006103516
9.488840103149414
-11.01609992980957
8.936840057373047
-11.095999717712402
8.384849548339844
-11.175999641418457
7.832859992980957
-11.255999565124512
7.280869960784912
-11.33590030670166
6.728869915008545
-11.415900230407715
6.1768798828125
-11.49590015411377
5.624889850616455
-11.575900077819824
5.07289981842041
-11.655799865722656
4.520899772644043
-11.735799789428711
3.968909978866577
-11.815799713134766
3.4169199466705322
-11.895700454711914
2.8649299144744873
-11.975700378417969
2.312930107116699
-12.055700302124023
1.7609399557113647
-12.135600090026855
1.2089500427246094
-12.21560001373291
0.6569560170173645
-12.295599937438965
0.10496299713850021
-12.37559986114502
-0.4470289945602417
-12.455499649047852
-0.9990209937095642
-12.535499572753906
-1.551010012626648
-12.615500450134277
-2.1030099391937256
-12.69540023803711
-2.6549999713897705
-12.775400161743164
-3.2069900035858154
-12.855400085449219
-3.7589800357818604
-12.935400009155273
-4.310979843139648
-13.015299797058105
-4.862969875335693
-13.09529972076416
-5.414959907531738
-13.175299644470215
-5.966949939727783
-13.255200386047363
-6.51894998550415
-13.335200309753418
-7.070940017700195
-13.415200233459473
-7.62293004989624
-13.495100021362305
-8.174920082092285
-13.57509994506836
-8.726920127868652
-13.655099868774414
-9.278909683227539
-13.735099792480469
-9.830900192260742
-13.8149995803833
-10.38290023803711
-13.895000457763672
-10.934900283813477
-13.975000381469727
-11.486900329589844
-14.054900169372559
-12.038900375366211
-14.134900093078613
-12.590900421142578
-14.214900016784668
-13.142900466918945
-14.294899940490723
-13.69480037689209
-14.374799728393555
-14.246800422668457
-14.45479965209961
-14.798800468444824
-14.534799575805664
-15.350799560546875
-14.614700317382812
-15.902799606323242
-14.694700241088867
-16.45479965209961
-14.774700164794922
-17.006799697875977
