0.16125699877738953
-7.656509876251221
-0.3609519898891449
-7.8624701499938965
-0.8831620216369629
-8.068429946899414
-1.4053699970245361
-8.27439022064209
-1.9275799989700317
-8.48034954071045
-2.4497900009155273
-8.686309814453125
-2.9719998836517334
-8.8922700881958
-3.4942100048065186
-9.098230361938477
-4.016419887542725
-9.304189682006836
-4.53863000869751
-9.510149955749512
-5.060840129852295
-9.716110229492188
-5.583040237426758
-9.922069549560547
-6.105249881744385
-10.128000259399414
-6.62746000289917
-10.333999633789062
-7.149670124053955
-10.539999961853027
-7.671879768371582
-10.74590015411377
-8.194089889526367
-10.951899528503418
-8.716300010681152
-11.15779972076416
-9.238510131835938
-11.363800048828125
-9.760720252990723
-11.56980037689209
-10.282899856567383
-11.775699615478516
-10.805100440979004
-11.98169994354248
-11.327300071716309
-12.187600135803223
-11.849599838256836
-12.393600463867188
-12.371800422668457
-12.599599838256836
-12.894000053405762
-12.805500030517578
-13.416199684143066
-13.011500358581543
-13.938400268554688
-13.217399597167969
-14.460599899291992
-13.423399925231934
