6.794950008392334
-10.636899948120117
6.235680103302002
-10.599800109863281
5.67641019821167
-10.562800407409668
5.11713981628418
-10.525799751281738
4.557869911193848
-10.488699913024902
3.9986000061035156
-10.451700210571289
3.4393301010131836
-10.414600372314453
2.8800599575042725
-10.377599716186523
2.3207900524139404
-10.340499877929688
1.7615300416946411
-10.303500175476074
1.2022600173950195
-10.266400337219238
0.6429870128631592
-10.229399681091309
0.08371710032224655
-10.192299842834473
-0.4755519926548004
-10.15530014038086
-1.0348199605941772
-10.118200302124023
-1.5940899848937988
-10.081199645996094
-2.153359889984131
-10.044099807739258
-2.712630033493042
-10.007100105285645
-3.271899938583374
-9.970029830932617
-3.831170082092285
-9.932990074157715
-4.390439987182617
-9.895939826965332
-4.949709892272949
-9.85888957977295
-5.508979797363281
-9.821840286254883
-6.0682501792907715
-9.784799575805664
-6.6275200843811035
-9.747750282287598
-7.1867899894714355
-9.710700035095215
-7.746059894561768
-9.673649787902832
-8.305319786071777
-9.63661003112793
-8.86458969116211
-9.599559783935547
-9.423859596252441
-9.562509536743164
-9.98313045501709
-9.525460243225098
-10.542400360107422
-9.488409996032715
-11.101699829101562
-9.451370239257812
-11.660900115966797
-9.41431999206543
-12.220199584960938
-9.377269744873047
-12.779500007629395
-9.34022045135498
-13.338700294494629
-9.303179740905762
-13.89799976348877
-9.266130447387695
-14.457300186157227
-9.229080200195312
-15.016599655151367
-9.19202995300293
-15.575799942016602
-9.154990196228027
-16.135099411010742
-9.117939949035645
-16.694400787353516
-9.080889701843262
-17.253599166870117
-9.043840408325195
-17.81290054321289
-9.006790161132812
-18.37220001220703
-8.96975040435791
