15.232000350952148
-17.366300582885742
14.854900360107422
-16.947099685668945
14.477700233459473
-16.527799606323242
14.100500106811523
-16.10849952697754
13.723299980163574
-15.689200401306152
13.346099853515625
-15.270000457763672
12.968899726867676
-14.850700378417969
12.591699600219727
-14.431400299072266
12.214500427246094
-14.012200355529785
11.837400436401367
-13.592900276184082
11.460200309753418
-13.173600196838379
11.083000183105469
-12.754300117492676
10.70580005645752
-12.335100173950195
10.32859992980957
-11.915800094604492
9.951430320739746
-11.496500015258789
9.574239730834961
-11.077199935913086
9.197050094604492
-10.657999992370605
8.819869995117188
-10.238699913024902
8.442680358886719
-9.819430351257324
8.065489768981934
-9.400150299072266
7.688310146331787
-8.980879783630371
7.31112003326416
-8.561610221862793
6.933929920196533
-8.142339706420898
6.5567498207092285
-7.723060131072998
6.17956018447876
-7.303790092468262
5.802370071411133
-6.884520053863525
5.425179958343506
-6.465250015258789
5.047999858856201
-6.0459699630737305
4.670810222625732
-5.626699924468994
4.2936201095581055
-5.207429885864258
3.916440010070801
-4.7881598472595215
3.539249897003174
-4.368879795074463
3.162060022354126
-3.9496099948883057
2.7848799228668213
-3.5303399562835693
2.4076900482177734
-3.111069917678833
2.0304999351501465
-2.6917901039123535
1.6533199548721313
-2.272520065307617
1.276129961013794
-1.8532500267028809
0.8989419937133789
-1.4339699745178223
