-3.8676600456237793
10.905099868774414
-3.461560010910034
10.51830005645752
-3.055459976196289
10.131500244140625
-2.649359941482544
9.744720458984375
-2.243259906768799
9.357930183410645
-1.8371599912643433
8.97113037109375
-1.4310699701309204
8.58434009552002
-1.0249700546264648
8.197549819946289
-0.6188700199127197
7.810760021209717
-0.2127709984779358
7.4239702224731445
0.19332699477672577
7.037179946899414
0.5994250178337097
6.6503801345825195
1.005519986152649
6.263589859008789
1.411620020866394
5.876800060272217
1.8177200555801392
5.490009784698486
2.2238199710845947
5.103219985961914
2.62992000579834
4.7164201736450195
3.036020040512085
4.329629898071289
3.442110061645508
3.942840099334717
3.848210096359253
3.5560500621795654
4.254310131072998
3.169260025024414
4.660409927368164
2.7824699878692627
5.066510200500488
2.395669937133789
5.472609996795654
2.0088798999786377
5.878699779510498
1.6220899820327759
6.284800052642822
1.2352999448776245
6.690899848937988
0.848505973815918
7.0970001220703125
0.4617139995098114
7.5030999183654785
0.07492230087518692
7.909200191497803
-0.3118700087070465
8.315290451049805
-0.6986610293388367
8.721389770507812
-1.0854500532150269
9.127490043640137
-1.472249984741211
9.533590316772461
-1.8590400218963623
9.939689636230469
-2.2458300590515137
10.345800399780273
-2.632620096206665
10.751899719238281
-3.0194098949432373
11.157999992370605
-3.4061999320983887
11.56410026550293
-3.7929999828338623
11.970199584960938
-4.179790019989014
12.376299858093262
-4.566579818725586
12.782400131225586
-4.953370094299316
13.18850040435791
-5.340159893035889
13.594599723815918
-5.726960182189941
14.000699996948242
-6.113749980926514
14.406800270080566
-6.500539779663086
14.812899589538574
-6.887330055236816
15.218999862670898
-7.274119853973389
15.625100135803223
-7.660910129547119
16.031200408935547
-8.047710418701172
16.437299728393555
-8.434499740600586
16.843399047851562
-8.821290016174316
