-16.10740089416504
-12.661399841308594
-15.959500312805176
-12.116299629211426
-15.811599731445312
-11.571100234985352
-15.663800239562988
-11.026000022888184
-15.515899658203125
-10.480899810791016
-15.368000030517578
-9.935720443725586
-15.220199584960938
-9.390580177307129
-15.07229995727539
-8.845439910888672
-14.924400329589844
-8.30029010772705
-14.776599884033203
-7.755149841308594
-14.628700256347656
-7.210010051727295
-14.480799674987793
-6.664869785308838
-14.333000183105469
-6.119729995727539
-14.185099601745605
-5.574580192565918
-14.037199974060059
-5.029439926147461
-13.889399528503418
-4.484300136566162
-13.741499900817871
-3.939160108566284
-13.593600273132324
-3.394010066986084
-13.445799827575684
-2.848870038986206
-13.297900199890137
-2.303730010986328
-13.149999618530273
-1.7585899829864502
-13.00220012664795
-1.2134499549865723
-12.854299545288086
-0.6683030128479004
-12.706399917602539
-0.1231599971652031
-12.558600425720215
0.4219819903373718
-12.410699844360352
0.9671239852905273
-12.262800216674805
1.5122699737548828
-12.114899635314941
2.0574100017547607
-11.967100143432617
2.6025500297546387
-11.819199562072754
3.1476900577545166
-11.671299934387207
3.692840099334717
-11.523500442504883
4.237979888916016
-11.37559986114502
4.783120155334473
-11.227700233459473
5.3282599449157715
-11.079899787902832
5.8734002113342285
-10.932000160217285
6.41855001449585
-10.784099578857422
6.963689804077148
-10.636300086975098
7.5088300704956055
-10.48840045928955
8.053970336914062
-10.340499877929688
8.599120140075684
-10.192700386047363
9.14426040649414
-10.0447998046875
9.689399719238281
-9.896920204162598
10.23449993133545
-9.749059677124023
10.77970027923584
-9.601189613342285
11.324799537658691
-9.465929985046387
11.833700180053711
-9.330679893493652
12.342499732971191
-9.195429801940918
12.851400375366211
-9.06017017364502
13.360199928283691
-8.924920082092285
13.869000434875488
-8.78966999053955
14.377900123596191
-8.654410362243652
14.886699676513672
