14.33329963684082
10.474499702453613
13.781100273132324
10.36769962310791
13.229000091552734
10.260899543762207
12.676899909973145
10.154000282287598
12.124699592590332
10.047200202941895
11.572600364685059
9.940420150756836
11.020500183105469
9.833609580993652
10.468400001525879
9.726799964904785
9.916230201721191
9.619979858398438
9.364100456237793
9.51317024230957
8.811969757080078
9.406359672546387
8.25984001159668
9.29955005645752
7.707719802856445
9.192740440368652
7.155590057373047
9.085929870605469
6.60345983505249
8.979120254516602
6.051330089569092
8.872300148010254
5.499199867248535
8.76548957824707
4.947070121765137
8.658679962158203
4.39493989944458
8.551870346069336
3.842819929122925
8.445059776306152
3.2906899452209473
8.338250160217285
2.7385599613189697
8.231439590454102
2.186429977416992
8.124629974365234
1.6342999935150146
8.017809867858887
1.082170009613037
7.910999774932861
0.5300459861755371
7.804190158843994
-0.02208230085670948
7.697380065917969
-0.5742110013961792
7.590569972991943
-1.1263400316238403
7.483759880065918
-1.6784700155258179
7.376949787139893
-2.230600118637085
7.270140171051025
-2.7827200889587402
7.163320064544678
-3.3348500728607178
7.056509971618652
-3.8869800567626953
6.949699878692627
-4.439109802246094
6.842889785766602
-4.99124002456665
6.736080169677734
-5.543369770050049
6.629270076751709
-6.095489978790283
6.522459983825684
-6.64762020111084
6.415649890899658
-7.199749946594238
6.3088297843933105
-7.751880168914795
6.202020168304443
-8.304010391235352
6.095210075378418
-8.85614013671875
5.988399982452393
-9.408260345458984
5.881589889526367
-9.960390090942383
5.774779796600342
-10.512499809265137
5.667970180511475
-11.06470012664795
5.561160087585449
-11.616800308227539
5.454339981079102
-12.168899536132812
5.347529888153076
-12.720999717712402
5.240719795227051
-13.273200035095215
5.133910179138184
-13.825300216674805
5.027100086212158
