5.092299938201904
-0.17544400691986084
4.674920082092285
0.19008000195026398
4.257540225982666
0.5556039810180664
3.840169906616211
0.92112797498703
3.422790050506592
1.2866499423980713
3.0054099559783936
1.6521799564361572
2.5880401134490967
2.017699956893921
2.1706600189208984
2.3832199573516846
1.7532800436019897
2.7487499713897705
1.3359099626541138
3.114269971847534
0.9185310006141663
3.47979998588562
0.5011550188064575
3.845319986343384
0.08377809822559357
4.210840225219727
-0.33359798789024353
4.576369762420654
-0.7509750127792358
4.941889762878418
-1.1683499813079834
5.307409763336182
-1.585729956626892
5.672939777374268
-2.0030999183654785
6.038459777832031
-2.4204800128936768
6.403989791870117
-2.837860107421875
6.769509792327881
-3.255229949951172
7.1350297927856445
-3.67261004447937
7.5005598068237305
-4.089990139007568
7.866079807281494
-4.507359981536865
8.231610298156738
-4.924739837646484
8.597129821777344
-5.342120170593262
8.962650299072266
-5.759490013122559
9.328180313110352
-6.176869869232178
9.693699836730957
-6.594250202178955
10.059200286865234
-7.011620044708252
10.424699783325195
-7.428999900817871
10.790300369262695
-7.846380233764648
11.155799865722656
-8.263750076293945
11.521300315856934
-8.681130409240723
11.886799812316895
-9.098509788513184
12.252400398254395
-9.51587963104248
12.617899894714355
-9.933259963989258
12.983400344848633
-10.350600242614746
13.348899841308594
-10.767999649047852
13.714500427246094
-11.185400009155273
14.079999923706055
-11.602800369262695
14.445500373840332
-12.020099639892578
14.810999870300293
-12.4375
15.176600456237793
-12.854900360107422
15.542099952697754
