19.779699325561523
-17.75119972229004
19.256900787353516
-17.542999267578125
18.733999252319336
-17.334800720214844
18.211200714111328
-17.12660026550293
17.68829917907715
-16.918399810791016
17.16550064086914
-16.7101993560791
16.64259910583496
-16.50200080871582
16.119800567626953
-16.293699264526367
15.59689998626709
-16.085500717163086
15.07409954071045
-15.877300262451172
14.551300048828125
-15.669099807739258
14.028400421142578
-15.46090030670166
13.505599975585938
-15.252699851989746
12.98270034790039
-15.044500350952148
12.45989990234375
-14.836299896240234
11.937000274658203
-14.628100395202637
11.414199829101562
-14.419899940490723
10.891300201416016
-14.211700439453125
10.368499755859375
-14.003399848937988
9.845620155334473
-13.79520034790039
9.322770118713379
-13.586999893188477
8.799920082092285
-13.378800392150879
8.277070045471191
-13.170599937438965
7.754220008850098
-12.962400436401367
7.231379985809326
-12.754199981689453
6.708529949188232
-12.545999526977539
6.185679912567139
-12.337800025939941
5.662829875946045
-12.129599571228027
5.139979839324951
-11.92140007019043
4.617129802703857
-11.71310043334961
4.094289779663086
-11.504899978637695
3.5714399814605713
-11.296699523925781
3.0485899448394775
-11.088500022888184
2.525739908218384
-10.88029956817627
2.002890110015869
-10.672100067138672
1.480049967765808
-10.463899612426758
0.9571980237960815
-10.25570011138916
0.43435001373291016
-10.047499656677246
-0.08849850296974182
-9.83926010131836
-0.6113470196723938
-9.631050109863281
-1.1341899633407593
-9.422849655151367
-1.657039999961853
-9.214639663696289
-2.1798899173736572
-9.006429672241211
-2.702739953994751
-8.798219680786133
-3.2255899906158447
-8.590009689331055
-3.7484400272369385
-8.381799697875977
-4.271279811859131
-8.173589706420898
-4.794129848480225
-7.9653801918029785
-5.316979885101318
-7.7571702003479
-5.839829921722412
-7.548960208892822
-6.362679958343506
-7.340750217437744
-6.885519981384277
-7.132540225982666
-7.408370018005371
-6.924339771270752
