4.205780029296875
7.15254020690918
4.620619773864746
7.505189895629883
5.035449981689453
7.857840061187744
5.450290203094482
8.210490226745605
5.865119934082031
8.563139915466309
6.2799601554870605
8.915789604187012
6.694789886474609
9.268440246582031
7.109630107879639
9.621089935302734
7.5244598388671875
9.973730087280273
7.939300060272217
10.326399803161621
8.354140281677246
10.678999900817871
8.768969535827637
11.031700134277344
9.183810234069824
11.384300231933594
9.598640441894531
11.737000465393066
10.013500213623047
12.089599609375
10.428299903869629
12.442299842834473
10.843099594116211
12.794899940490723
11.258000373840332
13.147600173950195
11.672800064086914
13.500200271606445
12.087699890136719
13.852899551391602
12.5024995803833
14.205499649047852
12.9173002243042
14.558199882507324
13.332200050354004
14.910799980163574
