8.323969841003418
-16.717599868774414
8.2955904006958
-16.16670036315918
8.267200469970703
-15.615799903869629
8.238809585571289
-15.0649995803833
8.210419654846191
-14.514100074768066
8.182029724121094
-13.963199615478516
8.153639793395996
-13.412300109863281
8.125249862670898
-12.86139965057373
8.0968599319458
-12.310500144958496
8.068470001220703
-11.759599685668945
8.040080070495605
-11.208700180053711
8.011690139770508
-10.65779972076416
7.98330020904541
-10.106900215148926
7.954909801483154
-9.556039810180664
7.926519870758057
-9.005149841308594
7.898129940032959
-8.454259872436523
7.869750022888184
-7.903359889984131
7.841360092163086
-7.3524699211120605
7.812970161437988
-6.80157995223999
7.784580230712891
-6.25068998336792
7.756189823150635
-5.69980001449585
