-13.736700057983398
18.088699340820312
-13.38379955291748
17.65690040588379
-13.030900001525879
17.225099563598633
-12.678000450134277
16.79330062866211
-12.32509994506836
16.361499786376953
-11.972200393676758
15.929699897766113
-11.61929988861084
15.49779987335205
-11.266400337219238
15.065999984741211
-10.91349983215332
14.634200096130371
-10.560600280761719
14.202400207519531
-10.207599639892578
13.770600318908691
-9.854740142822266
13.338700294494629
-9.501839637756348
12.906900405883789
-9.148929595947266
12.475099563598633
-8.796030044555664
12.043299674987793
-8.443120002746582
11.611499786376953
-8.09022045135498
11.17959976196289
-7.73730993270874
10.74779987335205
-7.3844099044799805
10.315999984741211
-7.031499862670898
9.88418960571289
-6.678599834442139
9.452369689941406
-6.325689792633057
9.020549774169922
-5.972789764404297
8.588740348815918
-5.619880199432373
8.156920433044434
-5.266980171203613
7.725100040435791
-4.914070129394531
7.293280124664307
-4.5611701011657715
6.861460208892822
-4.2082600593566895
6.42963981628418
-3.8553600311279297
5.997819900512695
-3.5024499893188477
5.565999984741211
-3.149549961090088
5.134190082550049
-2.796639919281006
4.7023701667785645
-2.443739891052246
4.270549774169922
-2.090830087661743
3.8387300968170166
-1.7379300594329834
3.406909942626953
-1.3850200176239014
2.9750900268554688
-1.0321199893951416
2.5432701110839844
-0.6792129874229431
2.111449956893921
-0.326308012008667
1.6796400547027588
0.026597199961543083
1.2478200197219849
0.37950199842453003
0.8159980177879333
0.7324069738388062
0.3841800093650818
1.0853099822998047
-0.04763910174369812
1.4382200241088867
-0.4794580042362213
1.7911200523376465
-0.9112769961357117
2.1278600692749023
-1.3316099643707275
2.4646100997924805
-1.7519299983978271
2.8013501167297363
-2.172260046005249
3.138089895248413
-2.592590093612671
