17.617700576782227
-9.51554012298584
17.073999404907227
-9.643509864807129
16.53030014038086
-9.771479606628418
15.986499786376953
-9.899450302124023
15.44279956817627
-10.027400016784668
14.899100303649902
-10.155400276184082
14.355400085449219
-10.28339958190918
13.811699867248535
-10.411299705505371
13.267999649047852
-10.539299964904785
12.724200248718262
-10.6673002243042
12.180500030517578
-10.79520034790039
11.636799812316895
-10.923199653625488
11.093099594116211
-11.051199913024902
10.549400329589844
-11.179100036621094
10.00570011138916
-11.307100296020508
9.461950302124023
-11.435099601745605
8.918230056762695
-11.562999725341797
8.374509811401367
-11.690999984741211
7.830790042877197
-11.819000244140625
7.287079811096191
-11.946999549865723
6.7433600425720215
-12.074899673461914
6.199639797210693
-12.202899932861328
5.655930042266846
-12.330900192260742
5.112209796905518
-12.458800315856934
4.568490028381348
-12.586799621582031
4.024779796600342
-12.714799880981445
3.481060028076172
-12.842700004577637
2.937340021133423
-12.97070026397705
