-4.992700099945068
5.990429878234863
-5.471759796142578
5.703219890594482
-5.950809955596924
5.415999889373779
-6.429870128631592
5.128779888153076
-6.908919811248779
4.841569900512695
-7.387979984283447
4.554349899291992
-7.867030143737793
4.267139911651611
-8.346090316772461
3.979919910430908
-8.825139999389648
3.692699909210205
-9.304200172424316
3.405489921569824
-9.783249855041504
3.118269920349121
-10.262299537658691
2.8310599327087402
-10.741399765014648
2.543839931488037
-11.220399856567383
2.256619930267334
-11.69950008392334
1.9694099426269531
-12.178500175476074
1.68218994140625
-12.657600402832031
1.3949799537658691
-13.13659954071045
1.107759952545166
-13.615699768066406
0.8205440044403076
-14.09469985961914
0.5333279967308044
-14.573800086975098
0.24611200392246246
-15.052900314331055
-0.04110420122742653
-15.531900405883789
-0.3283199965953827
-16.01099967956543
-0.6155359745025635
-16.489999771118164
-0.9027519822120667
-16.969100952148438
-1.1899700164794922
-17.44809913635254
-1.477180004119873
