-4.560739994049072
7.166079998016357
-4.472720146179199
6.6207499504089355
-4.384699821472168
6.075419902801514
-4.296679973602295
5.530089855194092
-4.208660125732422
4.98475980758667
-4.120639801025391
4.439430236816406
-4.032619953155518
3.8940999507904053
-3.9446001052856445
3.3487699031829834
-3.8565800189971924
2.8034400939941406
-3.7685599327087402
2.2581100463867188
-3.680540084838867
1.7127699851989746
-3.592519998550415
1.1674400568008423
-3.504499912261963
0.6221129894256592
-3.41648006439209
0.07678250223398209
-3.3284599781036377
-0.4685479998588562
-3.2404398918151855
-1.0138800144195557
-3.1524200439453125
-1.559209942817688
-3.0643999576568604
-2.1045401096343994
-2.9763801097869873
-2.649869918823242
-2.888360023498535
-3.195199966430664
-2.800339937210083
-3.740530014038086
-2.71232008934021
-4.285860061645508
-2.624300003051758
-4.83119010925293
-2.5362799167633057
-5.376530170440674
-2.4482600688934326
-5.921860218048096
-2.3602399826049805
-6.467189788818359
-2.2722198963165283
-7.012519836425781
-2.1842000484466553
-7.557849884033203
-2.096179962158203
-8.103179931640625
-2.00816011428833
-8.648509979248047
-1.920140027999878
-9.193840026855469
-1.8321199417114258
-9.73917007446289
-1.7440999746322632
-10.284500122070312
-1.6560800075531006
-10.82979965209961
-1.568060040473938
-11.375200271606445
-1.4800399541854858
-11.920499801635742
