-19.226699829101562
15.06350040435791
-18.688600540161133
14.917799949645996
-18.15049934387207
14.772000312805176
-17.61240005493164
14.626299858093262
-17.074199676513672
14.480600357055664
-16.536100387573242
14.33489990234375
-15.998000144958496
14.189200401306152
-15.45989990234375
14.043499946594238
-14.921799659729004
13.89780044555664
-14.383700370788574
13.752099990844727
-13.845499992370605
13.606300354003906
-13.30739974975586
13.460599899291992
-12.76930046081543
13.314900398254395
-12.231200218200684
13.16919994354248
-11.693099975585938
13.023500442504883
-11.154899597167969
12.877799987792969
-10.616800308227539
12.732099533081055
-10.078700065612793
12.586299896240234
-9.540579795837402
12.440600395202637
-9.002459526062012
12.294899940490723
-8.464340209960938
12.149200439453125
-7.926219940185547
12.003499984741211
-7.388110160827637
11.857799530029297
-6.849989891052246
11.7121000289917
-6.311870098114014
11.566399574279785
-5.773749828338623
11.420599937438965
-5.235630035400391
11.274900436401367
-4.697509765625
11.129199981689453
-4.159389972686768
10.983499526977539
-3.621269941329956
10.837800025939941
-3.083159923553467
10.692099571228027
-2.5450398921966553
10.54640007019043
-2.006920099258423
10.40060043334961
-1.4687999486923218
10.254899978637695
-0.930679976940155
10.109199523925781
-0.3925609886646271
9.963509559631348
0.14555799961090088
9.817790031433105
0.6836770176887512
9.672080039978027
1.2217999696731567
9.52637004852295
1.759909987449646
9.38064956665039
2.298029899597168
9.234939575195312
2.8361499309539795
9.089229583740234
3.374269962310791
8.943510055541992
3.9123899936676025
8.797800064086914
4.450510025024414
8.652079582214355
4.9886298179626465
8.506369590759277
5.526750087738037
8.3606595993042
6.0648698806762695
8.214940071105957
6.602980136871338
8.069230079650879
7.14109992980957
7.923520088195801
7.679220199584961
7.7778000831604
8.217340469360352
7.632090091705322
8.755459785461426
7.486380100250244
9.293580055236816
7.340660095214844
9.831700325012207
7.194950103759766
10.369799613952637
7.0492401123046875
10.907899856567383
6.903520107269287
11.446100234985352
6.757810115814209
11.984199523925781
6.612100124359131
12.522299766540527
6.4663801193237305
13.060400009155273
6.320670127868652
13.59850025177002
6.174960136413574
14.13659954071045
6.029240131378174
14.674799919128418
5.883530139923096
15.212900161743164
5.737820148468018
15.75100040435791
5.592100143432617
16.289100646972656
5.446390151977539
16.827199935913086
5.300680160522461
17.365400314331055
5.1549601554870605
