-1.8278199434280396
-13.724699974060059
-1.5050499439239502
-13.263799667358398
-1.1822799444198608
-12.802800178527832
-0.8595110177993774
-12.341899871826172
-0.5367410182952881
-11.880900382995605
-0.21397000551223755
-11.419899940490723
0.10880099982023239
-10.958999633789062
0.43157199025154114
-10.498000144958496
0.7543429732322693
-10.037099838256836
1.0771100521087646
-9.576089859008789
1.399880051612854
-9.115130424499512
1.7226500511169434
-8.654170036315918
2.0454299449920654
-8.193220138549805
2.3682000637054443
-7.732260227203369
2.690969944000244
-7.271299839019775
3.013740062713623
-6.81033992767334
3.336509943008423
-6.349380016326904
3.6592800617218018
-5.888420104980469
3.9820499420166016
-5.427460193634033
4.3048200607299805
-4.9664998054504395
4.627590179443359
-4.505539894104004
4.95035982131958
-4.044579982757568
5.273129940032959
-3.583620071411133
5.595900058746338
-3.122659921646118
5.918680191040039
-2.6617000102996826
6.24144983291626
-2.200740098953247
6.564219951629639
-1.7397799491882324
6.886990070343018
-1.2788200378417969
7.2097601890563965
-0.8178589940071106
7.532529830932617
-0.3568989932537079
7.855299949645996
0.10406100004911423
8.178070068359375
0.5650209784507751
8.500840187072754
1.025979995727539
