13.119999885559082
-19.590200424194336
12.700499534606934
-19.279600143432617
12.280900001525879
-18.968900680541992
11.815500259399414
-18.66029930114746
11.350199699401855
-18.351699829101562
10.88479995727539
-18.042999267578125
10.419400215148926
-17.734399795532227
9.954050064086914
-17.425800323486328
9.488679885864258
-17.11709976196289
9.023309707641602
-16.808500289916992
8.557939529418945
-16.499900817871094
8.092570304870605
-16.191200256347656
7.627190113067627
-15.882599830627441
7.161819934844971
-15.574000358581543
6.696450233459473
-15.265299797058105
6.231080055236816
-14.956700325012207
5.76570987701416
-14.648099899291992
5.300340175628662
-14.339500427246094
4.834969997406006
-14.030799865722656
4.369589805603027
-13.722200393676758
3.9042201042175293
-13.413599967956543
3.438849925994873
-13.104900360107422
2.973479986190796
-12.796299934387207
2.5081100463867188
-12.487700462341309
2.0427401065826416
-12.178999900817871
1.577370047569275
-11.870400428771973
1.1119999885559082
-11.561800003051758
0.6466249823570251
-11.253100395202637
0.18125300109386444
-10.944499969482422
-0.28411799669265747
-10.635899543762207
-0.7494890093803406
-10.327300071716309
-1.214859962463379
-10.018600463867188
-1.6802300214767456
-9.710000038146973
-2.1456000804901123
-9.40137004852295
-2.6109700202941895
-9.092740058898926
-3.076349973678589
-8.784099578857422
-3.541719913482666
-8.475469589233398
-4.007090091705322
-8.166839599609375
-4.47245979309082
-7.85821008682251
-4.937829971313477
-7.549580097198486
-5.403200149536133
-7.240950107574463
-5.868569850921631
-6.9323201179504395
-6.333940029144287
-6.623690128326416
-6.799320220947266
-6.315060138702393
-7.264689922332764
-6.006430149078369
-7.73006010055542
-5.697800159454346
-8.195429801940918
-5.389170169830322
-8.660799980163574
-5.080540180206299
-9.12617015838623
-4.771910190582275
-9.591540336608887
-4.463280200958252
-10.056900024414062
-4.1546502113342285
-10.522299766540527
-3.8460099697113037
-10.987700462341309
-3.5373799800872803
-11.45300006866455
-3.228749990463257
-11.918399810791016
-2.9201200008392334
