-13.355600357055664
18.318700790405273
-12.804900169372559
18.222000122070312
-12.25409984588623
18.12529945373535
-11.703399658203125
18.028600692749023
-11.152700424194336
17.931900024414062
-10.60200023651123
17.8351993560791
-10.051199913024902
17.738500595092773
-9.500530242919922
17.641700744628906
-8.949810028076172
17.545000076293945
-8.399080276489258
17.448299407958984
-7.848360061645508
17.351600646972656
-7.297639846801758
17.254899978637695
-6.746920108795166
17.158199310302734
-6.196199893951416
17.061500549316406
-5.645480155944824
16.964799880981445
-5.094759941101074
16.868099212646484
-4.544040203094482
16.771299362182617
-3.9933199882507324
16.67460060119629
-3.4426000118255615
16.577899932861328
-2.8918800354003906
16.481199264526367
-2.3411600589752197
16.38450050354004
-1.7904399633407593
16.287799835205078
-1.2397199869155884
16.191099166870117
-0.6889960169792175
16.09440040588379
-0.13827499747276306
15.997699737548828
0.4124450087547302
15.901000022888184
0.9631659984588623
15.804200172424316
1.513890027999878
15.707500457763672
2.064610004425049
15.610799789428711
2.6153299808502197
15.514100074768066
3.1660499572753906
15.417400360107422
3.7167699337005615
15.320699691772461
4.267489910125732
15.223999977111816
4.818210124969482
15.127300262451172
5.368929862976074
15.030599594116211
5.919650077819824
14.933899879455566
6.470369815826416
14.8371000289917
7.021090030670166
14.740400314331055
7.571809768676758
14.643699645996094
8.122529983520508
14.54699993133545
8.673259735107422
14.450300216674805
9.223979949951172
14.353599548339844
9.774700164794922
14.2568998336792
10.325400352478027
14.160200119018555
10.876099586486816
14.06350040435791
11.426899909973145
13.96679973602295
11.97760009765625
13.869999885559082
12.528300285339355
13.773300170898438
13.079000473022461
13.676600456237793
13.62969970703125
13.579899787902832
14.180500030517578
13.483200073242188
