-16.54520034790039
-9.760470390319824
-16.482799530029297
-9.207200050354004
-16.420400619506836
-8.65392017364502
-16.357999801635742
-8.1006498336792
-16.295700073242188
-7.547369956970215
-16.233299255371094
-6.994100093841553
-16.170900344848633
-6.440830230712891
-16.10849952697754
-5.887549877166748
-16.046100616455078
-5.334280014038086
-15.983699798583984
-4.781000137329102
-15.921299934387207
-4.227729797363281
-15.85890007019043
-3.674459934234619
-15.796500205993652
-3.1211800575256348
-15.734100341796875
-2.5679099559783936
-15.671699523925781
-2.014630079269409
-15.609299659729004
-1.461359977722168
-15.546899795532227
-0.9080870151519775
-15.48449993133545
-0.35481300950050354
-15.422100067138672
0.19846099615097046
-15.359700202941895
0.7517349720001221
-15.297300338745117
1.3050099611282349
-15.234999656677246
1.8582799434661865
-15.172599792480469
2.41156005859375
-15.110199928283691
2.964829921722412
-15.047800064086914
3.5181000232696533
-14.985400199890137
4.071380138397217
-14.92300033569336
4.624650001525879
-14.860600471496582
5.177929878234863
-14.798199653625488
5.731200218200684
-14.735799789428711
6.284470081329346
-14.673399925231934
6.83774995803833
-14.611000061035156
7.391019821166992
-14.548600196838379
7.944300174713135
-14.486200332641602
8.497570037841797
