-18.80270004272461
1.8819600343704224
-18.241100311279297
1.879140019416809
-17.679399490356445
1.8763099908828735
-17.117700576782227
1.873479962348938
-16.556100845336914
1.870650053024292
-15.994400024414062
1.8678200244903564
-15.432700157165527
1.864989995956421
-14.871100425720215
1.8621599674224854
-14.309399604797363
1.859339952468872
-13.747699737548828
1.856510043144226
-13.186100006103516
1.8536800146102905
-12.62440013885498
1.850849986076355
-12.062700271606445
1.8480199575424194
-11.501099586486816
1.8451900482177734
-10.939399719238281
1.8423700332641602
-10.377699851989746
1.8395400047302246
-9.816069602966309
1.836709976196289
-9.254409790039062
1.8338799476623535
-8.692740440368652
1.8310500383377075
-8.131070137023926
1.828220009803772
-7.5694098472595215
1.8253999948501587
-7.007740020751953
1.8225699663162231
-6.446070194244385
1.8197400569915771
-5.8844099044799805
1.8169100284576416
-5.322740077972412
1.814079999923706
-4.7610697746276855
1.8112499713897705
-4.199399948120117
1.8084299564361572
-3.637739896774292
1.8056000471115112
-3.0760700702667236
1.8027700185775757
-2.514400005340576
1.7999399900436401
-1.952739953994751
1.7971099615097046
-1.391070008277893
1.7942800521850586
-0.8294029831886292
1.791450023651123
-0.2677359879016876
1.7886300086975098
0.2939310073852539
1.7857999801635742
0.855597972869873
1.7829699516296387
1.4172600507736206
1.7801400423049927
1.9789299964904785
1.7773100137710571
2.540600061416626
1.7744799852371216
3.1022698879241943
1.7716599702835083
3.6639299392700195
1.7688299417495728
4.225599765777588
1.7660000324249268
4.7872700691223145
1.7631700038909912
5.3489298820495605
1.7603399753570557
5.910600185394287
1.7575099468231201
6.4722700119018555
1.7546900510787964
7.033929824829102
1.7518600225448608
7.595600128173828
1.7490299940109253
