2.3523900508880615
6.625030040740967
1.9199800491333008
6.9627299308776855
1.48757004737854
7.300429821014404
1.0551600456237793
7.638130187988281
0.622750997543335
7.975830078125
0.19034099578857422
8.313529968261719
-0.24206799268722534
8.651220321655273
-0.6744779944419861
8.988920211791992
-1.1068899631500244
9.326620101928711
-1.5392999649047852
9.66431999206543
-1.971709966659546
10.001999855041504
-2.4041199684143066
10.339699745178223
-2.8365299701690674
10.677399635314941
-3.268929958343506
11.01509952545166
-3.7013399600982666
11.352800369262695
-4.133749961853027
11.690500259399414
-4.566160202026367
12.028200149536133
-4.998569965362549
12.365900039672852
-5.430980205535889
12.70359992980957
-5.86338996887207
13.041299819946289
-6.29580020904541
13.378999710083008
-6.728209972381592
13.716699600219727
