-8.774640083312988
0.3483960032463074
-8.91631031036377
0.892985999584198
-9.05797004699707
1.4375799894332886
-9.199629783630371
1.9821699857711792
-9.341290473937988
2.5267601013183594
-9.482950210571289
3.07135009765625
-9.62460994720459
3.6159400939941406
-9.76626968383789
4.160530090332031
-9.907939910888672
4.7051100730896
-10.049599647521973
5.24970006942749
-10.191300392150879
5.794290065765381
-10.332900047302246
6.3388800621032715
-10.474599838256836
6.883470058441162
-10.61620044708252
7.428060054779053
-10.75790023803711
7.972650051116943
-10.8996000289917
8.517239570617676
-11.041199684143066
9.061829566955566
-11.182900428771973
9.606419563293457
-11.324600219726562
10.151000022888184
-11.46619987487793
10.695599555969238
-11.60789966583252
11.24020004272461
