14.23859977722168
-5.777440071105957
13.70680046081543
-5.953360080718994
13.175000190734863
-6.129280090332031
12.643199920654297
-6.305200099945068
12.111300468444824
-6.4811201095581055
11.579500198364258
-6.657040119171143
11.047699928283691
-6.83296012878418
10.515800476074219
-7.008880138397217
9.983989715576172
-7.184800148010254
9.452159881591797
-7.360720157623291
8.920319557189941
-7.536640167236328
8.388489723205566
-7.712560176849365
7.856659889221191
-7.888480186462402
7.324830055236816
-8.064399719238281
6.793000221252441
-8.240320205688477
6.261159896850586
-8.416239738464355
5.729330062866211
-8.59216022491455
5.197500228881836
-8.76807975769043
4.665669918060303
-8.944000244140625
4.1338300704956055
-9.119919776916504
3.6019999980926514
-9.2958402633667
3.0701699256896973
-9.471759796142578
2.5383400917053223
-9.647680282592773
2.006500005722046
-9.823599815368652
1.4746700525283813
-9.999509811401367
0.9428399801254272
-10.175399780273438
0.41100800037384033
-10.351400375366211
-0.12082500010728836
-10.527299880981445
-0.6526569724082947
-10.703200340270996
-1.1844899654388428
-10.87909984588623
-1.7163200378417969
-11.055000305175781
-2.248150110244751
-11.230999946594238
-2.7799899578094482
-11.406900405883789
-3.3118200302124023
-11.582799911499023
-3.8436501026153564
-11.758700370788574
-4.3754801750183105
-11.934599876403809
-4.907320022583008
-12.11050033569336
-5.439149856567383
-12.286499977111816
-5.970980167388916
-12.462400436401367
-6.502810001373291
-12.638299942016602
-7.034639835357666
-12.814200401306152
-7.5664801597595215
-12.990099906921387
-8.098310470581055
-13.166099548339844
-8.63014030456543
-13.342000007629395
-9.161970138549805
-13.517900466918945
-9.69381046295166
-13.69379997253418
-10.225600242614746
-13.86970043182373
-10.757499694824219
-14.045700073242188
