4.076419830322266
-4.542049884796143
4.194419860839844
-3.999959945678711
4.312419891357422
-3.4578700065612793
4.430409908294678
-2.9157800674438477
4.548409938812256
-2.373689889907837
4.666409969329834
-1.8315999507904053
4.784409999847412
-1.2895100116729736
4.90241003036499
-0.7474169731140137
5.020410060882568
-0.20532600581645966
5.1384100914001465
0.33676499128341675
5.256410121917725
0.8788560032844543
5.374410152435303
1.4209500551223755
5.492410182952881
1.9630399942398071
5.610410213470459
2.5051300525665283
5.728409767150879
3.04721999168396
5.846409797668457
3.5893099308013916
5.964409828186035
4.131400108337402
6.082409858703613
4.673490047454834
6.200409889221191
5.215579986572266
6.3184099197387695
5.757669925689697
6.436409950256348
6.299769878387451
6.554409980773926
6.841859817504883
6.672410011291504
7.383950233459473
6.790410041809082
7.926040172576904
6.90841007232666
8.468130111694336
7.026410102844238
9.01021957397461
7.144410133361816
9.5523099899292
