-0.9900209903717041
13.40939998626709
-0.4742879867553711
13.603400230407715
0.04144519940018654
13.79740047454834
0.5571780204772949
13.991299629211426
1.072909951210022
14.18529987335205
1.5886399745941162
14.379300117492676
2.104379892349243
14.573200225830078
2.620110034942627
14.767200469970703
3.1358399391174316
14.961099624633789
3.6515800952911377
15.155099868774414
4.1673102378845215
15.349100112915039
4.683040142059326
15.543000221252441
5.198780059814453
15.737000465393066
5.714509963989258
15.930999755859375
6.2302398681640625
16.124900817871094
6.745969772338867
16.318899154663086
7.261710166931152
16.512800216674805
7.777440071105957
16.70680046081543
8.293169975280762
16.900800704956055
8.808910369873047
17.09469985961914
9.324640274047852
17.288700103759766
9.840370178222656
17.48270034790039
10.356100082397461
17.676599502563477
10.871800422668457
17.8705997467041
11.38759994506836
18.06450080871582
11.903300285339355
18.258499145507812
