12.648500442504883
7.084080219268799
12.7677001953125
6.551290035247803
12.886899948120117
6.018509864807129
13.006099700927734
5.485730171203613
13.125300407409668
4.952939987182617
13.244600296020508
4.420159816741943
13.363800048828125
3.8873798847198486
13.482999801635742
3.3545899391174316
13.60219955444336
2.821810007095337
13.721400260925293
2.289030075073242
13.84060001373291
1.7562400102615356
13.959799766540527
1.2234599590301514
14.079000473022461
0.6906759738922119
14.198200225830078
0.15789200365543365
14.317500114440918
-0.3748910129070282
14.436699867248535
-0.9076740145683289
14.555899620056152
-1.440459966659546
14.675100326538086
-1.9732400178909302
14.794300079345703
-2.5060200691223145
14.91349983215332
-3.0388100147247314
15.032699584960938
-3.571589946746826
15.151900291442871
-4.1043701171875
15.271100044250488
-4.637159824371338
15.390299797058105
-5.169939994812012
15.509599685668945
-5.7027201652526855
