-6.304769992828369
15.583000183105469
-5.811550140380859
15.314200401306152
-5.318329811096191
15.045499801635742
-4.825109958648682
14.776700019836426
-4.331890106201172
14.508000373840332
-3.838670015335083
14.2391996383667
-3.345449924468994
13.970499992370605
-2.852220058441162
13.701700210571289
-2.3589999675750732
13.432999610900879
-1.865779995918274
13.164199829101562
-1.3725600242614746
12.895500183105469
-0.8793399930000305
12.626700401306152
-0.38611900806427
12.35789966583252
0.10710299760103226
12.089200019836426
0.6003239750862122
11.82040023803711
1.0935499668121338
11.5516996383667
1.5867700576782227
11.282899856567383
2.0799899101257324
11.014200210571289
2.5732100009918213
10.745400428771973
3.06643009185791
10.476699829101562
3.55964994430542
10.207900047302246
4.05286979675293
9.939160346984863
4.546090126037598
9.67041015625
5.03931999206543
9.401659965515137
5.5325398445129395
9.13290023803711
6.025760173797607
8.864150047302246
6.518980026245117
8.595399856567383
7.012199878692627
8.326640129089355
7.505420207977295
8.057889938354492
7.998640060424805
7.789140224456787
8.491860389709473
7.520380020141602
8.985079765319824
7.251629829406738
9.478309631347656
6.982880115509033
9.971529960632324
6.714119911193848
10.464699745178223
6.445370197296143
10.958000183105469
6.176609992980957
11.451199531555176
5.907859802246094
11.9443998336792
5.639110088348389
12.437600135803223
5.370349884033203
12.930899620056152
5.101600170135498
