13.820099830627441
8.024589538574219
13.342100143432617
8.303030014038086
12.864100456237793
8.581480026245117
12.386199951171875
8.859930038452148
11.90820026397705
9.13838005065918
11.43019962310791
9.416830062866211
10.952199935913086
9.695269584655762
10.474300384521484
9.973719596862793
9.996310234069824
10.25220012664795
9.518329620361328
10.530599594116211
9.040360450744629
10.809100151062012
8.562390327453613
11.087499618530273
8.084420204162598
11.366000175476074
7.606450080871582
11.644399642944336
7.128479957580566
11.922900199890137
6.650509834289551
12.201299667358398
6.172540187835693
12.4798002243042
5.6945600509643555
12.758199691772461
5.21658992767334
13.036700248718262
4.738619804382324
13.315099716186523
4.260650157928467
13.593500137329102
3.782680034637451
13.871999740600586
3.3047099113464355
14.150400161743164
2.826740026473999
14.428899765014648
