-7.018050193786621
-4.193630218505859
-6.7292799949646
-3.7160398960113525
-6.440509796142578
-3.238450050354004
-6.151750087738037
-2.760859966278076
-5.862979888916016
-2.2832698822021484
-5.574210166931152
-1.8056800365447998
-5.285439968109131
-1.3280999660491943
-4.996679782867432
-0.8505070209503174
-4.707910060882568
-0.3729189932346344
-4.419139862060547
0.10467000305652618
-4.130370140075684
0.5822579860687256
-3.841599941253662
1.0598499774932861
-3.552839994430542
1.5374300479888916
-3.2640700340270996
2.0150198936462402
-2.9753000736236572
2.492609977722168
-2.686530113220215
2.9702000617980957
-2.3977699279785156
3.4477899074554443
-2.1089999675750732
3.925379991531372
-1.8202300071716309
4.402959823608398
-1.5314600467681885
4.880549907684326
-1.2426999807357788
5.358139991760254
-0.9539279937744141
5.835730075836182
-0.6651600003242493
6.313320159912109
-0.37639299035072327
6.790909767150879
-0.08762510120868683
7.268489837646484
0.20114299654960632
7.746079921722412
0.4899100065231323
8.22367000579834
0.7786779999732971
8.70125961303711
1.0674500465393066
9.178850173950195
1.3562099933624268
9.656439781188965
1.6449799537658691
10.133999824523926
1.933750033378601
10.611599922180176
2.222520112991333
11.089200019836426
2.511280059814453
11.566800117492676
2.8000500202178955
12.044400215148926
3.088819980621338
12.522000312805176
3.3775899410247803
12.999600410461426
3.6663498878479004
13.477100372314453
3.955120086669922
13.954700469970703
4.243889808654785
14.432299613952637
