-7.491429805755615
-0.6979680061340332
-7.077789783477783
-0.4691999852657318
-6.664159774780273
-0.2404319941997528
-6.2505202293396
-0.011664500460028648
-5.83689022064209
0.2171030044555664
-5.349800109863281
0.46894899010658264
-4.862709999084473
0.7207949757575989
-4.375619888305664
0.9726409912109375
-3.8885300159454346
1.2244900465011597
-3.401439905166626
1.476330041885376
-2.9143500328063965
1.7281800508499146
-2.42726993560791
1.9800299406051636
-1.9401799440383911
2.23186993598938
-1.453089952468872
2.483720064163208
-0.9659990072250366
2.7355599403381348
-0.47890999913215637
2.987410068511963
0.00817883014678955
3.239259958267212
0.49526798725128174
3.4911000728607178
0.9823570251464844
3.742949962615967
1.4694499969482422
3.9947900772094727
1.956529974937439
4.246640205383301
2.443619966506958
4.498489856719971
2.9307100772857666
4.750329971313477
3.417799949645996
5.002180099487305
3.9048900604248047
5.2540202140808105
4.391980171203613
5.5058698654174805
4.879069805145264
5.757719993591309
5.366159915924072
6.0095601081848145
5.853250026702881
6.261410236358643
6.3403401374816895
6.51324987411499
6.827420234680176
6.765100002288818
7.314509868621826
7.0169501304626465
7.801599979400635
7.268789768218994
8.288689613342285
7.520639896392822
8.775779724121094
7.772480010986328
