10.410099983215332
15.432900428771973
10.565400123596191
14.890000343322754
10.720800399780273
14.347200393676758
10.876199722290039
13.804300308227539
11.031499862670898
13.26140022277832
11.18690013885498
12.718500137329102
11.342300415039062
12.175700187683105
11.497599601745605
11.632800102233887
11.652999877929688
11.089900016784668
11.80840015411377
10.547100067138672
11.963700294494629
10.004199981689453
12.119099617004395
9.461310386657715
12.274499893188477
8.91843032836914
12.429800033569336
8.37555980682373
12.585200309753418
7.8326897621154785
12.740599632263184
7.289820194244385
12.895899772644043
6.7469401359558105
13.051300048828125
6.204070091247559
13.206700325012207
5.661200046539307
13.362099647521973
5.118330001831055
13.517399787902832
4.5754499435424805
13.672800064086914
4.0325798988342285
13.828200340270996
3.4897100925445557
13.983499526977539
2.9468300342559814
14.138899803161621
2.4039599895477295
14.294300079345703
1.8610899448394775
14.449600219726562
1.3182200193405151
14.604999542236328
0.7753440141677856
14.76039981842041
0.23247100412845612
14.91569995880127
-0.3104020059108734
15.071100234985352
-0.8532739877700806
15.226499557495117
-1.39614999294281
15.381799697875977
-1.939020037651062
15.537199974060059
-2.4818899631500244
15.69260025024414
-3.0247700214385986
15.847900390625
-3.5676400661468506
16.003299713134766
-4.110509872436523
16.158700942993164
-4.653379917144775
16.31399917602539
-5.19625997543335
16.46940040588379
-5.739130020141602
16.624799728393555
-6.2820000648498535
16.78019905090332
-6.8248701095581055
16.93549919128418
-7.36775016784668
17.090900421142578
-7.910620212554932
