7.469679832458496
9.049659729003906
6.928959846496582
8.9298095703125
6.388239860534668
8.80996036529541
5.847519874572754
8.690110206604004
5.30679988861084
8.570260047912598
4.766089916229248
8.450409889221191
4.225369930267334
8.330559730529785
3.68464994430542
8.210709571838379
3.143929958343506
8.090849876403809
2.603209972381592
7.9710001945495605
2.0625
7.851150035858154
1.521780014038086
7.731299877166748
0.9810590147972107
7.6114501953125
0.4403409957885742
7.491600036621094
-0.10037799924612045
7.3717498779296875
-0.6410959959030151
7.2519001960754395
-1.1818100214004517
7.132040023803711
-1.7225300073623657
7.012189865112305
-2.2632501125335693
6.892340183258057
-2.8039700984954834
6.77249002456665
-3.3446900844573975
6.652639865875244
-3.8854000568389893
6.532790184020996
-4.426119804382324
6.41294002532959
-4.966839790344238
6.293089866638184
-5.507559776306152
6.173230171203613
-6.048279762268066
6.053380012512207
-6.589000225067139
5.933529853820801
-7.1297101974487305
5.813680171966553
-7.6704301834106445
5.6938300132751465
-8.211150169372559
5.57397985458374
-8.751870155334473
5.454130172729492
-9.292590141296387
5.334280014038086
-9.83329963684082
5.214419841766357
-10.37399959564209
5.094570159912109
-10.91469955444336
4.974720001220703
-11.455499649047852
4.854869842529297
-11.996199607849121
4.735020160675049
-12.53689956665039
4.615170001983643
