4.036459922790527
17.815200805664062
3.505500078201294
17.72439956665039
2.9745500087738037
17.633499145507812
2.443589925765991
17.542699813842773
1.9126399755477905
17.451799392700195
1.3816800117492676
17.361000061035156
0.8507260084152222
17.270099639892578
0.3197709918022156
17.17930030822754
-0.21118399500846863
17.08839988708496
-0.7421389818191528
16.997600555419922
-1.2730900049209595
16.906700134277344
-1.8040499687194824
16.815799713134766
-2.3350000381469727
16.725000381469727
-2.865959882736206
16.63409996032715
-3.3969199657440186
16.54330062866211
-3.927870035171509
16.45240020751953
-4.458829879760742
16.361600875854492
-4.989779949188232
16.270700454711914
-5.520740032196045
16.179899215698242
-6.051690101623535
16.089000701904297
