-16.0049991607666
-3.2189199924468994
-16.20050048828125
-2.7076001167297363
-16.395999908447266
-2.196280002593994
-16.59149932861328
-1.6849600076675415
-16.78700065612793
-1.1736400127410889
-16.982500076293945
-0.6623169779777527
-17.17799949645996
-0.15099599957466125
-17.37339973449707
0.36032500863075256
-17.568899154663086
0.871645987033844
-17.764400482177734
1.3829699754714966
-17.95989990234375
1.8942899703979492
-18.155399322509766
2.4056100845336914
-18.350900650024414
2.9169299602508545
-18.54640007019043
3.4282500743865967
