0.8115770220756531
19.43090057373047
0.5664889812469482
18.930099487304688
0.32140201330184937
18.42930030822754
0.07631479948759079
17.928499221801758
-0.16877299547195435
17.427600860595703
-0.4138599932193756
16.926799774169922
-0.6589469909667969
16.426000595092773
-0.9040349721908569
15.925200462341309
-1.1491199731826782
15.424400329589844
-1.3942099809646606
14.923600196838379
-1.639299988746643
14.422800064086914
-1.8843799829483032
13.92199993133545
-2.129470109939575
13.421199798583984
-2.3745601177215576
12.92039966583252
-2.619649887084961
12.419599533081055
-2.864729881286621
11.918800354003906
-3.1098198890686035
11.418000221252441
-3.354909896850586
10.917200088500977
-3.5999999046325684
10.416399955749512
-3.8450798988342285
9.915550231933594
-4.090169906616211
9.414739608764648
-4.335259914398193
8.9139404296875
-4.5803399085998535
8.413129806518555
-4.825429916381836
7.912320137023926
-5.070519924163818
7.411520004272461
-5.315609931945801
6.910709857940674
-5.560689926147461
6.409910202026367
-5.805779933929443
5.90910005569458
-6.050869941711426
5.408289909362793
-6.295959949493408
4.907489776611328
-6.541039943695068
4.406680107116699
-6.786129951477051
3.905869960784912
-7.031219959259033
3.4050700664520264
-7.276309967041016
2.9042599201202393
-7.521389961242676
2.4034600257873535
-7.766479969024658
1.902649998664856
-8.01156997680664
1.4018399715423584
-8.256660461425781
0.9010360240936279
-8.501740455627441
0.4002299904823303
-8.746829986572266
-0.1005759984254837
-8.991920471191406
-0.6013829708099365
-9.237000465393066
-1.1021900177001953
-9.48208999633789
-1.6030000448226929
-9.727179527282715
-2.103800058364868
-9.972270011901855
-2.604609966278076
-10.217399597167969
-3.105410099029541
-10.462400436401367
-3.606220006942749
-10.707500457763672
-4.107029914855957
-10.95259952545166
-4.607830047607422
-11.197699546813965
-5.108640193939209
-11.44279956817627
-5.609449863433838
-11.687899589538574
-6.110249996185303
-11.932999610900879
-6.61106014251709
-12.178099632263184
-7.1118597984313965
-12.423100471496582
-7.612669944763184
-12.66819953918457
-8.113479614257812
-12.913299560546875
-8.614279747009277
-13.15839958190918
-9.115090370178223
-13.403499603271484
-9.615900039672852
-13.648599624633789
-10.116700172424316
-13.893699645996094
-10.617500305175781
-14.138799667358398
-11.118300437927246
-14.38379955291748
-11.619099617004395
-14.628899574279785
-12.11989974975586
