-4.9774699211120605
13.731300354003906
-4.581910133361816
13.332300186157227
-4.186339855194092
12.933300018310547
-3.7907800674438477
12.534299850463867
-3.3952200412750244
12.135299682617188
-2.999660015106201
11.736300468444824
-2.6040899753570557
11.337300300598145
-2.2085299491882324
10.938400268554688
-1.8129700422286987
10.539400100708008
-1.4174100160598755
10.140399932861328
-1.02183997631073
9.741390228271484
-0.6262789964675903
9.342399597167969
-0.2307170033454895
8.94340991973877
0.1648460030555725
8.54442024230957
0.5604090094566345
8.145429611206055
0.9559720158576965
7.7464399337768555
1.3515299558639526
7.347449779510498
1.7470999956130981
6.948460102081299
2.142659902572632
6.549469947814941
2.538219928741455
6.150479793548584
2.9337899684906006
5.751490116119385
3.329349994659424
5.352499961853027
3.724910020828247
4.95350980758667
4.12047004699707
4.554520130157471
4.516039848327637
4.155529975891113
4.911600112915039
3.756540060043335
5.307159900665283
3.3575499057769775
5.702730178833008
2.958559989929199
6.098289966583252
2.559570074081421
6.493850231170654
2.1605799198150635
6.889410018920898
1.7615900039672852
7.284979820251465
1.3625999689102173
7.680540084838867
0.9636150002479553
8.07610034942627
0.5646250247955322
8.471670150756836
0.16563500463962555
8.867230415344238
-0.23335400223731995
9.262789726257324
-0.6323440074920654
9.658349990844727
-1.0313299894332886
10.053899765014648
-1.4303200244903564
10.44950008392334
-1.8293100595474243
10.845000267028809
-2.228300094604492
11.240599632263184
-2.6272900104522705
11.636199951171875
-3.026279926300049
