-16.370399475097656
10.944700241088867
-16.46179962158203
10.402299880981445
-16.553199768066406
9.85986042022705
-16.64459991455078
9.317449569702148
-16.73590087890625
8.775050163269043
-16.827299118041992
8.232640266418457
-16.918699264526367
7.690239906311035
-17.010099411010742
7.147830009460449
-17.101499557495117
6.6054301261901855
-17.192899703979492
6.0630202293396
-17.284299850463867
5.5206098556518555
-17.375699996948242
4.978209972381592
-17.466999053955078
4.435800075531006
-17.558399200439453
3.893399953842163
-17.649799346923828
3.350990056991577
-17.741199493408203
2.8085899353027344
-17.832599639892578
2.2661800384521484
-17.923999786376953
1.723770022392273
-18.015399932861328
1.1813700199127197
-18.106700897216797
0.6389619708061218
-18.19809913635254
0.09655620157718658
-18.289499282836914
-0.4458500146865845
-18.38089942932129
-0.9882550239562988
-18.472299575805664
-1.5306600332260132
-18.56369972229004
-2.0730700492858887
-18.655099868774414
-2.6154699325561523
-18.746400833129883
-3.1578800678253174
-18.837799072265625
-3.700279951095581
-18.92919921875
-4.242690086364746
-19.020599365234375
-4.785099983215332
-19.11199951171875
-5.327499866485596
-19.203399658203125
-5.869909763336182
-19.2947998046875
-6.4123101234436035
-19.38610076904297
-6.9547200202941895
