-1.4145499467849731
-17.802499771118164
-1.6772199869155884
-17.307199478149414
-1.9399000406265259
-16.811899185180664
-2.202579975128174
-16.316600799560547
-2.465250015258789
-15.821399688720703
-2.7279300689697266
-15.32610034942627
-2.990600109100342
-14.83080005645752
-3.2532799243927
-14.33549976348877
-3.5159599781036377
-13.840200424194336
-3.778630018234253
-13.344900131225586
-4.041309833526611
-12.849599838256836
-4.303989887237549
-12.354399681091309
-4.566659927368164
-11.859100341796875
-4.829339981079102
-11.363800048828125
-5.092010021209717
-10.868499755859375
-5.354690074920654
-10.373200416564941
-5.617370128631592
-9.87794017791748
-5.880040168762207
-9.382650375366211
-6.1427202224731445
-8.887370109558105
-6.405389785766602
-8.392080307006836
-6.668069839477539
-7.8968000411987305
-6.930749893188477
-7.401509761810303
-7.193419933319092
-6.906219959259033
-7.456099987030029
-6.410940170288086
-7.718780040740967
-5.915649890899658
-7.981450080871582
-5.420370101928711
-8.24413013458252
-4.925079822540283
-8.506799697875977
-4.429800033569336
-8.769479751586914
-3.9345099925994873
-9.032159805297852
-3.439229965209961
-9.294830322265625
-2.9439399242401123
-9.557510375976562
-2.448659896850586
-9.8201904296875
-1.9533699750900269
-10.082900047302246
-1.4580899477005005
-10.345499992370605
-0.9628000259399414
-10.608200073242188
-0.4675149917602539
-10.87090015411377
0.027770299464464188
-11.133600234985352
0.5230559706687927
-11.396200180053711
1.018339991569519
-11.658900260925293
1.5136300325393677
-11.921600341796875
2.0089099407196045
-12.184300422668457
2.504199981689453
-12.446900367736816
2.9994800090789795
-12.709600448608398
3.494770050048828
-12.972299575805664
3.9900500774383545
-13.234999656677246
4.485340118408203
-13.497699737548828
4.98061990737915
-13.760299682617188
5.475910186767578
-14.02299976348877
5.971189975738525
-14.285699844360352
6.466479778289795
-14.548399925231934
6.9617600440979
-14.810999870300293
7.45704984664917
