-2.688810110092163
1.0556700229644775
-3.210629940032959
1.2705999612808228
-3.7324600219726562
1.4855300188064575
-4.254280090332031
1.7004599571228027
-4.7761101722717285
1.9153900146484375
-5.297929763793945
2.1303200721740723
-5.81974983215332
2.345249891281128
-6.341579914093018
2.5601799488067627
-6.863399982452393
2.7751100063323975
-7.38523006439209
2.9900400638580322
-7.907050132751465
3.2049601078033447
-8.42887020111084
3.4198899269104004
-8.950699806213379
3.634819984436035
-9.472519874572754
3.84975004196167
-9.994339942932129
4.064680099487305
-10.516200065612793
4.2796101570129395
-11.038000106811523
4.494540214538574
-11.559800148010254
4.709469795227051
-12.081600189208984
4.9243998527526855
-12.603500366210938
5.13932991027832
