1.2055000066757202
6.461709976196289
1.4746299982070923
6.934939861297607
1.7437599897384644
7.408180236816406
2.012890100479126
7.881410121917725
2.282020092010498
8.354640007019043
2.55115008354187
8.82787036895752
2.820280075073242
9.30109977722168
3.0894100666046143
9.774330139160156
3.3585400581359863
10.247599601745605
3.6276700496673584
10.720800399780273
3.8968100547790527
11.194000244140625
4.165939807891846
11.6673002243042
4.435070037841797
12.14050006866455
4.70419979095459
12.613699913024902
4.973330020904541
13.086999893188477
5.242459774017334
13.560199737548828
5.511590003967285
14.03339958190918
5.780720233917236
14.506600379943848
6.049849987030029
14.979900360107422
6.3189802169799805
15.453100204467773
6.588109970092773
15.926300048828125
6.857240200042725
16.399599075317383
7.126369953155518
16.872800827026367
7.395500183105469
17.34600067138672
7.664629936218262
17.819299697875977
7.933760166168213
18.292499542236328
8.202890396118164
18.76569938659668
