-17.145000457763672
3.5523300170898438
-16.583099365234375
3.56715989112854
-16.02120018005371
3.581979990005493
-15.459400177001953
3.5968101024627686
-14.897500038146973
3.6116299629211426
-14.335599899291992
3.6264500617980957
-13.773699760437012
3.641279935836792
-13.211899757385254
3.656100034713745
-12.649999618530273
3.670919895172119
-12.08810043334961
3.6857500076293945
-11.526200294494629
3.7005701065063477
-10.964300155639648
3.715399980545044
-10.40250015258789
3.730220079421997
-9.840579986572266
3.745039939880371
-9.27869987487793
3.7598700523376465
-8.716819763183594
3.7746899127960205
-8.154939651489258
3.7895100116729736
-7.59306001663208
3.80433988571167
-7.031179904937744
3.819159984588623
-6.469299793243408
3.8339900970458984
-5.907430171966553
3.8488099575042725
-5.345550060272217
3.8636300563812256
-4.783669948577881
3.878459930419922
-4.221789836883545
3.893280029296875
-3.659909963607788
3.9081099033355713
-3.0980300903320312
3.9229300022125244
-2.5361499786376953
3.9377501010894775
-1.974269986152649
3.952579975128174
-1.4123899936676025
3.967400074005127
-0.8505139946937561
3.982219934463501
-0.2886349856853485
3.9970500469207764
0.2732439935207367
4.01186990737915
0.8351230025291443
4.026700019836426
1.3969999551773071
4.041520118713379
1.9588799476623535
4.056340217590332
2.5207600593566895
4.071169853210449
3.0826399326324463
4.085989952087402
3.6445200443267822
4.100820064544678
4.206399917602539
4.115640163421631
4.768280029296875
4.130459785461426
5.330160140991211
4.145289897918701
5.892029762268066
4.160109996795654
6.453909873962402
4.174930095672607
7.015789985656738
4.189760208129883
7.577670097351074
4.204579830169678
8.13955020904541
4.219409942626953
8.701430320739746
4.234230041503906
9.263310432434082
4.249050140380859
9.825189590454102
4.263879776000977
10.387100219726562
4.27869987487793
10.94890022277832
4.293519973754883
11.5108003616333
4.308350086212158
12.072699546813965
4.323170185089111
12.634599685668945
4.3379998207092285
13.196499824523926
4.352819919586182
13.758299827575684
4.367640018463135
14.320199966430664
4.38247013092041
14.882100105285645
4.397290229797363
15.444000244140625
4.4121198654174805
16.00589942932129
4.426939964294434
16.567699432373047
4.441760063171387
17.129600524902344
4.456590175628662
