-1.0244300365447998
-17.264699935913086
-1.408400058746338
-16.85099983215332
-1.7923699617385864
-16.437299728393555
-2.1763501167297363
-16.02359962463379
-2.5603199005126953
-15.609800338745117
-2.9442899227142334
-15.196100234985352
-3.3282599449157715
-14.782400131225586
-3.712239980697632
-14.36870002746582
-4.09621000289917
-13.954999923706055
-4.480179786682129
-13.541199684143066
-4.864150047302246
-13.1274995803833
-5.248129844665527
-12.713800430297852
-5.6321001052856445
-12.300100326538086
-6.0160698890686035
-11.88640022277832
-6.400040149688721
-11.472599983215332
-6.784019947052002
-11.058899879455566
-7.167990207672119
-10.6451997756958
-7.551959991455078
-10.231499671936035
-7.935929775238037
-9.817749977111816
-8.319899559020996
-9.404020309448242
-8.703880310058594
-8.990300178527832
-9.087849617004395
-8.576580047607422
-9.471819877624512
-8.162859916687012
-9.855790138244629
-7.749139785766602
-10.239800453186035
-7.33542013168335
-10.623700141906738
-6.9217000007629395
-11.007699966430664
-6.507979869842529
-11.39169979095459
-6.094260215759277
-11.775699615478516
-5.680530071258545
-12.159600257873535
-5.266809940338135
-12.543600082397461
-4.853089809417725
-12.927599906921387
-4.439370155334473
-13.31149959564209
-4.0256500244140625
-13.695500373840332
-3.6119298934936523
-14.079500198364258
-3.1982100009918213
-14.463500022888184
-2.7844901084899902
-14.847399711608887
-2.370759963989258
-15.231399536132812
-1.9570399522781372
-15.615400314331055
-1.5433199405670166
-15.99940013885498
-1.1296000480651855
-16.38330078125
-0.7158799767494202
-16.76729965209961
-0.30215901136398315
-17.15130043029785
0.11156299710273743
-17.535200119018555
0.5252839922904968
-17.919200897216797
0.9390050172805786
