1.435789942741394
-12.510199546813965
1.5605499744415283
-11.96780014038086
1.6853200197219849
-11.425299644470215
1.8100800514221191
-10.88290023803711
1.9348399639129639
-10.340399742126465
2.0596001148223877
-9.79800033569336
2.1843600273132324
-9.255559921264648
2.309119939804077
-8.713120460510254
2.433880090713501
-8.170680046081543
2.5586400032043457
-7.62824010848999
2.6833999156951904
-7.0858001708984375
2.8081700801849365
-6.543360233306885
2.9329299926757812
-6.000909805297852
3.057689905166626
-5.458469867706299
3.18245005607605
-4.916029930114746
3.3072099685668945
-4.373589992523193
3.4319698810577393
-3.8311500549316406
3.556730031967163
-3.288710117340088
3.681489944458008
-2.746259927749634
3.8062500953674316
-2.203819990158081
3.9310200214385986
-1.6613800525665283
4.055779933929443
-1.118939995765686
4.180540084838867
-0.5764979720115662
4.305300235748291
-0.03405680134892464
4.430059909820557
0.5083850026130676
4.5548200607299805
1.0508300065994263
4.679580211639404
1.593269944190979
4.80433988571167
2.1357100009918213
4.929100036621094
2.678149938583374
5.05387020111084
3.220590114593506
5.1786298751831055
3.7630300521850586
5.303390026092529
4.305480003356934
5.428150177001953
4.847919940948486
5.552909851074219
5.390359878540039
5.677670001983643
5.932799816131592
5.802430152893066
6.475240230560303
5.927189826965332
7.0176801681518555
6.051949977874756
7.560120105743408
6.176720142364502
8.102569580078125
6.301479816436768
8.645009994506836
6.426239967346191
9.187450408935547
6.551000118255615
9.729889869689941
6.675759792327881
10.272299766540527
6.800519943237305
10.814800262451172
6.9252800941467285
11.357199668884277
7.050039768218994
11.899700164794922
7.174799919128418
12.442099571228027
7.299570083618164
12.98449993133545
7.424330234527588
13.527000427246094
7.5490899085998535
14.0693998336792
7.673850059509277
14.611900329589844
7.798610210418701
15.15429973602295
7.923369884490967
15.696700096130371
8.04813003540039
16.239200592041016
