15.694899559020996
-17.23900032043457
15.234700202941895
-16.916500091552734
14.774499893188477
-16.593900680541992
14.314299583435059
-16.271400451660156
13.854100227355957
-15.94890022277832
13.393899917602539
-15.626399993896484
12.933699607849121
-15.303899765014648
12.473400115966797
-14.981300354003906
12.013199806213379
-14.65880012512207
11.553000450134277
-14.336299896240234
11.09280014038086
-14.013799667358398
10.632599830627441
-13.691300392150879
10.17240047454834
-13.36870002746582
9.712160110473633
-13.046199798583984
9.25195026397705
-12.723699569702148
8.791729927062988
-12.401200294494629
8.331520080566406
-12.07859992980957
7.871300220489502
-11.756099700927734
7.411089897155762
-11.433600425720215
6.95088005065918
-11.111100196838379
6.490660190582275
-10.788599967956543
6.030449867248535
-10.465999603271484
5.570230007171631
-10.143500328063965
5.110020160675049
-9.820989608764648
4.649809837341309
-9.498470306396484
4.189589977264404
-9.175950050354004
3.729379892349243
-8.853429794311523
3.269160032272339
-8.530909538269043
2.8089499473571777
-8.208379745483398
2.3487300872802734
-7.885859966278076
1.8885200023651123
-7.563340187072754
1.4283100366592407
-7.240819931030273
0.9680920243263245
-6.918300151824951
0.5078780055046082
-6.595779895782471
0.04766340181231499
-6.273250102996826
-0.41255098581314087
-5.950729846954346
-0.8727650046348572
-5.628210067749023
-1.3329800367355347
-5.305689811706543
-1.7931900024414062
-4.983170032501221
-2.2534101009368896
-4.66064977645874
-2.7136199474334717
-4.338119983673096
-3.173840045928955
-4.015600204467773
-3.634049892425537
-3.693079948425293
-4.094260215759277
-3.3705599308013916
-4.554480075836182
-3.0480399131774902
-5.014689922332764
-2.725519895553589
-5.474909782409668
-2.4029901027679443
-5.935120105743408
-2.080470085144043
-6.3953399658203125
-1.757949948310852
-6.8555498123168945
-1.4354300498962402
-7.315760135650635
-1.1129100322723389
-7.775979995727539
-0.7903860211372375
-8.236189842224121
-0.467864990234375
-8.696410179138184
-0.14534300565719604
-9.156620025634766
0.1771789938211441
-9.616829872131348
0.49970000982284546
-10.07699966430664
0.8222219944000244
-10.537300109863281
1.1447399854660034
-10.9975004196167
1.467270016670227
-11.4576997756958
1.7897900342941284
-11.917900085449219
2.1123099327087402
