-17.270599365234375
5.746620178222656
-16.715499877929688
5.852169990539551
-16.160400390625
5.957709789276123
-15.605400085449219
6.063260078430176
-15.050299644470215
6.168799877166748
-14.49530029296875
6.274350166320801
-13.940199851989746
6.379899978637695
-13.385100364685059
6.485439777374268
-12.830100059509277
6.59099006652832
-12.274999618530273
6.696529865264893
-11.719900131225586
6.802080154418945
-11.164899826049805
6.907619953155518
-10.609800338745117
7.013169765472412
-10.054699897766113
7.118710041046143
-9.499670028686523
7.224259853363037
-8.944609642028809
7.329800128936768
-8.38953971862793
7.435349941253662
-7.834479808807373
7.540890216827393
-7.279409885406494
7.646440029144287
-6.7243499755859375
7.751979827880859
-6.169280052185059
7.857530117034912
-5.614220142364502
7.963069915771484
-5.059150218963623
8.068619728088379
-4.504089832305908
8.17416000366211
-3.9490199089050293
8.279709815979004
-3.3939599990844727
8.385250091552734
-2.838900089263916
8.490799903869629
-2.283829927444458
8.59634017944336
-1.7287700176239014
8.701889991760254
-1.173699975013733
8.807430267333984
-0.6186370253562927
8.912980079650879
-0.06357219815254211
9.01852035522461
0.49149200320243835
9.124070167541504
1.0465600490570068
9.229619979858398
1.6016199588775635
9.335160255432129
2.1566898822784424
9.440710067749023
2.711750030517578
9.546250343322754
3.266819953918457
9.651800155639648
3.8218801021575928
9.757340431213379
4.37693977355957
9.862890243530273
4.932010173797607
9.968429565429688
5.487070083618164
10.074000358581543
6.042140007019043
10.179499626159668
6.5971999168396
10.285099983215332
7.1522698402404785
10.390600204467773
7.707330226898193
10.496199607849121
8.262399673461914
10.601699829101562
8.817460060119629
10.707200050354004
9.372529983520508
10.812800407409668
9.927590370178223
10.918299674987793
10.48270034790039
11.023900032043457
11.037699699401855
11.129400253295898
