-14.20829963684082
-5.399169921875
-13.81029987335205
-5.018479824066162
-13.412300109863281
-4.63778018951416
-13.014200210571289
-4.257090091705322
-12.61620044708252
-3.876389980316162
-12.218199729919434
-3.495699882507324
-11.820199966430664
-3.115000009536743
-11.422100067138672
-2.7343099117279053
-11.024100303649902
-2.353610038757324
-10.626099586486816
-1.9729199409484863
-10.228099822998047
-1.5922199487686157
-9.830050468444824
-1.2115299701690674
-9.43202018737793
-0.8308299779891968
-9.034000396728516
-0.4501349925994873
-8.635979652404785
-0.069439597427845
-8.237950325012207
0.3112559914588928
-7.839930057525635
0.6919509768486023
-7.4419097900390625
1.0726499557495117
-7.043879985809326
1.4533400535583496
-6.645860195159912
1.8340400457382202
-6.247829914093018
2.2147300243377686
-5.8498101234436035
2.5954298973083496
