-2.7459399700164795
6.016679763793945
-2.9055299758911133
5.479959964752197
-3.065109968185425
4.943240165710449
-3.2246999740600586
4.406519889831543
-3.38427996635437
3.869800090789795
-3.543869972229004
3.3330800533294678
-3.7034499645233154
2.7963600158691406
-3.863039970397949
2.2596399784088135
-4.02262020111084
1.7229199409484863
-4.1822099685668945
1.1862000226974487
-4.341790199279785
0.6494799852371216
-4.50137996673584
0.11275999993085861
-4.6609601974487305
-0.42396101355552673
-4.820549964904785
-0.9606810212135315
-4.980130195617676
-1.4974000453948975
-5.1397199630737305
-2.0341200828552246
-5.299300193786621
-2.5708398818969727
-5.458889961242676
-3.1075599193573
-5.618470191955566
-3.644279956817627
-5.778059959411621
-4.181000232696533
-5.937640190124512
-4.717720031738281
-6.097229957580566
-5.254439830780029
-6.256810188293457
-5.7911601066589355
-6.416399955749512
-6.327879905700684
-6.575980186462402
-6.86460018157959
-6.735569953918457
-7.401319980621338
-6.895150184631348
-7.938039779663086
-7.054739952087402
-8.474760055541992
-7.214320182800293
-9.011480331420898
-7.373909950256348
-9.548199653625488
-7.533490180969238
-10.08489990234375
-7.693079948425293
-10.621600151062012
-7.852660179138184
-11.15839958190918
-8.012249946594238
-11.695099830627441
-8.171830177307129
-12.231800079345703
-8.331419944763184
-12.768500328063965
-8.491000175476074
-13.30519962310791
-8.650589942932129
-13.842000007629395
-8.81017017364502
-14.378700256347656
-8.969759941101074
-14.915399551391602
-9.129340171813965
-15.452099800109863
-9.28892993927002
-15.988800048828125
