14.971199989318848
5.407979965209961
14.563300132751465
5.0208001136779785
14.155400276184082
4.633619785308838
13.7475004196167
4.2464399337768555
13.339599609375
3.859250068664551
12.931699752807617
3.4720699787139893
12.523799896240234
3.0848898887634277
12.116000175476074
2.6977100372314453
11.708100318908691
2.310529947280884
11.300200462341309
1.9233399629592896
10.89229965209961
1.5361599922180176
10.484399795532227
1.1489800214767456
10.076499938964844
0.7617980241775513
9.668609619140625
0.37461599707603455
9.260720252990723
-0.012565599754452705
