-7.969510078430176
-16.65130043029785
-7.765769958496094
-16.13360023498535
-7.5620198249816895
-15.615900039672852
-7.358270168304443
-15.098199844360352
-7.154530048370361
-14.580599784851074
-6.950779914855957
-14.062899589538574
-6.747039794921875
-13.54520034790039
-6.543290138244629
-13.027600288391113
-6.339540004730225
-12.509900093078613
-6.135799884796143
-11.992199897766113
-5.9320502281188965
-11.474499702453613
-5.728300094604492
-10.956899642944336
-5.52455997467041
-10.439200401306152
-5.320809841156006
-9.921520233154297
-5.117070198059082
-9.403840065002441
-4.913320064544678
-8.886170387268066
-4.709569931030273
-8.368499755859375
-4.505829811096191
-7.850820064544678
-4.302080154418945
-7.3331499099731445
-4.098340034484863
-6.8154802322387695
-3.894589900970459
-6.297800064086914
-3.690840005874634
-5.780129909515381
-3.4870998859405518
-5.262460231781006
-3.2833499908447266
-4.74478006362915
-3.0796101093292236
-4.227109909057617
-2.8758599758148193
-3.709439992904663
-2.672110080718994
-3.191770076751709
-2.468369960784912
-2.6740899085998535
-2.264620065689087
-2.1564199924468994
-2.060879945755005
-1.6387499570846558
-1.8571300506591797
-1.1210700273513794
-1.653380036354065
-0.6033999919891357
-1.4496400356292725
-0.08572699874639511
-1.2458900213241577
0.4319460093975067
-1.0421500205993652
0.9496189951896667
-0.8384010195732117
1.4672900438308716
-0.6346549987792969
1.984969973564148
-0.43090900778770447
2.5026400089263916
-0.22716300189495087
3.0203099250793457
-0.023416899144649506
3.537980079650879
0.18032899498939514
4.055659770965576
0.38407498598098755
4.573329925537109
0.5878210067749023
5.091000080108643
0.7915670275688171
5.60867977142334
0.9953129887580872
6.126349925994873
1.1990599632263184
6.644020080566406
1.402809977531433
7.1616997718811035
1.6065499782562256
7.679369926452637
1.8102999925613403
8.197039604187012
2.014039993286133
8.714719772338867
2.217789888381958
9.232390403747559
2.4215400218963623
9.750060081481934
2.6252799034118652
10.2677001953125
2.8290300369262695
10.785400390625
