-2.014240026473999
-9.944600105285645
-1.6613999605178833
-9.5175199508667
-1.3085700273513794
-9.09043025970459
-0.9557309746742249
-8.663350105285645
-0.6028950214385986
-8.2362699508667
-0.25005900859832764
-7.809189796447754
0.10277699679136276
-7.382110118865967
0.45561400055885315
-6.9550299644470215
0.8084499835968018
-6.527949810028076
1.1612900495529175
-6.100870132446289
1.5141199827194214
-5.6737799644470215
1.866960048675537
-5.246699810028076
2.219789981842041
-4.819620132446289
2.572629928588867
-4.392539978027344
2.9254701137542725
-3.9654600620269775
3.2783000469207764
-3.5383799076080322
3.6311399936676025
-3.111299991607666
3.9839799404144287
-2.6842200756073
4.336810111999512
-2.2571399211883545
4.689650058746338
-1.830049991607666
5.042479991912842
-1.4029699563980103
5.395319938659668
-0.9758920073509216
5.748159885406494
-0.5488110184669495
6.100989818572998
-0.12172900140285492
6.453829765319824
0.30535200238227844
6.806670188903809
0.732433021068573
7.1595001220703125
1.1595100164413452
7.512340068817139
1.5865999460220337
7.865180015563965
2.0136799812316895
8.218009948730469
2.4407598972320557
8.570850372314453
2.867840051651001
8.923680305480957
3.294919967651367
9.276519775390625
3.7219998836517334
9.62936019897461
4.1490797996521
