-17.08060073852539
-5.874199867248535
-16.524099349975586
-5.848229885101318
-15.967700004577637
-5.822249889373779
-15.411299705505371
-5.7962799072265625
-14.8548002243042
-5.770299911499023
-14.298399925231934
-5.744329929351807
-13.741900444030762
-5.718349933624268
-13.185500144958496
-5.692379951477051
-12.62909984588623
-5.666399955749512
-12.072600364685059
-5.640429973602295
-11.516200065612793
-5.614449977874756
-10.959799766540527
-5.588479995727539
-10.403300285339355
-5.5625
-9.846890449523926
-5.536530017852783
-9.290450096130371
-5.510560035705566
-8.734020233154297
-5.484580039978027
-8.177579879760742
-5.4586100578308105
-7.621140003204346
-5.4326300621032715
-7.0647101402282715
-5.406660079956055
-6.508269786834717
-5.380680084228516
-5.95182991027832
-5.354710102081299
-5.395400047302246
-5.32873010635376
-4.83896017074585
-5.302760124206543
-4.282519817352295
-5.276780128479004
-3.7260899543762207
-5.250810146331787
-3.169650077819824
-5.224830150604248
-2.6132099628448486
-5.198860168457031
-2.0567800998687744
-5.172880172729492
-1.5003399848937988
-5.146910190582275
-0.9439049959182739
-5.120930194854736
-0.38746801018714905
-5.0949602127075195
0.16896800696849823
-5.0689802169799805
0.7254049777984619
-5.043010234832764
1.2818399667739868
-5.017029762268066
1.8382799625396729
-4.99105978012085
2.394710063934326
-4.9650797843933105
2.9511499404907227
-4.939109802246094
3.5075900554656982
-4.913129806518555
4.064020156860352
-4.887159824371338
4.620460033416748
-4.861179828643799
5.1768999099731445
-4.835209846496582
5.733329772949219
-4.809229850769043
6.289770126342773
-4.783259868621826
6.84621000289917
-4.757289886474609
7.402639865875244
-4.73130989074707
7.959080219268799
-4.7053399085998535
8.515520095825195
-4.6793599128723145
9.07194995880127
-4.653389930725098
9.628390312194824
-4.627409934997559
10.184800148010254
-4.601439952850342
10.741299629211426
-4.575459957122803
