12.892800331115723
18.974599838256836
12.447400093078613
18.63360023498535
12.001999855041504
18.292600631713867
11.556699752807617
17.95159912109375
11.111300468444824
17.610599517822266
10.665900230407715
17.269500732421875
10.220499992370605
16.928499221801758
9.775139808654785
16.587499618530273
9.32975959777832
16.24650001525879
8.884380340576172
15.905500411987305
8.439000129699707
15.564399719238281
7.993619918823242
15.223400115966797
7.548250198364258
14.882399559020996
7.102869987487793
14.541399955749512
6.657489776611328
14.200300216674805
6.2121100425720215
13.859299659729004
5.766729831695557
13.51830005645752
5.32135009765625
13.177300453186035
4.875969886779785
12.836299896240234
4.4305901527404785
12.495200157165527
3.9852099418640137
12.154199600219727
3.539829969406128
11.813199996948242
3.094449996948242
11.472200393676758
2.6490800380706787
11.131199836730957
2.203700065612793
10.79010009765625
1.7583199739456177
10.44909954071045
1.312940001487732
10.108099937438965
0.867559015750885
9.767080307006836
0.4221790134906769
9.42605972290039
-0.02319980040192604
9.085029602050781
-0.4685789942741394
8.744009971618652
-0.9139580130577087
8.402990341186523
-1.359339952468872
8.061969757080078
-1.8047200441360474
7.720950126647949
-2.2500998973846436
7.379930019378662
-2.695470094680786
7.038909912109375
-3.140850067138672
6.697889804840088
-3.5862300395965576
6.356870174407959
-4.031610012054443
6.015850067138672
-4.476990222930908
5.674829959869385
-4.922369956970215
5.333809852600098
-5.36775016784668
4.9927802085876465
-5.813129901885986
4.651760101318359
-6.258510112762451
4.310739994049072
-6.703889846801758
3.969719886779785
-7.149270057678223
3.628700017929077
-7.594649791717529
3.28767991065979
-8.040019989013672
2.946660041809082
-8.485400199890137
2.605639934539795
-8.930780410766602
2.264620065689087
-9.37615966796875
1.9235999584197998
-9.821539878845215
1.5825799703598022
-10.266900062561035
1.2415599822998047
-10.712300300598145
0.9005339741706848
-11.157699584960938
0.5595129728317261
-11.603099822998047
0.2184929996728897
-12.048399925231934
-0.12252800166606903
-12.493800163269043
-0.4635489881038666
-12.939200401306152
-0.8045700192451477
-13.384599685668945
-1.1455899477005005
-13.829999923706055
-1.4866100549697876
-14.275300025939941
-1.8276300430297852
-14.72070026397705
-2.168649911880493
