-5.101160049438477
6.670849800109863
-5.017350196838379
7.2202301025390625
-4.933529853820801
7.769599914550781
-4.849709987640381
8.3189697265625
-4.765900135040283
8.8683500289917
-4.682079792022705
9.417719841003418
-4.598269939422607
9.967089653015137
-4.5144500732421875
10.516500473022461
-4.430630207061768
11.065799713134766
-4.346819877624512
11.61520004272461
-4.263000011444092
12.164600372314453
-4.179190158843994
12.71399974822998
-4.095369815826416
13.263299942016602
-4.011549949645996
13.812700271606445
-3.9277400970458984
14.362099647521973
-3.8439199924468994
14.911499977111816
-3.7601099014282227
15.460800170898438
-3.6762900352478027
16.01020050048828
-3.5924699306488037
16.559600830078125
-3.508660078048706
17.108999252319336
-3.424839973449707
17.658300399780273
-3.3410298824310303
18.207700729370117
-3.2572100162506104
18.757099151611328
-3.1733899116516113
19.306400299072266
