11.127799987792969
1.1080299615859985
11.19379997253418
0.5511389970779419
11.259699821472168
-0.005748809780925512
11.325699806213379
-0.5626360177993774
11.39169979095459
-1.1195199489593506
11.4576997756958
-1.6764099597930908
11.523599624633789
-2.233299970626831
11.589599609375
-2.7901899814605713
11.655599594116211
-3.3470699787139893
11.721500396728516
-3.9039599895477295
11.787500381469727
-4.460849761962891
11.853500366210938
-5.017739772796631
11.919500350952148
-5.574629783630371
11.985400199890137
-6.131509780883789
12.051400184631348
-6.688399791717529
12.117400169372559
-7.2452898025512695
12.183300018310547
-7.80217981338501
12.249300003051758
-8.359060287475586
12.315299987792969
-8.915949821472168
12.381199836730957
-9.472840309143066
12.447199821472168
-10.02970027923584
12.513199806213379
-10.586600303649902
12.57919979095459
-11.143500328063965
12.645099639892578
-11.700400352478027
12.711099624633789
-12.25730037689209
12.777099609375
-12.814200401306152
12.843000411987305
-13.371100425720215
12.909000396728516
-13.927900314331055
12.975000381469727
-14.484800338745117
13.040900230407715
-15.04170036315918
13.106900215148926
-15.598600387573242
13.172900199890137
-16.155500411987305
13.238900184631348
-16.712400436401367
13.304800033569336
-17.26930046081543
