-11.847900390625
10.987199783325195
-11.533499717712402
10.525799751281738
-11.219200134277344
10.064399719238281
-10.904800415039062
9.603050231933594
-10.590399742126465
9.141679763793945
-10.276100158691406
8.680310249328613
-9.96168041229248
8.218939781188965
-9.647310256958008
7.757569789886475
-9.332940101623535
7.296199798583984
-9.018560409545898
6.834839820861816
-8.704190254211426
6.373469829559326
-8.389820098876953
5.912099838256836
-8.07544994354248
5.450729846954346
-7.761079788208008
4.9893598556518555
-7.446710109710693
4.527989864349365
-7.132339954376221
4.066619873046875
-6.817959785461426
3.605259895324707
-6.503590106964111
3.143889904022217
-6.189219951629639
2.6825199127197266
-5.874849796295166
2.2211499214172363
-5.560480117797852
1.7597800493240356
-5.246109962463379
1.2984100580215454
-4.931729793548584
0.8370450139045715
-4.6173601150512695
0.3756769895553589
-4.302989959716797
-0.08569200336933136
-3.9886200428009033
-0.5470600128173828
-3.6742498874664307
-1.008430004119873
-3.359879970550537
-1.4697999954223633
-3.0455100536346436
-1.9311699867248535
-2.7311298847198486
-2.3925299644470215
-2.416759967803955
-2.8538999557495117
-2.1023900508880615
-3.315269947052002
-1.7880200147628784
-3.776639938354492
-1.4736499786376953
-4.238009929656982
-1.1592799425125122
-4.699379920959473
-0.8449050188064575
-5.160749912261963
-0.530534029006958
-5.622109889984131
-0.21616199612617493
-6.083479881286621
0.09820929914712906
-6.544849872589111
0.4125809967517853
-7.006219863891602
0.7269520163536072
-7.467589855194092
1.0413199663162231
-7.928959846496582
1.3557000160217285
-8.39033031463623
1.6700700521469116
-8.851690292358398
1.9844399690628052
-9.31305980682373
2.2988100051879883
-9.774430274963379
2.613179922103882
-10.235799789428711
2.9275500774383545
-10.697199821472168
3.241919994354248
-11.158499717712402
3.556299924850464
-11.61989974975586
3.8706700801849365
-12.081299781799316
4.18503999710083
-12.54259967803955
4.499410152435303
-13.003999710083008
4.813779830932617
-13.465399742126465
5.12814998626709
-13.9266996383667
5.4425201416015625
-14.388099670410156
5.756899833679199
-14.849499702453613
6.071269989013672
-15.31089973449707
6.3856401443481445
-15.772199630737305
6.700009822845459
-16.233600616455078
7.014379978179932
-16.69499969482422
7.328750133514404
-17.156299591064453
7.643129825592041
-17.617700576782227
7.957499980926514
-18.079099655151367
8.271869659423828
-18.5403995513916
8.5862398147583
-19.001800537109375
8.900609970092773
-19.463199615478516
9.214980125427246
-19.92449951171875
