11.701899528503418
-4.25806999206543
11.149299621582031
-4.34227991104126
10.596799850463867
-4.42648983001709
10.04419994354248
-4.510709762573242
9.49158000946045
-4.5949201583862305
8.938989639282227
-4.6791300773620605
8.38640022277832
-4.763350009918213
7.833809852600098
-4.847559928894043
7.281219959259033
-4.931769847869873
6.728630065917969
-5.015979766845703
6.176050186157227
-5.100200176239014
5.623459815979004
-5.184410095214844
5.0708699226379395
-5.268620014190674
4.518280029296875
-5.352839946746826
3.9656898975372314
-5.437049865722656
3.413100004196167
-5.521259784698486
2.8605101108551025
-5.605480194091797
2.307919979095459
-5.689690113067627
1.7553399801254272
-5.773900032043457
1.2027499675750732
-5.858119964599609
0.6501590013504028
-5.9423298835754395
0.09757059812545776
-6.0265398025512695
-0.455018013715744
-6.11076021194458
-1.0076099634170532
-6.19497013092041
-1.5601999759674072
-6.27918004989624
-2.1127800941467285
-6.363399982452393
-2.665369987487793
-6.447609901428223
-3.2179598808288574
-6.531819820404053
-3.770550012588501
-6.616040229797363
-4.3231401443481445
-6.700250148773193
-4.875730037689209
-6.784460067749023
-5.428319931030273
-6.8686699867248535
-5.980899810791016
-6.952889919281006
-6.533490180969238
-7.037099838256836
-7.086080074310303
-7.121310234069824
-7.638669967651367
-7.205530166625977
-8.19126033782959
-7.289740085601807
-8.743849754333496
-7.373950004577637
