-14.512999534606934
0.8712649941444397
-14.065899848937988
1.1827199459075928
-13.618900299072266
1.4941799640655518
-13.171899795532227
1.8056399822235107
-12.724800109863281
2.1170899868011475
-12.277799606323242
2.4285500049591064
-11.830699920654297
2.7400100231170654
-11.383700370788574
3.0514700412750244
-10.936699867248535
3.362920045852661
-10.48960018157959
3.67438006401062
-10.04259967803955
3.985840082168579
-9.595580101013184
4.297299861907959
-9.148550033569336
4.608749866485596
-8.701510429382324
4.920209884643555
-8.254480361938477
5.231669902801514
-7.807449817657471
5.543129920959473
-7.360410213470459
5.854579925537109
-6.913380146026611
6.166039943695068
-6.466350078582764
6.477499961853027
-6.019309997558594
6.788949966430664
-5.572279930114746
7.100409984588623
-5.125249862670898
7.411870002746582
-4.6782097816467285
7.723330020904541
-4.231180191040039
8.03477954864502
