14.807600021362305
-10.471699714660645
14.856399536132812
-9.921890258789062
14.90530014038086
-9.37201976776123
14.95419979095459
-8.822159767150879
15.003100395202637
-8.272290229797363
15.051899909973145
-7.722430229187012
15.100799560546875
-7.17257022857666
15.149700164794922
-6.622700214385986
15.198599815368652
-6.072840213775635
15.247400283813477
-5.522970199584961
15.296299934387207
-4.973110198974609
15.345199584960938
-4.423250198364258
15.394100189208984
-3.873379945755005
15.442899703979492
-3.3235199451446533
15.491800308227539
-2.7736599445343018
15.54069995880127
-2.223789930343628
15.589500427246094
-1.673930048942566
15.638400077819824
-1.124060034751892
15.687299728393555
-0.5741999745368958
