-6.8972601890563965
-1.8336100578308105
-6.518849849700928
-2.2392799854278564
-6.140439987182617
-2.6449499130249023
-5.762030124664307
-3.050610065460205
-5.383609771728516
-3.456279993057251
-5.005199909210205
-3.861949920654297
-4.6267900466918945
-4.267620086669922
-4.248380184173584
-4.673279762268066
-3.8699700832366943
-5.078949928283691
-3.4915599822998047
-5.484620094299316
-3.113140106201172
-5.890289783477783
-2.7347300052642822
-6.295949935913086
-2.3563199043273926
-6.701620101928711
-1.977910041809082
-7.107289791107178
-1.5994999408721924
-7.512959957122803
-1.22107994556427
-7.9186201095581055
-0.8426730036735535
-8.32429027557373
-0.464260995388031
-8.729960441589355
-0.08584950119256973
-9.135629653930664
0.29256200790405273
-9.541290283203125
0.6709740161895752
-9.94696044921875
1.0493899583816528
-10.35260009765625
1.4278000593185425
-10.758299827575684
1.8062100410461426
-11.163999557495117
2.184619903564453
-11.569600105285645
2.5630300045013428
-11.975299835205078
2.9414401054382324
-12.380999565124512
3.3198599815368652
-12.786600112915039
3.698270082473755
-13.192299842834473
4.0766801834106445
-13.597999572753906
4.455090045928955
-14.003600120544434
4.833499908447266
-14.409299850463867
5.211909770965576
-14.8149995803833
5.590330123901367
-15.220600128173828
5.968739986419678
-15.626299858093262
6.347149848937988
-16.031999588012695
6.725560188293457
-16.437599182128906
7.103970050811768
-16.843299865722656
