-12.360799789428711
12.472700119018555
-11.808899879455566
12.358599662780762
-11.257100105285645
12.244500160217285
-10.7052001953125
12.130399703979492
-10.153300285339355
12.016200065612793
-9.601479530334473
11.902099609375
-9.049619674682617
11.788000106811523
-8.497750282287598
11.67389965057373
-7.945889949798584
11.559800148010254
-7.3940300941467285
11.445699691772461
-6.842160224914551
11.331600189208984
-6.290299892425537
11.217399597167969
-5.738430023193359
11.103300094604492
-5.186570167541504
10.9891996383667
-4.63470983505249
10.875100135803223
-4.0828399658203125
10.76099967956543
-3.530980110168457
10.646900177001953
-2.9791100025177
10.532699584960938
-2.4272499084472656
10.418600082397461
-1.8753900527954102
10.304499626159668
-1.3235199451446533
10.190400123596191
-0.7716590166091919
10.076299667358398
-0.21979600191116333
9.962160110473633
0.33206799626350403
9.848050117492676
0.8839319944381714
9.733929634094238
1.4357999563217163
9.619819641113281
1.9876600503921509
9.50570011138916
2.539520025253296
9.391590118408203
3.0913898944854736
9.277469635009766
3.643249988555908
9.163350105285645
4.195119857788086
9.049240112304688
4.7469801902771
8.93511962890625
5.298840045928955
8.821009635925293
5.850709915161133
8.706890106201172
6.402569770812988
8.592780113220215
6.954430103302002
8.478659629821777
7.50629997253418
8.364540100097656
8.058159828186035
8.2504301071167
8.610030174255371
8.136309623718262
9.161890029907227
8.022199630737305
9.713749885559082
7.908080101013184
10.265600204467773
7.793970108032227
10.817500114440918
7.679850101470947
11.36929988861084
7.565730094909668
11.921199798583984
7.451620101928711
12.473099708557129
7.337500095367432
13.024900436401367
7.223390102386475
13.576800346374512
7.109270095825195
14.128700256347656
6.995160102844238
14.680500030517578
6.881040096282959
15.232399940490723
6.76692008972168
15.784299850463867
6.652810096740723
16.33609962463379
6.538690090179443
16.88800048828125
6.424580097198486
17.439800262451172
6.310460090637207
17.99169921875
6.19635009765625
