-15.232000350952148
3.6262900829315186
-14.758299827575684
3.3346400260925293
-14.284500122070312
3.04298996925354
-13.810799598693848
2.751339912414551
-13.3371000289917
2.4596900939941406
-12.86340045928955
2.1680400371551514
-12.389599800109863
1.876389980316162
-11.915900230407715
1.5847400426864624
-11.44219970703125
1.2930899858474731
-10.968500137329102
1.0014499425888062
-10.49470043182373
0.7097970247268677
-10.020999908447266
0.418148010969162
-9.547269821166992
0.1264979988336563
-9.0735502243042
-0.16515100002288818
-8.599820137023926
-0.45680001378059387
-8.126099586486816
-0.7484490275382996
-7.652369976043701
-1.0400999784469604
-7.178639888763428
-1.3317500352859497
-6.704919815063477
-1.6233999729156494
-6.231190204620361
-1.9150500297546387
-5.75747013092041
-2.2066900730133057
-5.283740043640137
-2.498339891433716
-4.8100199699401855
-2.789989948272705
-4.336289882659912
-3.0816400051116943
-3.8625600337982178
-3.3732900619506836
-3.3888399600982666
-3.664940118789673
-2.9151101112365723
-3.956589937210083
-2.441390037536621
-4.248239994049072
-1.9676599502563477
-4.539889812469482
-1.493939995765686
-4.831540107727051
-1.0202100276947021
-5.123189926147461
-0.5464850068092346
-5.414830207824707
-0.07275930047035217
-5.706480026245117
0.40096598863601685
-5.998129844665527
0.8746920228004456
-6.289780139923096
1.3484200239181519
-6.581429958343506
1.8221399784088135
-6.873079776763916
2.295870065689087
-7.164730072021484
2.769589900970459
-7.4563798904418945
3.2433199882507324
-7.748030185699463
