19.790199279785156
11.711400032043457
19.237899780273438
11.802599906921387
18.68549919128418
11.893899917602539
18.13319969177246
11.985099792480469
17.580900192260742
12.076299667358398
17.028499603271484
12.16759967803955
16.476200103759766
12.25879955291748
15.923800468444824
12.350099563598633
15.371500015258789
12.441300392150879
14.819100379943848
12.532600402832031
14.266799926757812
12.623800277709961
13.714500427246094
12.715100288391113
13.162099838256836
12.806300163269043
12.609800338745117
12.897600173950195
12.05739974975586
12.988800048828125
11.50510025024414
13.080100059509277
10.952699661254883
13.171299934387207
10.400400161743164
13.26259994506836
9.848050117492676
13.353799819946289
9.295700073242188
13.444999694824219
8.743359565734863
13.536299705505371
8.191020011901855
13.6274995803833
7.638669967651367
13.718799591064453
7.086329936981201
13.8100004196167
6.533979892730713
13.901300430297852
5.981639862060547
13.992500305175781
5.429299831390381
14.083800315856934
4.876949787139893
14.175000190734863
4.324610233306885
14.266300201416016
3.7722699642181396
14.357500076293945
3.2199199199676514
14.448800086975098
2.6675798892974854
14.539999961853027
2.115230083465576
14.631199836730957
1.5628900527954102
14.72249984741211
1.0105500221252441
14.813699722290039
0.4582020044326782
14.904999732971191
-0.09414180368185043
14.996199607849121
-0.6464859843254089
15.087499618530273
-1.198830008506775
15.17870044708252
-1.751170039176941
15.270000457763672
-2.3035199642181396
15.361200332641602
-2.8558599948883057
15.452500343322754
-3.408210039138794
15.543700218200684
-3.96055006980896
15.635000228881836
-4.512889862060547
15.726200103759766
-5.065239906311035
15.817500114440918
-5.617579936981201
15.908699989318848
-6.169919967651367
15.999899864196777
-6.7222700119018555
16.09119987487793
-7.2746100425720215
16.18239974975586
-7.82696008682251
16.273700714111328
-8.379300117492676
16.364900588989258
-8.931639671325684
16.456199645996094
-9.483989715576172
16.547399520874023
-10.036299705505371
16.638700485229492
-10.588700294494629
16.729900360107422
-11.140999794006348
16.821199417114258
-11.693400382995605
16.912399291992188
-12.245699882507324
17.003700256347656
-12.798100471496582
17.094900131225586
-13.3503999710083
17.186199188232422
-13.902700424194336
17.27739906311035
-14.455100059509277
17.368600845336914
-15.007399559020996
17.45989990234375
-15.559800148010254
17.55109977722168
-16.11210060119629
17.64240074157715
