-0.8611660003662109
-16.808399200439453
-0.6335880160331726
-16.29949951171875
-0.4060100018978119
-15.790499687194824
-0.17843200266361237
-15.281599998474121
0.049146100878715515
-14.772700309753418
0.2767240107059479
-14.263699531555176
0.5043020248413086
-13.754799842834473
0.7318800091743469
-13.24590015411377
0.9594579935073853
-12.736900329589844
1.1870399713516235
-12.227999687194824
1.4146100282669067
-11.719099998474121
1.6421899795532227
-11.210100173950195
1.8697700500488281
-10.701199531555176
2.0973498821258545
-10.192299842834473
2.32492995262146
-9.683340072631836
2.552500009536743
-9.174409866333008
2.7800800800323486
-8.665470123291016
3.007659912109375
-8.156539916992188
3.2352399826049805
-7.647610187530518
3.462820053100586
-7.138669967651367
3.690390110015869
-6.629740238189697
3.9179699420928955
-6.120810031890869
4.145549774169922
-5.611869812011719
4.373129844665527
-5.102940082550049
4.600709915161133
-4.594009876251221
4.828279972076416
-4.0850701332092285
5.0558600425720215
-3.5761399269104004
5.283440113067627
-3.0672099590301514
5.511020183563232
-2.55826997756958
5.73859977722168
-2.049340009689331
5.966179847717285
-1.540410041809082
6.193749904632568
-1.0314699411392212
6.421329975128174
-0.5225409865379333
6.648910045623779
-0.013607599772512913
6.876490116119385
0.4953260123729706
7.10407018661499
1.0042599439620972
7.331639766693115
1.5131900310516357
7.559219837188721
2.022130012512207
7.786799907684326
2.531059980392456
8.01438045501709
3.039989948272705
8.241959571838379
3.5489299297332764
8.46953010559082
4.057859897613525
8.697110176086426
4.5667901039123535
8.924690246582031
5.075719833374023
9.152270317077637
5.584660053253174
9.379850387573242
6.093589782714844
9.607419967651367
6.602519989013672
9.835000038146973
7.111460208892822
10.062600135803223
7.620389938354492
10.290200233459473
8.12932014465332
10.5177001953125
8.638259887695312
10.74530029296875
9.14719009399414
10.972900390625
9.656120300292969
11.200499534606934
10.16510009765625
11.428000450134277
10.673999786376953
11.655599594116211
11.182900428771973
11.883199691772461
11.691900253295898
12.110799789428711
12.200799942016602
12.338399887084961
12.709699630737305
12.565899848937988
13.218700408935547
12.793499946594238
13.72760009765625
13.021100044250488
14.236499786376953
13.248700141906738
14.745499610900879
13.476300239562988
15.254400253295898
13.703800201416016
15.763299942016602
13.931400299072266
16.272300720214844
14.159000396728516
16.781200408935547
14.38659954071045
17.29010009765625
