7.786190032958984
12.721500396728516
7.596409797668457
12.196000099182129
7.406630039215088
11.670599937438965
7.216839790344238
11.1451997756958
7.027060031890869
10.61970043182373
6.837279796600342
10.094300270080566
6.647500038146973
9.568869590759277
6.457719802856445
9.043439865112305
6.267940044403076
8.518010139465332
6.078159809112549
7.992579936981201
5.888370037078857
7.467140197753906
5.69858980178833
6.941709995269775
5.508810043334961
6.4162797927856445
5.319029808044434
5.890850067138672
5.1292500495910645
5.365419864654541
4.939469814300537
4.839990139007568
4.749690055847168
4.3145599365234375
4.559899806976318
3.7891199588775635
4.370120048522949
3.2636899948120117
4.180339813232422
2.73826003074646
3.9905600547790527
2.212830066680908
3.8007800579071045
1.687399983406067
3.6110000610351562
1.1619700193405151
3.421220064163208
0.6365360021591187
3.2314300537109375
0.11110399663448334
3.0416500568389893
-0.4143269956111908
2.851870059967041
-0.9397580027580261
2.6620900630950928
-1.465190052986145
2.4723100662231445
-1.9906200170516968
2.2825300693511963
-2.516050100326538
2.092750072479248
-3.04148006439209
1.902959942817688
-3.566920042037964
