19.843799591064453
10.300600051879883
19.32699966430664
10.087400436401367
18.810199737548828
9.874259948730469
18.293399810791016
9.661100387573242
17.776599884033203
9.4479398727417
17.25979995727539
9.234780311584473
16.743000030517578
9.02161979675293
16.226200103759766
8.808460235595703
15.709400177001953
8.595290184020996
15.192700386047363
8.382129669189453
14.67590045928955
8.168970108032227
14.159099578857422
7.955810070037842
13.64229965209961
7.742650032043457
13.125499725341797
7.52947998046875
12.608699798583984
7.316319942474365
12.091899871826172
7.1031599044799805
11.57509994506836
6.889999866485596
11.058300018310547
6.676839828491211
10.541500091552734
6.463669776916504
10.024800300598145
6.250510215759277
9.507960319519043
6.037350177764893
8.991169929504395
5.824190139770508
8.474379539489746
5.611030101776123
7.957590103149414
5.397860050201416
7.440800189971924
5.184700012207031
6.924009799957275
4.9715399742126465
6.407219886779785
4.758379936218262
5.890429973602295
4.545219898223877
5.373640060424805
4.33204984664917
4.8568501472473145
4.118889808654785
4.340060234069824
3.9057300090789795
3.823270082473755
3.6925699710845947
3.3064799308776855
3.47940993309021
2.7896900177001953
3.266249895095825
2.272900104522705
3.0530800819396973
1.7561099529266357
2.8399200439453125
1.2393200397491455
2.6267600059509277
0.722527027130127
2.413599967956543
0.20573699474334717
2.200439929962158
-0.311053991317749
1.9872699975967407
-0.8278440237045288
1.774109959602356
-1.3446300029754639
1.5609500408172607
-1.8614200353622437
1.347790002822876
-2.3782100677490234
1.1346299648284912
-2.8949999809265137
0.9214640259742737
-3.411789894104004
0.7083020210266113
-3.9285900592803955
0.4951399862766266
-4.445380210876465
0.2819789946079254
-4.962170124053955
0.06881669908761978
-5.478960037231445
-0.1443450003862381
-5.9957499504089355
-0.35750699043273926
-6.512539863586426
-0.5706689953804016
-7.029329776763916
-0.783831000328064
-7.5461201667785645
-0.9969930052757263
-8.062910079956055
-1.2101500034332275
-8.579700469970703
-1.4233200550079346
-9.096489906311035
-1.6364799737930298
-9.613280296325684
-1.8496400117874146
-10.13010025024414
-2.0627999305725098
-10.646900177001953
-2.2759599685668945
-11.163599967956543
-2.4891300201416016
-11.680399894714355
-2.7022900581359863
-12.197199821472168
-2.915450096130371
-12.71399974822998
-3.1286098957061768
-13.230799674987793
-3.3417699337005615
