9.788459777832031
0.9767439961433411
9.582900047302246
1.4988900423049927
9.377349853515625
2.021049976348877
9.17179012298584
2.5432000160217285
8.966230392456055
3.06535005569458
8.760680198669434
3.5875000953674316
8.555120468139648
4.109650135040283
8.349559783935547
4.631800174713135
8.144000053405762
5.153950214385986
7.938449859619141
5.67609977722168
7.7328901290893555
6.198249816894531
7.527329921722412
6.720399856567383
7.321780204772949
7.242549896240234
7.116219997406006
7.764699935913086
6.9106597900390625
8.286860466003418
6.7051100730896
8.809009552001953
6.499549865722656
9.331159591674805
6.293990135192871
9.853309631347656
6.08843994140625
10.375499725341797
5.882880210876465
10.897600173950195
5.6773200035095215
11.4197998046875
5.4717698097229
11.941900253295898
5.266210079193115
12.464099884033203
5.060649871826172
12.986200332641602
4.855090141296387
13.508399963378906
4.649539947509766
14.030500411987305
4.4439802169799805
14.55270004272461
4.238420009613037
15.074799537658691
4.032869815826416
15.597000122070312
3.827310085296631
16.11910057067871
3.6217501163482666
16.641300201416016
3.4161999225616455
17.163400650024414
3.2106399536132812
17.68560028076172
3.005079984664917
18.207700729370117
