-14.87559986114502
8.102919578552246
-14.315799713134766
8.146909713745117
-13.755900382995605
8.190899848937988
-13.196100234985352
8.23488998413086
-12.636199951171875
8.278889656066895
-12.076399803161621
8.322879791259766
-11.516500473022461
8.366869926452637
-10.956700325012207
8.410860061645508
-10.39680004119873
8.454850196838379
-9.836959838867188
8.49884033203125
-9.27711009979248
8.542830467224121
-8.717260360717773
8.586830139160156
-8.157400131225586
8.630820274353027
-7.597549915313721
8.674810409545898
-7.037700176239014
8.718799591064453
-6.477849960327148
8.762789726257324
-5.918000221252441
8.806779861450195
-5.358139991760254
8.850769996643066
-4.798289775848389
8.894760131835938
-4.238440036773682
8.938759803771973
-3.6785900592803955
8.982749938964844
-3.1187400817871094
9.026740074157715
-2.558880090713501
9.070730209350586
-1.9990299940109253
9.114720344543457
-1.4391800165176392
9.158709526062012
-0.8793269991874695
9.202699661254883
-0.319474995136261
9.246689796447754
0.24037699401378632
9.290690422058105
0.800229012966156
9.33467960357666
1.3600800037384033
9.378669738769531
1.9199299812316895
9.422659873962402
2.4797799587249756
9.466650009155273
3.039639949798584
9.510640144348145
3.59948992729187
9.554630279541016
4.159339904785156
9.59862995147705
4.7191901206970215
9.642620086669922
5.279049873352051
9.686610221862793
5.838900089263916
9.730600357055664
6.398749828338623
9.774589538574219
6.958600044250488
9.81857967376709
7.518449783325195
9.862569808959961
8.078310012817383
9.906559944152832
8.63815975189209
9.950559616088867
9.198010444641113
9.994549751281738
9.75786018371582
10.03849983215332
10.317700386047363
10.082500457763672
10.877599716186523
10.126500129699707
11.437399864196777
10.170499801635742
11.997300148010254
10.214500427246094
12.557100296020508
10.258500099182129
