10.3548002243042
-10.290399551391602
9.895520210266113
-9.97743034362793
9.436260223388672
-9.664440155029297
8.977009773254395
-9.351449966430664
8.517749786376953
-9.038459777832031
8.058489799499512
-8.725469589233398
7.599239826202393
-8.412480354309082
7.139979839324951
-8.09949016571045
6.68071985244751
-7.786499977111816
6.221459865570068
-7.473509788513184
5.762209892272949
-7.160520076751709
5.302949905395508
-6.847529888153076
4.843689918518066
-6.534540176391602
4.384439945220947
-6.2215399742126465
3.925179958343506
-5.908549785614014
3.4659199714660645
-5.595560073852539
3.006659984588623
-5.282569885253906
2.547410011291504
-4.969580173492432
2.0881500244140625
-4.656589984893799
1.628890037536621
-4.343599796295166
1.1696399450302124
-4.030610084533691
0.7103779911994934
-3.7176198959350586
0.25112101435661316
-3.404629945755005
-0.20813600718975067
-3.091639995574951
-0.6673930287361145
-2.7786500453948975
-1.1266499757766724
-2.4656600952148438
-1.5859099626541138
-2.152669906616211
-2.0451600551605225
-1.8396799564361572
-2.504420042037964
-1.5266900062561035
-2.9636800289154053
-1.2137000560760498
-3.4229400157928467
-0.9007049798965454
-3.882189989089966
-0.5877150297164917
-4.341450214385986
-0.27472400665283203
-4.800710201263428
0.038266099989414215
-5.259960174560547
0.35125699639320374
-5.719220161437988
0.6642469763755798
-6.17848014831543
0.9772379994392395
