18.721500396728516
15.187199592590332
18.74519920349121
14.624799728393555
18.76889991760254
14.0625
18.792499542236328
13.500100135803223
18.816200256347656
12.937700271606445
18.83989906311035
12.375399589538574
18.863500595092773
11.812999725341797
18.88719940185547
11.25059986114502
18.910900115966797
10.688300132751465
18.934499740600586
10.125900268554688
18.958200454711914
9.563549995422363
18.981800079345703
9.001190185546875
19.00550079345703
8.438819885253906
19.029199600219727
7.876460075378418
19.052799224853516
7.3140997886657715
19.076499938964844
6.751729965209961
19.100200653076172
6.189370155334473
19.12380027770996
5.627009868621826
19.147499084472656
5.064640045166016
19.171100616455078
4.502280235290527
19.194799423217773
3.939919948577881
19.2185001373291
3.377549886703491
19.24209976196289
2.815190076828003
19.26580047607422
2.2528300285339355
19.289499282836914
1.6904699802398682
19.313100814819336
1.128100037574768
19.33679962158203
0.5657399892807007
19.36050033569336
0.003376479959115386
19.38409996032715
-0.558987021446228
19.407800674438477
-1.1213500499725342
19.431400299072266
-1.683709979057312
19.45509910583496
-2.246079921722412
19.47879981994629
-2.8084399700164795
19.502399444580078
-3.370800018310547
19.526100158691406
-3.9331700801849365
19.549800872802734
-4.495530128479004
19.573400497436523
-5.057889938354492
19.59709930419922
-5.620250225067139
19.620800018310547
-6.182620048522949
19.644399642944336
-6.7449798583984375
19.668100357055664
-7.307340145111084
19.691699981689453
-7.8697099685668945
19.71540069580078
-8.432069778442383
19.739099502563477
-8.994429588317871
19.762699127197266
-9.55679988861084
19.786399841308594
-10.119199752807617
19.810100555419922
-10.681500434875488
19.83370018005371
-11.243900299072266
19.85740089416504
-11.80620002746582
19.881000518798828
-12.368599891662598
19.904699325561523
-12.930999755859375
19.92840003967285
-13.493300437927246
19.95199966430664
-14.055700302124023
19.97570037841797
-14.6181001663208
19.999399185180664
-15.180399894714355
