7.7153401374816895
19.467300415039062
7.205259799957275
19.293100357055664
6.6951799392700195
19.118900299072266
6.185090065002441
18.944700241088867
5.6750102043151855
18.77050018310547
5.1649298667907715
18.59630012512207
4.654839992523193
18.422100067138672
4.1447601318359375
18.247900009155273
3.6346800327301025
18.073699951171875
3.1245899200439453
17.899499893188477
2.6145100593566895
17.725299835205078
2.1044299602508545
17.55109977722168
1.594349980354309
17.37689971923828
1.0842599868774414
17.202699661254883
0.5741789937019348
17.028400421142578
0.06409549713134766
16.85420036315918
-0.4459879994392395
16.68000030517578
-0.9560710191726685
16.505800247192383
-1.4661500453948975
16.331600189208984
-1.9762400388717651
16.157400131225586
-2.4863200187683105
15.983200073242188
