-7.4415998458862305
2.4131200313568115
-7.786099910736084
1.9738500118255615
-8.130599975585938
1.5345699787139893
-8.475099563598633
1.095289945602417
-8.819600105285645
0.6560119986534119
-9.16409969329834
0.21673400700092316
-9.508600234985352
-0.22254399955272675
-9.853099822998047
-0.6618220210075378
-10.197600364685059
-1.101099967956543
-10.542099952697754
-1.5403800010681152
-10.88659954071045
-1.9796600341796875
-11.231100082397461
-2.4189300537109375
-11.575599670410156
-2.8582100868225098
-11.920100212097168
-3.297489881515503
-12.264599800109863
-3.736769914627075
-12.609100341796875
-4.176050186157227
-12.95359992980957
-4.615330219268799
-13.298100471496582
-5.054599761962891
-13.642600059509277
-5.493879795074463
-13.987099647521973
-5.933159828186035
-14.331600189208984
-6.372439861297607
-14.67609977722168
-6.81171989440918
-15.020600318908691
-7.25098991394043
-15.365099906921387
-7.690269947052002
-15.709600448608398
-8.129549980163574
-16.054100036621094
-8.568829536437988
-16.39859962463379
-9.008110046386719
-16.743099212646484
-9.447380065917969
-17.087600708007812
-9.886659622192383
-17.432100296020508
-10.325900077819824
-17.776599884033203
-10.765199661254883
-18.1210994720459
-11.204500198364258
-18.465599060058594
-11.643799781799316
-18.810100555419922
-12.083100318908691
-19.154600143432617
-12.522299766540527
-19.499099731445312
-12.961600303649902
-19.843599319458008
-13.400899887084961
