17.260000228881836
-17.223100662231445
16.70159912109375
-17.208599090576172
16.14310073852539
-17.19409942626953
15.584600448608398
-17.17970085144043
15.026100158691406
-17.165199279785156
14.467599868774414
-17.150699615478516
13.909099578857422
-17.136199951171875
13.350600242614746
-17.121700286865234
12.792200088500977
-17.107200622558594
12.233699798583984
-17.09280014038086
11.675200462341309
-17.07830047607422
11.116700172424316
-17.063800811767578
10.558199882507324
-17.049299240112305
9.999730110168457
-17.034799575805664
9.441240310668945
-17.020299911499023
8.882760047912598
-17.005800247192383
8.324270248413086
-16.99139976501465
7.765789985656738
-16.976900100708008
7.207300186157227
-16.962400436401367
6.648809909820557
-16.947900772094727
6.090330123901367
-16.933399200439453
5.531839847564697
-16.918899536132812
4.973360061645508
-16.904499053955078
4.414869785308838
-16.889999389648438
3.8563899993896484
-16.875499725341797
3.2978999614715576
-16.861000061035156
2.739409923553467
-16.846500396728516
2.1809298992156982
-16.832000732421875
1.622439980506897
-16.8174991607666
1.0639599561691284
-16.8031005859375
0.5054709911346436
-16.78860092163086
-0.053015001118183136
-16.774099349975586
-0.6115009784698486
-16.759599685668945
-1.1699899435043335
-16.745100021362305
-1.728469967842102
-16.730600357055664
-2.2869598865509033
-16.71619987487793
-2.845439910888672
-16.70170021057129
-3.4039299488067627
-16.68720054626465
-3.9624199867248535
-16.672700881958008
-4.520899772644043
-16.658199310302734
-5.079390048980713
-16.643699645996094
-5.637869834899902
-16.629199981689453
-6.196360111236572
-16.61479949951172
-6.754839897155762
-16.600299835205078
-7.313330173492432
-16.585800170898438
-7.871819972991943
-16.571300506591797
-8.430299758911133
-16.556800842285156
-8.988789558410645
-16.542299270629883
-9.547269821166992
-16.52790069580078
-10.105799674987793
-16.513399124145508
-10.664199829101562
-16.498899459838867
-11.222700119018555
-16.484399795532227
-11.781200408935547
-16.469900131225586
-12.339699745178223
-16.455400466918945
-12.898200035095215
-16.440900802612305
-13.456700325012207
-16.42650032043457
-14.015199661254883
-16.41200065612793
-14.573599815368652
-16.397499084472656
-15.132100105285645
-16.382999420166016
-15.690600395202637
-16.368499755859375
-16.249099731445312
-16.354000091552734
-16.807600021362305
-16.339599609375
-17.366100311279297
-16.32509994506836
-17.92460060119629
-16.31060028076172
-18.482999801635742
-16.296100616455078
