-17.06570053100586
7.3337202072143555
-16.903900146484375
6.792900085449219
-16.742000579833984
6.252079963684082
-16.5802001953125
5.711259841918945
-16.418399810791016
5.170440196990967
-16.256500244140625
4.62962007522583
-16.09469985961914
4.088799953460693
-15.93280029296875
3.5479800701141357
-15.770999908447266
3.007159948348999
-15.609100341796875
2.4663400650024414
-15.44729995727539
1.9255199432373047
-15.285499572753906
1.3846999406814575
-15.123600006103516
0.8438799977302551
-14.961799621582031
0.30305999517440796
-14.79990005493164
-0.23775899410247803
-14.638099670410156
-0.7785789966583252
-14.476200103759766
-1.3193999528884888
-14.314399719238281
-1.860219955444336
-14.15250015258789
-2.4010400772094727
-13.990699768066406
-2.9418599605560303
-13.828900337219238
-3.482680082321167
-13.666999816894531
-4.023499965667725
-13.505200386047363
-4.564320087432861
-13.343299865722656
-5.105140209197998
-13.181500434875488
-5.645959854125977
-13.019599914550781
-6.186779975891113
-12.857799530029297
-6.727590084075928
-12.696000099182129
-7.2684102058410645
-12.534099578857422
-7.809229850769043
-12.372300148010254
-8.35004997253418
-12.210399627685547
-8.890870094299316
-12.048600196838379
-9.431690216064453
-11.886699676513672
-9.97251033782959
-11.724900245666504
-10.513299942016602
-11.56309986114502
-11.054200172424316
-11.401200294494629
-11.595000267028809
-11.239399909973145
-12.1358003616333
-11.077500343322754
-12.676600456237793
-10.91569995880127
-13.217399597167969
-10.753800392150879
-13.758199691772461
-10.592000007629395
-14.299099922180176
-10.430100440979004
-14.839900016784668
-10.26830005645752
-15.38070011138916
