2.6356699466705322
2.375969886779785
2.4300599098205566
1.856719970703125
2.22445011138916
1.3374700546264648
2.0188400745391846
0.8182139992713928
1.813230037689209
0.29896000027656555
1.6076200008392334
-0.22029300034046173
1.4019999504089355
-0.739546000957489
1.1963900327682495
-1.2588000297546387
0.9907820224761963
-1.7780499458312988
0.7851709723472595
-2.297300100326538
0.5795599818229675
-2.8165600299835205
0.37394899129867554
-3.3358099460601807
0.16833800077438354
-3.85506010055542
-0.03727250173687935
-4.374320030212402
-0.24288299679756165
-4.8935699462890625
-0.44849398732185364
-5.412819862365723
-0.654105007648468
-5.932079792022705
-0.85971599817276
-6.451330184936523
-1.0653300285339355
-6.970580101013184
-1.2709399461746216
-7.489840030670166
-1.4765499830245972
-8.009090423583984
-1.6821600198745728
-8.528340339660645
-1.8877700567245483
-9.047590255737305
-2.0933799743652344
-9.566849708557129
-2.29899001121521
-10.086099624633789
-2.5046000480651855
-10.605400085449219
-2.710210084915161
-11.124600410461426
-2.91582989692688
-11.643899917602539
-3.1214399337768555
-12.163100242614746
-3.327049970626831
-12.68239974975586
-3.5326600074768066
-13.201600074768066
-3.7382700443267822
-13.72089958190918
-3.943880081176758
-14.240099906921387
-4.149489879608154
-14.759400367736816
-4.355100154876709
-15.278599739074707
-4.5607099533081055
-15.797900199890137
-4.76632022857666
-16.317100524902344
-4.971930027008057
-16.83639907836914
-5.177549839019775
-17.355600357055664
-5.38316011428833
-17.874900817871094
