8.869039535522461
0.6904129981994629
8.42078971862793
0.3586609959602356
7.972539901733398
0.026909099891781807
7.524290084838867
-0.304843008518219
7.076039791107178
-0.6365939974784851
6.6277899742126465
-0.9683459997177124
6.179540157318115
-1.3000999689102173
5.731289863586426
-1.631850004196167
5.2830400466918945
-1.9636000394821167
4.834790229797363
-2.2953500747680664
4.386539936065674
-2.6270999908447266
3.9382901191711426
-2.958859920501709
3.4900400638580322
-3.2906100749969482
3.041790008544922
-3.6223599910736084
2.5935399532318115
-3.9541099071502686
2.145289897918701
-4.285860061645508
1.6970399618148804
-4.617609977722168
1.2487900257110596
-4.94936990737915
0.8005369901657104
-5.2811198234558105
0.3522869944572449
-5.612870216369629
-0.09596340358257294
-5.944620132446289
-0.5442140102386475
-6.276370048522949
-0.992464005947113
-6.608129978179932
-1.4407099485397339
-6.939879894256592
-1.8889600038528442
-7.271629810333252
-2.337209939956665
-7.60338020324707
-2.7854599952697754
-7.9351301193237305
-3.233720064163208
-8.26688003540039
-3.6819698810577393
-8.598640441894531
-4.13021993637085
-8.930390357971191
-4.578470230102539
-9.262140274047852
-5.02672004699707
-9.593890190124512
-5.474969863891602
-9.925640106201172
-5.923220157623291
-10.257399559020996
-6.371469974517822
-10.589099884033203
-6.8197197914123535
-10.920900344848633
-7.267970085144043
-11.252599716186523
-7.716219902038574
-11.584400177001953
-8.164469718933105
-11.916199684143066
-8.612719535827637
-12.247900009155273
-9.060970306396484
-12.579700469970703
-9.509220123291016
-12.911399841308594
-9.957469940185547
-13.243200302124023
-10.405699729919434
-13.574899673461914
-10.854000091552734
-13.906700134277344
-11.302200317382812
-14.23840045928955
-11.750499725341797
-14.570199966430664
-12.198699951171875
-14.901900291442871
-12.647000312805176
-15.233699798583984
-13.095199584960938
-15.565400123596191
-13.543499946594238
-15.897199630737305
-13.991700172424316
-16.228900909423828
-14.4399995803833
-16.560699462890625
-14.888199806213379
-16.89240074157715
-15.33650016784668
-17.224199295043945
