-16.36359977722168
17.28190040588379
-15.852299690246582
17.042800903320312
-15.341099739074707
16.803699493408203
-14.82979965209961
16.564599990844727
-14.318499565124512
16.32550048828125
-13.80720043182373
16.08639907836914
-13.295900344848633
15.847299575805664
-12.784700393676758
15.608200073242188
-12.27340030670166
15.369099617004395
-11.762100219726562
15.13010025024414
-11.250800132751465
14.890999794006348
-10.73960018157959
14.651900291442871
-10.228300094604492
14.412799835205078
-9.717009544372559
14.173700332641602
-9.205730438232422
13.934599876403809
-8.694450378417969
13.695500373840332
-8.183170318603516
13.456399917602539
-7.671899795532227
13.217300415039062
-7.160620212554932
12.97819995880127
-6.6493401527404785
12.739100456237793
-6.138060092926025
12.5
-5.6267900466918945
12.260899543762207
-5.115509986877441
12.02180004119873
-4.604229927062988
11.782699584960938
-4.092949867248535
11.543600082397461
-3.5816800594329834
11.304499626159668
-3.0703999996185303
11.065400123596191
-2.559119939804077
10.826299667358398
-2.0478498935699463
10.587200164794922
-1.5365699529647827
10.348099708557129
-1.0252900123596191
10.109000205993652
-0.5140129923820496
9.869919776916504
-0.00273603992536664
9.630820274353027
0.5085409879684448
9.391719818115234
1.019819974899292
9.152629852294922
1.5311000347137451
8.913530349731445
2.042370080947876
8.674429893493652
2.55364990234375
8.435330390930176
3.064929962158203
8.196240425109863
3.5762100219726562
7.95713996887207
4.087480068206787
7.7180399894714355
4.59876012802124
7.478950023651123
5.110040187835693
7.239850044250488
5.621310234069824
7.0007500648498535
6.132589817047119
6.761650085449219
6.643869876861572
6.522560119628906
7.155149936676025
6.2834601402282715
7.666419982910156
6.044360160827637
8.17770004272461
5.805270195007324
8.688980102539062
5.5661702156066895
9.200260162353516
5.327070236206055
9.711529731750488
5.087979793548584
10.222800254821777
4.848879814147949
10.734100341796875
4.6097798347473145
11.245400428771973
4.37067985534668
11.756600379943848
4.131589889526367
12.267900466918945
3.8924899101257324
12.779199600219727
3.6533899307250977
