-6.374169826507568
11.50510025024414
-6.023680210113525
11.063599586486816
-5.6732001304626465
10.622099876403809
-5.322720050811768
10.180500030517578
-4.972239971160889
9.738969802856445
-4.62175989151001
9.297419548034668
-4.271279811859131
8.855879783630371
-3.920789957046509
8.414340019226074
-3.570310115814209
7.972789764404297
-3.21983003616333
7.53125
-2.869349956512451
7.089700222015381
-2.5188701152801514
6.648159980773926
-2.1683900356292725
6.206610202789307
-1.8178999423980713
5.765069961547852
-1.467419981956482
5.323520183563232
-1.1169400215148926
4.881979942321777
-0.7664600014686584
4.440430164337158
-0.41597801446914673
3.998889923095703
-0.0654963031411171
3.557339906692505
0.2849850058555603
3.115799903869629
0.635466992855072
2.6742498874664307
0.9859489798545837
2.2327098846435547
1.3364299535751343
1.791159987449646
1.6869100332260132
1.34961998462677
2.0373899936676025
0.9080700278282166
2.3878800868988037
0.46652498841285706
2.7383599281311035
0.02498050034046173
3.0888400077819824
-0.4165650010108948
3.4393200874328613
-0.8581089973449707
3.789799928665161
-1.299649953842163
4.140279769897461
-1.7411999702453613
4.490769863128662
-2.1827399730682373
4.841249942779541
-2.6242899894714355
5.19173002243042
-3.0658299922943115
5.542210102081299
-3.5073800086975098
5.892690181732178
-3.9489200115203857
6.243169784545898
-4.390470027923584
6.5936598777771
-4.832009792327881
6.9441399574279785
-5.273560047149658
7.294620037078857
-5.715099811553955
7.645100116729736
-6.156650066375732
7.995580196380615
-6.598189830780029
8.346059799194336
-7.039740085601807
8.696550369262695
-7.4812798500061035
9.047030448913574
-7.922830104827881
9.397509574890137
-8.364370346069336
9.747989654541016
-8.805919647216797
10.09850025177002
-9.24746036529541
10.449000358581543
-9.689009666442871
10.799400329589844
-10.130599975585938
11.149900436401367
-10.572099685668945
11.500399589538574
-11.01360034942627
11.850899696350098
-11.4552001953125
12.201399803161621
-11.896699905395508
12.551799774169922
-12.338299751281738
12.902299880981445
-12.779800415039062
13.252799987792969
-13.221400260925293
13.603300094604492
-13.6628999710083
13.953800201416016
-14.104499816894531
14.304300308227539
-14.545999526977539
14.65470027923584
-14.987500190734863
15.005200386047363
-15.429100036621094
15.35569953918457
-15.870599746704102
15.706199645996094
-16.31220054626465
16.056699752807617
-16.753700256347656
16.407100677490234
-17.19529914855957
16.757600784301758
-17.63680076599121
17.10810089111328
-18.078399658203125
17.458599090576172
-18.519899368286133
17.809099197387695
-18.96150016784668
18.15959930419922
-19.402999877929688
18.510000228881836
-19.844499588012695
