12.439900398254395
4.771029949188232
11.938400268554688
4.615880012512207
11.43690013885498
4.460730075836182
10.935400009155273
4.305580139160156
10.433899879455566
4.150430202484131
9.932350158691406
3.9952800273895264
9.430839538574219
3.840130090713501
8.929340362548828
3.6849799156188965
8.38856029510498
3.5195999145507812
7.847789764404297
3.354219913482666
7.307010173797607
3.188849925994873
6.76623010635376
3.023469924926758
6.225450038909912
2.8580899238586426
5.684679985046387
2.6927099227905273
5.143899917602539
2.527329921722412
4.603119850158691
2.361949920654297
4.062349796295166
2.1965699195861816
3.5215699672698975
2.0311899185180664
2.98078989982605
1.865820050239563
2.4400200843811035
1.7004400491714478
1.8992400169372559
1.5350600481033325
1.3584599494934082
1.3696800470352173
0.8176869750022888
1.204300045967102
0.2769100069999695
1.0389200448989868
-0.26386699080467224
0.8735430240631104
-0.804643988609314
0.7081639766693115
-1.345420002937317
0.5427849888801575
-1.886199951171875
0.3774070143699646
-2.4269700050354004
0.21202799677848816
-2.967750072479248
0.04664909839630127
-3.5085299015045166
-0.11873000115156174
-4.049300193786621
-0.2841080129146576
-4.5900797843933105
-0.44948700070381165
-5.130859851837158
-0.6148660182952881
-5.671629905700684
-0.7802450060844421
-6.212409973144531
-0.945622980594635
-6.753190040588379
-1.1109999418258667
-7.293970108032227
-1.276379942893982
-7.834740161895752
-1.4417599439620972
-8.375519752502441
-1.6071399450302124
-8.916299819946289
-1.7725199460983276
-9.457070350646973
-1.9378999471664429
-9.99785041809082
-2.1032700538635254
-10.538599967956543
-2.2686500549316406
-11.079400062561035
-2.434030055999756
-11.620200157165527
-2.599410057067871
-12.16100025177002
-2.7647900581359863
-12.701700210571289
-2.9301700592041016
-13.242500305175781
-3.095550060272217
-13.783300399780273
-3.260930061340332
-14.32409954071045
-3.426300048828125
-14.864800453186035
-3.5916800498962402
-15.405599594116211
-3.7570600509643555
-15.946399688720703
-3.9224400520324707
-16.487199783325195
-4.087820053100586
-17.02790069580078
-4.253200054168701
-17.568700790405273
-4.418580055236816
-18.109500885009766
-4.583960056304932
-18.650299072265625
-4.749330043792725
