11.940899848937988
17.404699325561523
11.648799896240234
16.92620086669922
11.356800079345703
16.44770050048828
11.06470012664795
15.969300270080566
10.772600173950195
15.490799903869629
10.480500221252441
15.012299537658691
10.188400268554688
14.533900260925293
9.896300315856934
14.055399894714355
9.60420036315918
13.576899528503418
9.31210994720459
13.09850025177002
9.02001953125
12.619999885559082
8.727930068969727
12.141500473022461
8.435839653015137
11.663100242614746
8.143739700317383
11.184599876403809
7.851650238037109
10.706100463867188
7.5595598220825195
10.227700233459473
7.267469882965088
9.749199867248535
6.975379943847656
9.270739555358887
6.683290004730225
8.792269706726074
6.391190052032471
8.313799858093262
6.099100112915039
7.8353400230407715
5.807010173797607
7.356870174407959
5.514920234680176
6.8784098625183105
5.222829818725586
6.399940013885498
4.930729866027832
5.9214701652526855
4.6386399269104
5.443009853363037
4.346549987792969
4.964540004730225
