-4.098849773406982
-1.8016799688339233
-4.641160011291504
-1.7237099409103394
-5.183460235595703
-1.6457300186157227
-5.725769996643066
-1.5677599906921387
-6.268070220947266
-1.4897799491882324
-6.810379981994629
-1.4118000268936157
-7.35269021987915
-1.3338299989700317
-7.894989967346191
-1.2558499574661255
-8.437299728393555
-1.177880048751831
-8.979610443115234
-1.0999000072479248
-9.521909713745117
-1.0219299793243408
-10.064200401306152
-0.9439499974250793
-10.606499671936035
-0.865975022315979
-11.148799896240234
-0.7879989743232727
-11.691100120544434
-0.7100229859352112
-12.233400344848633
-0.6320469975471497
-12.775699615478516
-0.5540720224380493
-13.318099975585938
-0.4760960042476654
-13.860400199890137
-0.3981199860572815
-14.402700424194336
-0.32014501094818115
-14.944999694824219
-0.24216899275779724
-15.487299919128418
-0.16419300436973572
-16.029600143432617
-0.08621729910373688
-16.5718994140625
-0.008241579867899418
-17.114200592041016
0.06973409652709961
-17.6564998626709
0.14770999550819397
-18.19879913330078
0.2256859987974167
-18.741100311279297
0.3036609888076782
