13.544699668884277
-6.109419822692871
13.162799835205078
-5.705920219421387
12.781000137329102
-5.302420139312744
12.399100303649902
-4.898910045623779
12.01729965209961
-4.495409965515137
11.63539981842041
-4.091909885406494
11.253600120544434
-3.6884000301361084
10.871700286865234
-3.284899950027466
10.489899635314941
-2.88139009475708
10.108099937438965
-2.4778900146484375
9.72620964050293
-2.074389934539795
9.3443603515625
-1.6708799600601196
8.962510108947754
-1.2673799991607666
8.580670356750488
-0.8638759851455688
8.198820114135742
-0.4603720009326935
7.816969871520996
-0.05686809867620468
7.4351301193237305
0.34663599729537964
7.053279876708984
0.7501389980316162
6.6714301109313965
1.1536400318145752
6.289589881896973
1.5571500062942505
5.907740116119385
1.9606499671936035
5.525889873504639
2.364150047302246
5.144040107727051
2.767659902572632
4.762199878692627
3.1711599826812744
4.380350112915039
3.5746700763702393
3.998500108718872
3.9781699180603027
3.6166601181030273
4.381669998168945
3.2348101139068604
4.78518009185791
2.8529601097106934
5.188680171966553
2.4711201190948486
5.592179775238037
2.0892701148986816
5.995689868927002
1.707419991493225
6.3991899490356445
1.3255800008773804
6.802700042724609
0.9437299966812134
7.206200122833252
0.5618839859962463
7.6097002029418945
0.1800370067358017
8.01321029663086
-0.20181000232696533
8.416709899902344
-0.5836570262908936
8.820210456848145
-0.965503990650177
9.223719596862793
-1.347350001335144
9.627220153808594
-1.729200005531311
10.030699729919434
-2.1110401153564453
10.434200286865234
-2.492889881134033
10.837699890136719
-2.8747398853302
11.24120044708252
-3.256580114364624
11.644700050354004
-3.638430118560791
12.048199653625488
-4.020279884338379
12.451700210571289
-4.402120113372803
12.855299949645996
-4.783969879150391
13.25879955291748
-5.165820121765137
13.662300109863281
-5.547659873962402
14.065799713134766
-5.929510116577148
14.469300270080566
-6.311359882354736
14.87279987335205
-6.693210124969482
15.276300430297852
-7.075049877166748
15.679800033569336
-7.456900119781494
16.08329963684082
