5.288269996643066
-4.259099960327148
4.799570083618164
-4.524519920349121
4.310880184173584
-4.789939880371094
3.8221800327301025
-5.055349826812744
3.333479881286621
-5.320769786834717
2.8447799682617188
-5.586190223693848
2.3560800552368164
-5.851600170135498
1.8673800230026245
-6.117020130157471
1.3786900043487549
-6.382440090179443
0.8899869918823242
-6.647860050201416
0.4012889862060547
-6.913269996643066
-0.08740939944982529
-7.178689956665039
-0.5761079788208008
-7.444109916687012
-1.064810037612915
-7.709519863128662
-1.5535000562667847
-7.974939823150635
-2.0422000885009766
-8.240360260009766
-2.530900001525879
-8.505780220031738
-3.0195999145507812
-8.77118968963623
-3.5083000659942627
-9.036609649658203
-3.996999979019165
-9.302029609680176
-4.485690116882324
-9.567449569702148
-4.974390029907227
-9.832859992980957
-5.463089942932129
-10.098299980163574
-5.951789855957031
-10.363699913024902
-6.440489768981934
-10.62909984588623
-6.929190158843994
-10.894499778747559
-7.4178900718688965
-11.159899711608887
-7.906579971313477
-11.425399780273438
-8.395279884338379
-11.690799713134766
-8.883979797363281
-11.956199645996094
-9.372679710388184
-12.221599578857422
-9.861379623413086
-12.487000465393066
-10.350099563598633
-12.7524995803833
-10.838800430297852
-13.017900466918945
-11.327500343322754
-13.283300399780273
-11.816200256347656
-13.548700332641602
-12.304900169372559
-13.81410026550293
-12.793600082397461
-14.079500198364258
-13.282299995422363
-14.345000267028809
-13.770999908447266
-14.610400199890137
-14.259699821472168
-14.875800132751465
