-19.776899337768555
9.324859619140625
-19.37929916381836
8.922929763793945
-18.981700897216797
8.521010398864746
-18.5841007232666
8.11909008026123
-18.186500549316406
7.717160224914551
-17.78890037536621
7.315239906311035
-17.391300201416016
6.9133100509643555
-16.99370002746582
6.511390209197998
-16.59600067138672
6.10945987701416
-16.198400497436523
5.707540035247803
-15.800800323486328
5.305610179901123
-15.403200149536133
4.903689861297607
-15.005599975585938
4.501760005950928
-14.607999801635742
4.09984016418457
-14.210399627685547
3.6979100704193115
-13.812800407409668
3.295989990234375
-13.41510009765625
2.894059896469116
-13.017499923706055
2.492140054702759
-12.61989974975586
2.0902199745178223
-12.222299575805664
1.688289999961853
-11.824700355529785
1.286370038986206
-11.42710018157959
0.8844410181045532
-11.029500007629395
0.4825170040130615
-10.6318998336792
0.08059190213680267
-10.234299659729004
-0.32133299112319946
-9.836640357971191
-0.7232570052146912
-9.439029693603516
-1.1251800060272217
-9.041419982910156
-1.527109980583191
-8.643810272216797
-1.929029941558838
-8.246199607849121
-2.3309600353240967
-7.848589897155762
-2.732880115509033
-7.450980186462402
-3.134809970855713
-7.0533599853515625
-3.5367300510406494
-6.655749797821045
-3.938649892807007
-6.2581400871276855
-4.340579986572266
-5.860529899597168
-4.742499828338623
-5.462920188903809
-5.144430160522461
-5.065310001373291
-5.546350002288818
-4.667699813842773
-5.948279857635498
-4.270080089569092
-6.350200176239014
-3.872469902038574
-6.752130031585693
