-6.786240100860596
7.827020168304443
-6.742400169372559
7.2741899490356445
-6.6985602378845215
6.721350193023682
-6.654719829559326
6.168519973754883
-6.610879898071289
5.61568021774292
-6.567039966583252
5.062849998474121
-6.523200035095215
4.510009765625
-6.479360103607178
3.9571800231933594
-6.435520172119141
3.4043400287628174
-6.391679763793945
2.8515100479125977
-6.347839832305908
2.2986700534820557
-6.303999900817871
1.7458399534225464
-6.260159969329834
1.1929999589920044
-6.216320037841797
0.6401690244674683
-6.17248010635376
0.08733399957418442
-6.128640174865723
-0.46550101041793823
-6.084799766540527
-1.018339991569519
-6.04095983505249
-1.5711699724197388
-5.997119903564453
-2.1240100860595703
-5.953279972076416
-2.67684006690979
-5.909440040588379
-3.229680061340332
-5.865600109100342
-3.7825100421905518
-5.821760177612305
-4.335350036621094
-5.777919769287109
-4.888179779052734
-5.734079837799072
-5.4410200119018555
-5.690239906311035
-5.993850231170654
-5.646399974822998
-6.546689987182617
-5.602560043334961
-7.099520206451416
-5.558720111846924
-7.652359962463379
-5.514880180358887
-8.20518970489502
-5.471039772033691
-8.75802993774414
-5.427199840545654
-9.310859680175781
-5.383359909057617
-9.863699913024902
-5.33951997756958
-10.416500091552734
-5.295690059661865
-10.969400405883789
-5.251850128173828
-11.522199630737305
-5.208010196685791
-12.074999809265137
-5.164169788360596
-12.627900123596191
-5.120329856872559
-13.180700302124023
-5.0764899253845215
-13.733499526977539
-5.032649993896484
-14.286399841308594
-4.988810062408447
-14.839200019836426
-4.94497013092041
-15.392000198364258
-4.901130199432373
-15.944899559020996
-4.857289791107178
-16.497699737548828
-4.813449859619141
-17.050600051879883
-4.7696099281311035
-17.6033992767334
-4.725769996643066
-18.156200408935547
-4.681930065155029
-18.7091007232666
-4.638090133666992
-19.261899948120117
