-4.550610065460205
18.577499389648438
-4.07390022277832
18.303699493408203
-3.5971899032592773
18.02989959716797
-3.120490074157715
17.756099700927734
-2.643779993057251
17.482200622558594
-2.167069911956787
17.20840072631836
-1.6903599500656128
16.934600830078125
-1.2136499881744385
16.66080093383789
-0.7369430065155029
16.386899948120117
-0.260233998298645
16.113100051879883
0.2164749950170517
15.839300155639648
0.6931830048561096
15.565500259399414
1.16989004611969
15.291600227355957
1.6466000080108643
15.017800331115723
2.123310089111328
14.744000434875488
2.600019931793213
14.470199584960938
3.0767300128936768
14.196399688720703
3.5534300804138184
13.922499656677246
4.030139923095703
13.648699760437012
4.506849765777588
13.374899864196777
4.983560085296631
13.101099967956543
5.460269927978516
12.827199935913086
5.9369797706604
12.553400039672852
6.413690090179443
12.279600143432617
6.890389919281006
12.005800247192383
7.367099761962891
11.731900215148926
