-6.606520175933838
-14.68910026550293
-6.072649955749512
-14.826800346374512
-5.538780212402344
-14.964500427246094
-5.004909992218018
-15.102100372314453
-4.471039772033691
-15.239800453186035
-3.9371700286865234
-15.3774995803833
-3.4033000469207764
-15.51509952545166
-2.8694300651550293
-15.652799606323242
-2.3355600833892822
-15.790499687194824
-1.8016899824142456
-15.928099632263184
-1.2678200006484985
-16.065799713134766
-0.7339529991149902
-16.203500747680664
-0.20008300244808197
-16.341100692749023
