19.842300415039062
10.31760025024414
19.71489906311035
9.772769927978516
19.587499618530273
9.227899551391602
19.4601993560791
8.683039665222168
19.332799911499023
8.13817024230957
19.205400466918945
7.593299865722656
19.077999114990234
7.0484299659729
18.950599670410156
6.5035600662231445
18.823200225830078
5.958690166473389
18.69580078125
5.413819789886475
18.568500518798828
4.868949890136719
18.441099166870117
4.324079990386963
18.31369972229004
3.779210090637207
18.18630027770996
3.234339952468872
18.058900833129883
2.6894800662994385
17.931499481201172
2.1446099281311035
17.804100036621094
1.5997400283813477
17.676799774169922
1.0548700094223022
17.549400329589844
0.5099989771842957
17.422000885009766
-0.034869998693466187
17.294599533081055
-0.579738974571228
17.167200088500977
-1.1246099472045898
17.0398006439209
-1.6694799661636353
16.912399291992188
-2.2143499851226807
16.78499984741211
-2.7592198848724365
16.657699584960938
-3.304080009460449
16.53030014038086
-3.848949909210205
16.40290069580078
-4.393819808959961
16.27549934387207
-4.938690185546875
16.148099899291992
-5.483560085296631
16.020700454711914
-6.028429985046387
15.89330005645752
-6.573299884796143
15.765999794006348
-7.118169784545898
15.63860034942627
-7.6630401611328125
15.511199951171875
-8.20790958404541
15.38379955291748
-8.752779960632324
15.256400108337402
-9.297639846801758
15.128999710083008
-9.842510223388672
15.00160026550293
-10.387399673461914
14.874300003051758
-10.932299613952637
14.746899604797363
-11.477100372314453
14.619500160217285
-12.022000312805176
14.49209976196289
-12.566900253295898
14.364700317382812
-13.111700057983398
14.237299919128418
-13.656599998474121
14.10990047454834
-14.201499938964844
13.982600212097168
-14.746299743652344
13.855199813842773
-15.291199684143066
13.727800369262695
-15.836099624633789
