3.7193500995635986
4.342120170593262
3.539669990539551
4.873479843139648
3.359989881515503
5.404829978942871
3.180310010910034
5.936190128326416
3.0006299018859863
6.467549800872803
2.8209500312805176
6.998899936676025
2.6412699222564697
7.53026008605957
2.461590051651001
8.061619758605957
2.2819199562072754
8.59296989440918
2.1022400856018066
9.124329566955566
1.9225599765777588
9.65569019317627
1.7428799867630005
10.187000274658203
1.5631999969482422
10.718400001525879
1.3835200071334839
11.249799728393555
1.2038400173187256
11.781100273132324
1.0241600275039673
12.3125
0.8444820046424866
12.843799591064453
0.6648030281066895
13.375200271606445
0.48512399196624756
13.906499862670898
0.30544498562812805
14.437899589538574
0.12576499581336975
14.969300270080566
-0.053913798183202744
15.50059986114502
-0.23359300196170807
16.031999588012695
