3.1177899837493896
16.914400100708008
2.8651599884033203
16.428300857543945
2.6125199794769287
15.94219970703125
2.3598899841308594
15.456100463867188
2.1072499752044678
14.970000267028809
1.8546199798583984
14.48390007019043
1.6019799709320068
13.99779987335205
1.3493399620056152
13.511699676513672
1.096709966659546
13.025699615478516
0.8440729975700378
12.539600372314453
0.5914379954338074
12.053500175476074
0.3388029932975769
11.567399978637695
0.0861670970916748
11.081299781799316
-0.16646799445152283
10.595199584960938
-0.4191040098667145
10.109100341796875
-0.6717389822006226
9.623040199279785
-0.9243749976158142
9.13694953918457
-1.1770100593566895
8.650859832763672
-1.4296499490737915
8.164770126342773
-1.6822799444198608
7.678679943084717
-1.9349199533462524
7.192590236663818
-2.1875500679016113
6.706500053405762
-2.440190076828003
6.220419883728027
-2.6928200721740723
5.734330177307129
-2.945460081100464
5.248239994049072
-3.198090076446533
4.762149810791016
-3.450730085372925
4.276060104370117
-3.703360080718994
3.7899699211120605
-3.9560000896453857
3.303879976272583
-4.208630084991455
2.8178000450134277
-4.461269855499268
2.33171010017395
