-15.892900466918945
10.600199699401855
-15.37909984588623
10.367199897766113
-14.865300178527832
10.134200096130371
-14.351499557495117
9.901229858398438
-13.837699890136719
9.668259620666504
-13.32390022277832
9.435279846191406
-12.810099601745605
9.202300071716309
-12.296299934387207
8.969320297241211
-11.782500267028809
8.736350059509277
-11.268699645996094
8.50337028503418
-10.754899978637695
8.270389556884766
-10.241100311279297
8.037409782409668
-9.727290153503418
7.804440021514893
-9.213489532470703
7.571459770202637
-8.699689865112305
7.338479995727539
-8.185890197753906
7.105510234832764
-7.67209005355835
6.872529983520508
-7.158289909362793
6.63955020904541
-6.644489765167236
6.406569957733154
-6.130690097808838
6.173600196838379
-5.616889953613281
5.940619945526123
-5.103089809417725
5.707640171051025
-4.589290142059326
5.474669933319092
-4.0754899978637695
5.241690158843994
-3.561690092086792
5.008709907531738
-3.0478899478912354
4.775730133056641
-2.534090042114258
4.542759895324707
-2.020289897918701
4.309780120849609
-1.5064899921417236
4.0767998695373535
-0.9926930069923401
3.843820095062256
-0.4788930118083954
3.6108500957489014
0.03490719944238663
3.3778700828552246
0.5487070083618164
3.144890069961548
1.0625100135803223
2.9119200706481934
1.5763100385665894
2.6789400577545166
2.0901100635528564
2.44596004486084
2.603909969329834
2.212980031967163
3.1177101135253906
1.9800100326538086
3.631510019302368
1.7470300197601318
4.145309925079346
1.514050006866455
4.659110069274902
1.2810800075531006
5.172910213470459
1.0480999946594238
5.686709880828857
0.8151209950447083
6.200510025024414
0.5821430087089539
6.714310169219971
0.34916600584983826
7.228109836578369
0.11618900299072266
7.741909980773926
-0.11678799986839294
8.255709648132324
-0.34976500272750854
8.769510269165039
-0.5827429890632629
9.283309936523438
-0.8157200217247009
9.797109603881836
-1.048699975013733
10.31089973449707
-1.2816699743270874
10.824700355529785
-1.5146499872207642
11.338500022888184
-1.747630000114441
11.852299690246582
-1.9806100130081177
12.366100311279297
-2.2135798931121826
12.879899978637695
-2.4465599060058594
13.393699645996094
-2.679539918899536
13.907500267028809
-2.912519931793213
14.421299934387207
-3.1454899311065674
14.935099601745605
-3.378469944000244
15.44890022277832
-3.611449956893921
15.962699890136719
-3.8444199562072754
16.476499557495117
-4.077400207519531
16.990299224853516
-4.310379981994629
17.504100799560547
-4.543360233306885
18.017900466918945
-4.77632999420166
