1.5817899703979492
-16.50160026550293
2.0540599822998047
-16.19219970703125
2.52632999420166
-15.882800102233887
2.9986000061035156
-15.573399543762207
3.470870018005371
-15.263999938964844
3.9431400299072266
-14.954700469970703
4.415410041809082
-14.645299911499023
4.8876800537109375
-14.33590030670166
5.359950065612793
-14.02649974822998
5.832220077514648
-13.717100143432617
6.304490089416504
-13.40779972076416
6.776760101318359
-13.098400115966797
7.249030113220215
-12.788999557495117
7.721310138702393
-12.479599952697754
8.19357967376709
-12.17020034790039
8.665849685668945
-11.860899925231934
9.1381196975708
-11.55150032043457
9.610389709472656
-11.24209976196289
10.0826997756958
-10.932700157165527
10.554900169372559
-10.62339973449707
11.027199745178223
-10.314000129699707
11.499500274658203
-10.004599571228027
11.971699714660645
-9.695219993591309
12.444000244140625
-9.38584041595459
12.916299819946289
-9.076459884643555
13.38860034942627
-8.767080307006836
13.860799789428711
-8.4576997756958
14.333100318908691
-8.148320198059082
14.805399894714355
-7.838940143585205
15.277600288391113
-7.529560089111328
15.749899864196777
-7.220180034637451
16.222200393676758
-6.910799980163574
16.694499969482422
-6.601419925689697
17.16670036315918
-6.292049884796143
17.638999938964844
-5.982669830322266
18.111299514770508
-5.673289775848389
18.583499908447266
-5.36391019821167
