1.4297200441360474
19.101600646972656
1.4803600311279297
18.542699813842773
1.5309900045394897
17.98390007019043
1.581629991531372
17.425100326538086
1.6322699785232544
16.866300582885742
1.6829099655151367
16.3075008392334
1.7335400581359863
15.748700141906738
1.7841800451278687
15.189900398254395
1.834820032119751
14.631099700927734
1.885450005531311
14.07229995727539
1.9360899925231934
13.513500213623047
1.9867299795150757
12.954700469970703
2.037369966506958
12.395899772644043
2.0880000591278076
11.8371000289917
2.1386399269104004
11.278300285339355
2.1892800331115723
10.719499588012695
2.2399098873138428
10.160699844360352
2.2905499935150146
9.601869583129883
2.3411900997161865
9.043069839477539
2.3918299674987793
8.484259605407715
2.442460060119629
7.925459861755371
2.4930999279022217
7.366650104522705
2.5437400341033936
6.807849884033203
2.594369888305664
6.249040126800537
2.645009994506836
5.690239906311035
2.695650100708008
5.131430149078369
2.7462899684906006
4.572629928588867
2.79692006111145
4.013820171356201
2.847559928894043
3.455019950866699
2.898200035095215
2.896209955215454
2.9488298892974854
2.3374099731445312
2.9994699954986572
1.7785999774932861
3.050110101699829
1.2197999954223633
3.100749969482422
0.6609910130500793
3.1513800621032715
0.10218600183725357
3.2020199298858643
-0.4566180109977722
3.252660036087036
-1.0154199600219727
3.3032898902893066
-1.5742299556732178
3.3539299964904785
-2.1330299377441406
3.4045701026916504
-2.6918399333953857
3.455209970474243
-3.2506399154663086
3.5058400630950928
-3.8094499111175537
3.5564799308776855
-4.368249893188477
3.6071200370788574
-4.927060127258301
3.657749891281128
-5.4858598709106445
3.7083899974823
-6.044670104980469
3.7590301036834717
-6.6034698486328125
3.8096699714660645
-7.162280082702637
3.860300064086914
-7.7210798263549805
3.910939931869507
-8.279890060424805
3.9615800380706787
-8.838689804077148
4.012209892272949
-9.397500038146973
4.062849998474121
-9.956299781799316
4.113490104675293
-10.51509952545166
4.164130210876465
-11.07390022277832
4.214759826660156
-11.632699966430664
4.265399932861328
-12.191499710083008
4.3160400390625
-12.750300407409668
4.36667013168335
-13.309100151062012
4.4173102378845215
-13.867899894714355
4.467949867248535
-14.4266996383667
4.518589973449707
-14.98550033569336
4.569220066070557
-15.544400215148926
4.6198601722717285
-16.103200912475586
4.670499801635742
-16.66200065612793
4.721129894256592
-17.220800399780273
4.771770000457764
-17.779600143432617
4.8224101066589355
-18.33839988708496
