5.587279796600342
-19.315900802612305
5.311299800872803
-18.82900047302246
5.035319805145264
-18.342199325561523
4.759329795837402
-17.85540008544922
4.483349800109863
-17.368600845336914
4.207369804382324
-16.881799697875977
3.9313900470733643
-16.395000457763672
3.655400037765503
-15.908100128173828
3.379420042037964
-15.421299934387207
3.103440046310425
-14.934499740600586
2.8274500370025635
-14.447699546813965
2.5514700412750244
-13.96090030670166
2.2754900455474854
-13.474100112915039
1.9995100498199463
-12.987199783325195
1.723520040512085
-12.500399589538574
1.447540044784546
-12.01360034942627
1.1715600490570068
-11.526800155639648
0.8955739736557007
-11.039999961853027
0.6195909976959229
-10.553199768066406
0.34360799193382263
-10.066300392150879
0.0676250010728836
-9.579520225524902
-0.2083580046892166
-9.092700004577637
-0.48434099555015564
-8.605879783630371
-0.7603240013122559
-8.119070053100586
-1.0363099575042725
-7.63224983215332
-1.3122899532318115
-7.145430088043213
-1.5882699489593506
-6.658609867095947
-1.8642499446868896
-6.171800136566162
-2.140239953994751
-5.6849799156188965
-2.41621994972229
-5.198160171508789
-2.692199945449829
-4.711349964141846
-2.9681899547576904
-4.224530220031738
-3.2441699504852295
-3.7377099990844727
-3.5201499462127686
-3.250890016555786
-3.7961299419403076
-2.764080047607422
-4.072120189666748
-2.2772600650787354
-4.348100185394287
-1.7904399633407593
-4.624080181121826
-1.303629994392395
-4.9000701904296875
-0.8168079853057861
-5.176050186157227
-0.32999101281166077
-5.452030181884766
0.15682600438594818
-5.728010177612305
0.6436430215835571
-6.004000186920166
1.1304600238800049
-6.279980182647705
1.6172800064086914
-6.555960178375244
2.1040899753570557
-6.8319501876831055
2.590909957885742
-7.1079301834106445
3.0777299404144287
-7.383910179138184
3.5645499229431152
-7.659890174865723
4.051360130310059
-7.935880184173584
4.538179874420166
-8.211859703063965
5.025000095367432
-8.487839698791504
5.511809825897217
-8.763830184936523
5.998630046844482
-9.039810180664062
6.48544979095459
-9.315790176391602
6.9722700119018555
-9.59177017211914
7.459080219268799
-9.867759704589844
7.945899963378906
-10.143699645996094
8.432720184326172
-10.419699668884277
8.919540405273438
-10.695699691772461
9.406350135803223
-10.971699714660645
9.893170356750488
