6.7352800369262695
-6.999239921569824
7.281519889831543
-7.012320041656494
7.827750205993652
-7.025400161743164
8.373979568481445
-7.038489818572998
8.920220375061035
-7.051569938659668
9.466449737548828
-7.064650058746338
10.012700080871582
-7.077730178833008
10.558899879455566
-7.090819835662842
11.105199813842773
-7.103899955749512
11.651399612426758
-7.116980075836182
12.197600364685059
-7.130060195922852
12.743900299072266
-7.1431498527526855
13.29010009765625
-7.1562299728393555
13.836299896240234
-7.169310092926025
14.382599830627441
-7.182390213012695
