-3.3280398845672607
-15.724900245666504
-3.4658799171447754
-15.183199882507324
-3.60371994972229
-14.641400337219238
-3.7415599822998047
-14.099699974060059
-3.8794000148773193
-13.557900428771973
-4.017240047454834
-13.016200065612793
-4.1550798416137695
-12.47439956665039
-4.292920112609863
-11.932700157165527
-4.430759906768799
-11.390899658203125
-4.568600177764893
-10.849200248718262
-4.706439971923828
-10.30739974975586
-4.844279766082764
-9.765700340270996
-4.982120037078857
-9.223950386047363
-5.119959831237793
-8.68220043182373
