8.117639541625977
-13.644499778747559
8.261260032653809
-13.116700172424316
8.40487003326416
-12.588899612426758
8.548489570617676
-12.061100006103516
8.692099571228027
-11.533300399780273
8.83572006225586
-11.005499839782715
8.979330062866211
-10.477700233459473
9.122949600219727
-9.949950218200684
9.266559600830078
-9.422160148620605
9.41016960144043
-8.894370079040527
9.553790092468262
-8.366570472717285
9.697400093078613
-7.838779926300049
9.841019630432129
-7.310989856719971
9.98462963104248
-6.783199787139893
10.128199577331543
-6.25540018081665
10.271900177001953
-5.727610111236572
10.415499687194824
-5.199820041656494
10.559100151062012
-4.672029972076416
10.702699661254883
-4.144229888916016
10.84630012512207
-3.6164400577545166
10.989899635314941
-3.0886499881744385
11.133600234985352
-2.560849905014038
11.277199745178223
-2.033060073852539
11.42080020904541
-1.505270004272461
11.564399719238281
-0.9774760007858276
11.708000183105469
-0.4496830105781555
11.85159969329834
0.07810930162668228
11.995200157165527
0.6059020161628723
12.138899803161621
1.1336899995803833
12.282500267028809
1.6614899635314941
