-1.4722199440002441
0.966152012348175
-1.8758000135421753
1.354390025138855
-2.279370069503784
1.7426300048828125
-2.682950019836426
2.1308701038360596
-3.086519956588745
2.5191099643707275
-3.4900999069213867
2.9073500633239746
-3.893670082092285
3.2955899238586426
-4.297249794006348
3.6838300228118896
-4.700819969177246
4.072070121765137
-5.104400157928467
4.460309982299805
-5.507969856262207
4.848549842834473
-5.911550045013428
5.236790180206299
-6.315120220184326
5.625030040740967
-6.718699932098389
6.013269901275635
-7.122270107269287
6.401509761810303
-7.52584981918335
6.789750099182129
-7.929419994354248
7.177989959716797
-8.332989692687988
7.566229820251465
-8.736570358276367
7.954470157623291
-9.14013957977295
8.3427095413208
-9.543720245361328
8.730950355529785
-9.947290420532227
9.119190216064453
-10.350899696350098
9.507430076599121
-10.754400253295898
9.895669937133789
-11.157999992370605
10.283900260925293
-11.561599731445312
10.672200202941895
-11.965200424194336
11.060400009155273
-12.36870002746582
11.448599815368652
-12.772299766540527
11.836899757385254
-13.17590045928955
12.225099563598633
-13.579500198364258
12.61340045928955
-13.982999801635742
13.00160026550293
