-9.442709922790527
3.9087400436401367
-8.894769668579102
4.034979820251465
-8.346830368041992
4.161210060119629
-7.798890113830566
4.287449836730957
-7.250949859619141
4.413680076599121
-6.703010082244873
4.539909839630127
-6.155069828033447
4.666150093078613
-5.607140064239502
4.792379856109619
-5.059199810028076
4.918610095977783
-4.511260032653809
5.044849872589111
-3.963320016860962
5.171080112457275
-3.4153800010681152
5.297309875488281
-2.8674399852752686
5.423550128936768
-2.319499969482422
5.549779891967773
-1.7715699672698975
5.6760101318359375
-1.2236299514770508
5.802249908447266
-0.6756880283355713
5.92848014831543
-0.1277499943971634
6.0547099113464355
0.4201889932155609
6.180950164794922
0.9681270122528076
6.307179927825928
1.516070008277893
6.433410167694092
2.063999891281128
6.55964994430542
2.6119399070739746
6.685880184173584
3.1598799228668213
6.81210994720459
3.707819938659668
6.938350200653076
4.255760192871094
7.064579963684082
4.803699970245361
7.190810203552246
5.351640224456787
7.317049980163574
5.899569988250732
7.443280220031738
6.447509765625
7.569509983062744
6.995450019836426
7.6957502365112305
7.543389797210693
7.821979999542236
8.091329574584961
7.948209762573242
8.639269828796387
8.07444953918457
9.187210083007812
8.200679779052734
9.735150337219238
8.326910018920898
10.283100128173828
8.453149795532227
10.831000328063965
8.57938003540039
11.378999710083008
8.705610275268555
11.926899909973145
8.831850051879883
12.474800109863281
8.958080291748047
13.02280044555664
9.084309577941895
13.570699691772461
9.210550308227539
14.11870002746582
9.336779594421387
14.666600227355957
9.463020324707031
15.214500427246094
9.589249610900879
15.762499809265137
9.715479850769043
16.310400009155273
9.841719627380371
16.858299255371094
9.967949867248535
17.406299591064453
10.094200134277344
17.954200744628906
10.220399856567383
18.502199172973633
10.346599578857422
