-14.98900032043457
4.935190200805664
-14.430000305175781
5.016059875488281
-13.87090015411377
5.096930027008057
-13.311800003051758
5.177800178527832
-12.752699851989746
5.258669853210449
-12.193699836730957
5.339529991149902
-11.634599685668945
5.420400142669678
-11.075499534606934
5.501269817352295
-10.516500473022461
5.58213996887207
-9.957380294799805
5.663010120391846
-9.398309707641602
5.743879795074463
-8.839240074157715
5.824749946594238
-8.280170440673828
5.905620098114014
-7.721099853515625
5.986489772796631
-7.162030220031738
6.067359924316406
-6.602950096130371
6.148230075836182
-6.043879985809326
6.229100227355957
-5.484809875488281
6.309969902038574
-4.925739765167236
6.390830039978027
-4.36667013168335
6.471700191497803
-3.8076000213623047
6.55256986618042
-3.2485299110412598
6.633440017700195
-2.689460039138794
6.714310169219971
-2.1303799152374268
6.795179843902588
-1.571310043334961
6.876049995422363
-1.0122400522232056
6.956920146942139
-0.4531710147857666
7.037789821624756
0.10590100288391113
7.118659973144531
0.6649720072746277
7.199530124664307
1.2240400314331055
7.280399799346924
1.7831100225448608
7.361269950866699
2.3421900272369385
7.442130088806152
2.9012598991394043
7.5229997634887695
3.460330009460449
7.603869915008545
4.019400119781494
7.68474006652832
4.578470230102539
7.765610218048096
5.137539863586426
7.846479892730713
5.696609973907471
7.927350044250488
6.255680084228516
8.008219718933105
6.814760208129883
8.089090347290039
7.3738298416137695
8.169960021972656
7.9328999519348145
8.250829696655273
8.49197006225586
8.331700325012207
9.051039695739746
8.412569999694824
9.61011028289795
8.493430137634277
10.16919994354248
8.574299812316895
10.728300094604492
8.655170440673828
11.287300109863281
8.736040115356445
11.846400260925293
8.816909790039062
12.405500411987305
8.897780418395996
12.964500427246094
8.978650093078613
13.523599624633789
9.05951976776123
14.0826997756958
9.140390396118164
14.641799926757812
9.221260070800781
15.200799942016602
9.302129745483398
15.759900093078613
9.383000373840332
16.319000244140625
9.46387004852295
16.878000259399414
9.544730186462402
17.43709945678711
9.62559986114502
17.996200561523438
9.706469535827637
18.555299758911133
9.78734016418457
