-16.6028995513916
11.970100402832031
-16.05739974975586
12.074799537658691
-15.511799812316895
12.17959976196289
-14.96619987487793
12.284299850463867
-14.420700073242188
12.388999938964844
-13.875100135803223
12.493800163269043
-13.329500198364258
12.59850025177002
-12.784000396728516
12.703200340270996
-12.23840045928955
12.807999610900879
-11.69279956817627
12.912699699401855
-11.147299766540527
13.017399787902832
-10.601699829101562
13.122200012207031
-10.056099891662598
13.226900100708008
-9.510580062866211
13.331600189208984
-8.965009689331055
13.436400413513184
-8.419449806213379
13.541099548339844
-7.873879909515381
13.64579963684082
-7.328320026397705
13.75059986114502
-6.782750129699707
13.855299949645996
-6.237189769744873
13.960000038146973
-5.691619873046875
14.064800262451172
-5.146049976348877
14.169500350952148
-4.600490093231201
14.274200439453125
-4.054920196533203
14.378999710083008
-3.5093600749969482
14.483699798583984
-2.963789939880371
14.588399887084961
-2.4182300567626953
14.693099975585938
-1.8726600408554077
14.797900199890137
-1.3271000385284424
14.902600288391113
-0.7815290093421936
15.00730037689209
-0.23596400022506714
15.112099647521973
0.3096019923686981
15.21679973602295
0.8551669716835022
15.321499824523926
1.400730013847351
15.426300048828125
1.9463000297546387
15.531000137329102
2.4918599128723145
15.635700225830078
3.0374300479888916
15.740500450134277
3.5829999446868896
15.845199584960938
4.1285600662231445
15.949899673461914
4.674129962921143
16.05470085144043
5.219689846038818
16.159400939941406
5.765260219573975
16.26409912109375
6.31082010269165
16.368900299072266
6.856389999389648
16.473600387573242
7.401949882507324
16.57830047607422
7.947519779205322
16.6830997467041
8.49308967590332
16.787799835205078
9.038649559020996
16.892499923706055
9.584219932556152
16.997299194335938
10.129799842834473
17.101999282836914
10.675299644470215
17.20669937133789
11.22089958190918
17.311500549316406
11.766500473022461
17.416200637817383
