9.049699783325195
-15.800399780273438
8.492230415344238
-15.728699684143066
7.934770107269287
-15.656999588012695
7.377309799194336
-15.585399627685547
6.819849967956543
-15.513699531555176
6.262380123138428
-15.442000389099121
5.704919815063477
-15.37030029296875
5.147459983825684
-15.298600196838379
4.589990139007568
-15.226900100708008
4.032529830932617
-15.155200004577637
3.475069999694824
-15.083499908447266
2.917609930038452
-15.011799812316895
2.360140085220337
-14.940099716186523
1.8026800155639648
-14.868399620056152
1.2452199459075928
-14.796799659729004
0.6877530217170715
-14.725099563598633
0.13029000163078308
-14.653400421142578
-0.427172988653183
-14.581700325012207
-0.9846360087394714
-14.510000228881836
-1.542099952697754
-14.438300132751465
-2.099560022354126
-14.366600036621094
-2.657020092010498
-14.294899940490723
-3.2144899368286133
-14.223199844360352
-3.7719500064849854
-14.15149974822998
-4.329410076141357
-14.07979965209961
-4.886879920959473
-14.008099555969238
-5.444340229034424
-13.93649959564209
-6.001800060272217
-13.864800453186035
-6.559269905090332
-13.793100357055664
-7.116730213165283
-13.721400260925293
-7.674190044403076
-13.649700164794922
-8.231650352478027
-13.57800006866455
-8.789119720458984
-13.50629997253418
-9.346579551696777
-13.434599876403809
-9.904040336608887
-13.362899780273438
-10.46150016784668
-13.291199684143066
-11.019000053405762
-13.219499588012695
-11.576399803161621
-13.14780044555664
-12.133899688720703
-13.076199531555176
-12.691399574279785
-13.004500389099121
-13.248800277709961
-12.93280029296875
-13.806300163269043
-12.861100196838379
-14.363699913024902
-12.789400100708008
-14.921199798583984
-12.717700004577637
-15.478699684143066
-12.645999908447266
-16.036100387573242
-12.574299812316895
-16.593599319458008
-12.502599716186523
