-14.077799797058105
12.848199844360352
-14.1766996383667
12.295000076293945
-14.27560043334961
11.741800308227539
-14.374600410461426
11.188599586486816
-14.47350025177002
10.63539981842041
-14.572400093078613
10.082200050354004
-14.671299934387207
9.529060363769531
-14.7701997756958
8.975859642028809
-14.869199752807617
8.422670364379883
-14.968099594116211
7.869470119476318
-15.067000389099121
7.316279888153076
-15.165900230407715
6.76308012008667
-15.264800071716309
6.209889888763428
-15.363800048828125
5.656700134277344
-15.462699890136719
5.103499889373779
-15.561599731445312
4.550310134887695
-15.660499572753906
3.997109889984131
-15.759400367736816
3.4439198970794678
-15.858400344848633
2.8907299041748047
-15.957300186157227
2.3375298976898193
-16.05620002746582
1.7843400239944458
-16.155099868774414
1.2311400175094604
-16.253999710083008
0.677947998046875
-16.35300064086914
0.12475399672985077
-16.451900482177734
-0.42844000458717346
-16.550800323486328
-0.9816340208053589
-16.649700164794922
-1.5348299741744995
-16.748600006103516
-2.088020086288452
-16.84760093688965
-2.6412200927734375
-16.946500778198242
-3.1944100856781006
-17.045400619506836
-3.747610092163086
-17.14430046081543
-4.30079984664917
-17.243200302124023
-4.853990077972412
-17.342199325561523
-5.407189846038818
-17.441099166870117
-5.9603800773620605
-17.540000915527344
-6.513579845428467
-17.638900756835938
-7.066770076751709
-17.73780059814453
-7.619959831237793
-17.83679962158203
-8.1731595993042
