-15.587900161743164
-7.208320140838623
-15.113499641418457
-6.918389797210693
-14.639100074768066
-6.628459930419922
-14.16469955444336
-6.338540077209473
-13.690299987792969
-6.048610210418701
-13.215999603271484
-5.7586798667907715
-12.741600036621094
-5.468760013580322
-12.267200469970703
-5.178830146789551
-11.792799949645996
-4.888899803161621
-11.318400382995605
-4.59896993637085
-10.843999862670898
-4.3090500831604
-10.369600296020508
-4.019120216369629
-9.895210266113281
-3.7291901111602783
-9.420820236206055
-3.4392600059509277
-8.946419715881348
-3.1493399143218994
-8.472029685974121
-2.859410047531128
-7.997640132904053
-2.5694799423217773
-7.523250102996826
-2.279560089111328
-7.0488600730896
-1.9896299839019775
-6.574460029602051
-1.6996999979019165
-6.100069999694824
-1.4097700119018555
-5.625679969787598
-1.1198500394821167
-5.151289939880371
-0.8299199938774109
-4.6768999099731445
-0.5399929881095886
-4.202499866485596
-0.25006601214408875
-3.7281100749969482
0.03986150026321411
-3.2537200450897217
0.32978901267051697
-2.779330015182495
0.6197159886360168
-2.3049399852752686
0.9096429944038391
