-6.330140113830566
-0.018516499549150467
-5.933460235595703
-0.40619000792503357
-5.536779880523682
-0.793861985206604
-5.140110015869141
-1.1815400123596191
-4.743430137634277
-1.5692100524902344
-4.346749782562256
-1.95687997341156
-3.950079917907715
-2.3445498943328857
-3.5534000396728516
-2.7322299480438232
-3.156719923019409
-3.1198999881744385
-2.760050058364868
-3.5075700283050537
-2.363369941711426
-3.895250082015991
-1.966689944267273
-4.282919883728027
-1.5700199604034424
-4.670589923858643
-1.1733399629592896
-5.05826997756958
-0.7766649723052979
-5.445940017700195
-0.37998801469802856
-5.8336100578308105
0.016688600182533264
-6.221280097961426
0.4133650064468384
-6.608960151672363
0.8100420236587524
-6.9966301918029785
1.206719994544983
-7.384300231933594
1.6033899784088135
-7.771979808807373
2.000070095062256
-8.159649848937988
2.396749973297119
-8.547320365905762
2.7934200763702393
-8.9350004196167
3.1900999546051025
-9.322669982910156
3.586780071258545
-9.710339546203613
3.983449935913086
-10.097999572753906
4.380129814147949
-10.485699653625488
4.776810169219971
-10.87339973449707
5.173480033874512
-11.26099967956543
5.570159912109375
-11.648699760437012
5.966839790344238
-12.036399841308594
