11.471799850463867
-9.396430015563965
11.588800430297852
-9.916589736938477
11.705699920654297
-10.436699867248535
11.822699546813965
-10.956899642944336
11.939599990844727
-11.47700023651123
12.056500434875488
-11.997200012207031
12.173500061035156
-12.51729965209961
12.290399551391602
-13.037500381469727
12.407400131225586
-13.557600021362305
12.524299621582031
-14.077799797058105
12.641300201416016
-14.597900390625
12.758199691772461
-15.1181001663208
12.875100135803223
-15.638199806213379
12.99209976196289
-16.15839958190918
13.109000205993652
-16.678499221801758
13.22599983215332
-17.198699951171875
13.342900276184082
-17.718799591064453
13.45989990234375
-18.23900032043457
