-6.7059102058410645
7.434810161590576
-7.017429828643799
6.976190090179443
-7.328959941864014
6.517560005187988
-7.640480041503906
6.0589399337768555
-7.952000141143799
5.6003098487854
-8.263520240783691
5.141689777374268
-8.575039863586426
4.683060169219971
-8.88656997680664
4.224440097808838
-9.198089599609375
3.765820026397705
-9.509610176086426
3.30718994140625
-9.82112979888916
2.8485701084136963
-10.132699966430664
2.389940023422241
-10.444199562072754
1.9313199520111084
-10.75570011138916
1.4726899862289429
-11.06719970703125
1.0140700340270996
-11.378700256347656
0.5554450154304504
-11.690299987792969
0.09682060033082962
-12.001799583435059
-0.3618040084838867
-12.313300132751465
-0.8204280138015747
-12.624799728393555
-1.2790499925613403
-12.936300277709961
-1.7376799583435059
-13.247900009155273
-2.1963000297546387
-13.559399604797363
-2.6549301147460938
-13.87090015411377
-3.1135499477386475
-14.18239974975586
-3.5721700191497803
-14.494000434875488
-4.030799865722656
-14.805500030517578
-4.489419937133789
-15.116999626159668
-4.948050022125244
-15.428500175476074
-5.406670093536377
-15.739999771118164
-5.865300178527832
-16.051599502563477
-6.323919773101807
-16.363100051879883
-6.782549858093262
-16.67460060119629
-7.2411699295043945
-16.986099243164062
-7.699790000915527
-17.297700881958008
-8.158419609069824
-17.60919952392578
-8.617039680480957
