13.423700332641602
2.2808399200439453
13.191900253295898
1.7656999826431274
12.960200309753418
1.2505600452423096
12.728500366210938
0.7354230284690857
12.496800422668457
0.22028300166130066
12.265000343322754
-0.294856995344162
12.033300399780273
-0.809997022151947
11.801600456237793
-1.3251399993896484
11.56980037689209
-1.8402800559997559
11.33810043334961
-2.3554201126098633
11.106399536132812
-2.8705599308013916
10.874699592590332
-3.385699987411499
10.642900466918945
-3.9008400440216064
10.411199569702148
-4.415979862213135
10.179499626159668
-4.931119918823242
9.947750091552734
-5.44625997543335
9.716019630432129
-5.961400032043457
9.48429012298584
-6.4765400886535645
9.252559661865234
-6.991680145263672
9.020830154418945
-7.506820201873779
8.78911018371582
-8.021960258483887
8.557379722595215
-8.537099838256836
8.325650215148926
-9.052240371704102
8.09391975402832
-9.56737995147705
7.862189769744873
-10.082500457763672
7.630469799041748
-10.597700119018555
