18.6742000579834
0.6357100009918213
18.260000228881836
1.0132700204849243
17.845800399780273
1.3908300399780273
17.43160057067871
1.7683900594711304
17.01740074157715
2.1459500789642334
16.603200912475586
2.5234999656677246
16.18899917602539
2.901060104370117
15.774800300598145
3.2786200046539307
15.360600471496582
3.656179904937744
14.946399688720703
4.033740043640137
14.53219985961914
4.411300182342529
14.118000030517578
4.788859844207764
13.703800201416016
5.166419982910156
13.289600372314453
5.543980121612549
12.875399589538574
5.921529769897461
12.461199760437012
6.2990899085998535
12.04699993133545
6.676650047302246
11.632800102233887
7.054210186004639
11.218600273132324
7.431769847869873
10.804400444030762
7.809329986572266
10.390199661254883
8.1868896484375
9.975959777832031
8.56445026397705
9.561750411987305
8.942009925842285
9.147549629211426
9.319560050964355
8.7333402633667
9.69711971282959
8.319140434265137
10.074700355529785
7.904930114746094
10.452199935913086
7.490729808807373
10.82979965209961
7.076519966125488
11.20740032196045
6.662320137023926
11.58489990234375
6.248119831085205
11.962499618530273
5.83390998840332
12.34000015258789
5.419710159301758
12.717599868774414
5.005499839782715
13.095199584960938
4.591300010681152
13.472700119018555
4.177090167999268
13.850299835205078
3.762890100479126
14.227800369262695
3.348680019378662
14.605400085449219
2.9344799518585205
14.98289966583252
2.520279884338379
15.36050033569336
2.106070041656494
15.738100051879883
1.6918699741363525
16.1156005859375
1.2776600122451782
16.493200302124023
0.8634589910507202
16.87070083618164
0.44925400614738464
17.248300552368164
0.03504979982972145
17.625900268554688
-0.3791550099849701
18.003400802612305
-0.7933589816093445
18.381000518798828
-1.2075599431991577
18.758499145507812
