9.172450065612793
12.4399995803833
8.990010261535645
11.912199974060059
8.80757999420166
11.384300231933594
8.625140190124512
10.856399536132812
8.442709922790527
10.328499794006348
8.260270118713379
9.800580024719238
8.077839851379395
9.272689819335938
7.895400047302246
8.744799613952637
7.7129597663879395
8.216910362243652
7.530529975891113
7.689020156860352
7.348090171813965
7.1611199378967285
7.1656599044799805
6.633230209350586
6.983220100402832
6.105340003967285
6.800789833068848
5.577449798583984
6.618350028991699
5.049560070037842
6.435919761657715
4.521659851074219
6.253479957580566
3.993769884109497
6.07105016708374
3.4658799171447754
5.888609886169434
2.9379899501800537
5.706180095672607
2.410099983215332
5.523739814758301
1.8822100162506104
5.341310024261475
1.3543100357055664
5.158870220184326
0.8264210224151611
4.976439952850342
0.2985289990901947
4.794000148773193
-0.22936299443244934
4.611559867858887
-0.7572550177574158
4.4291300773620605
-1.2851500511169434
4.246689796447754
-1.813040018081665
4.064260005950928
-2.3409299850463867
3.8818199634552
-2.8688199520111084
3.699389934539795
-3.39670991897583
3.5169498920440674
-3.924609899520874
3.334520101547241
-4.452499866485596
3.1520800590515137
-4.9803900718688965
2.9696500301361084
-5.508279800415039
2.787209987640381
-6.03617000579834
2.6047799587249756
-6.564070224761963
2.422339916229248
-7.0919599533081055
2.2399098873138428
-7.619850158691406
2.0574700832366943
-8.147740364074707
1.875040054321289
-8.675629615783691
1.6926000118255615
-9.203530311584473
1.510159969329834
-9.731419563293457
1.3277299404144287
-10.259300231933594
1.1452900171279907
-10.787199974060059
