-1.8965400457382202
-12.968400001525879
-1.9300099611282349
-12.41189956665039
-1.963479995727539
-11.855400085449219
-1.9969500303268433
-11.29889965057373
-2.0304200649261475
-10.742500305175781
-2.063889980316162
-10.185999870300293
-2.0973598957061768
-9.629469871520996
-2.1308300495147705
-9.072970390319824
-2.164299964904785
-8.516480445861816
-2.197770118713379
-7.95999002456665
-2.2312400341033936
-7.40349006652832
-2.264709949493408
-6.8470001220703125
-2.298180103302002
-6.290510177612305
-2.3316500186920166
-5.734010219573975
-2.3651199340820312
-5.177519798278809
-2.398590087890625
-4.621029853820801
-2.4320600032806396
-4.064529895782471
-2.4655299186706543
-3.508039951324463
-2.499000072479248
-2.951550006866455
-2.5324699878692627
-2.395050048828125
-2.5659499168395996
-1.8385599851608276
-2.5994200706481934
-1.2820700407028198
-2.632889986038208
-0.7255740165710449
-2.6663599014282227
-0.16908100247383118
-2.6998300552368164
0.38741201162338257
-2.733299970626831
0.9439060091972351
-2.7667698860168457
1.5003999471664429
-2.8002400398254395
2.0568900108337402
-2.833709955215454
2.6133899688720703
-2.867180109024048
3.169879913330078
-2.9006500244140625
3.726370096206665
-2.934119939804077
4.282869815826416
-2.967590093612671
4.839360237121582
-3.0010600090026855
5.39585018157959
-3.0345299243927
5.95235013961792
-3.068000078201294
6.508840084075928
-3.1014699935913086
7.0653300285339355
-3.1349399089813232
7.621829986572266
-3.168410062789917
8.178319931030273
-3.2018799781799316
8.734809875488281
-3.2353498935699463
9.29131031036377
-3.26882004737854
9.847800254821777
-3.3022899627685547
10.40429973602295
-3.3357601165771484
10.960800170898438
-3.369230031967163
11.51729965209961
-3.4026999473571777
12.073800086975098
-3.4361701011657715
12.63029956817627
-3.4696500301361084
13.186800003051758
-3.503119945526123
13.743300437927246
-3.536590099334717
14.299699783325195
-3.5700600147247314
14.856200218200684
-3.603529930114746
15.412699699401855
-3.63700008392334
15.969200134277344
-3.6704699993133545
16.525699615478516
