-14.470199584960938
16.73390007019043
-14.783900260925293
16.308000564575195
-15.097599983215332
15.882100105285645
-15.411199569702148
15.456199645996094
-15.724900245666504
15.030200004577637
-16.03860092163086
14.604299545288086
-16.35219955444336
14.178400039672852
-16.6658992767334
13.7524995803833
-16.97960090637207
13.326600074768066
-17.29319953918457
12.900699615478516
-17.60689926147461
12.474800109863281
-17.92060089111328
12.04889965057373
-18.23419952392578
11.623000144958496
-18.54789924621582
11.197099685668945
