6.377349853515625
-10.992400169372559
5.9004597663879395
-11.24269962310791
5.423570156097412
-11.4931001663208
4.946680068969727
-11.743399620056152
4.469779968261719
-11.993800163269043
3.992889881134033
-12.244099617004395
3.5160000324249268
-12.494500160217285
3.039099931716919
-12.744799613952637
2.5622100830078125
-12.995200157165527
2.085319995880127
-13.245499610900879
1.608430027961731
-13.49590015411377
1.1315300464630127
-13.746199607849121
0.6546400189399719
-13.996600151062012
0.1777469962835312
-14.246899604797363
-0.29914501309394836
-14.497300148010254
-0.7760379910469055
-14.747599601745605
-1.2529300451278687
-14.998000144958496
-1.7298200130462646
-15.248299598693848
-2.2067201137542725
-15.498700141906738
