19.95330047607422
-0.23414799571037292
19.64189910888672
-0.6935970187187195
19.33049964904785
-1.1530499458312988
19.019100189208984
-1.6124900579452515
18.707599639892578
-2.0719399452209473
18.39620018005371
-2.5313899517059326
18.084800720214844
-2.990839958190918
17.773399353027344
-3.4502899646759033
17.461999893188477
-3.9097399711608887
17.15060043334961
-4.369190216064453
16.83919906616211
-4.828639984130859
16.527799606323242
-5.288090229034424
16.216400146484375
-5.74753999710083
15.904999732971191
-6.206980228424072
15.593600273132324
-6.6664299964904785
15.28219985961914
-7.125879764556885
14.970800399780273
-7.585330009460449
14.659299850463867
-8.044779777526855
14.347900390625
-8.504229545593262
14.036499977111816
-8.963680267333984
13.725099563598633
-9.42313003540039
13.413700103759766
-9.882579803466797
13.102299690246582
-10.342000007629395
12.790900230407715
-10.80150032043457
12.479499816894531
-11.260899543762207
12.168100357055664
-11.720399856567383
11.85669994354248
-12.179800033569336
11.545299530029297
-12.639300346374512
