9.400670051574707
3.93356990814209
9.490099906921387
3.3815701007843018
9.579529762268066
2.8295700550079346
9.668970108032227
2.2775700092315674
9.758399963378906
1.725559949874878
9.847840309143066
1.1735600233078003
9.937270164489746
0.6215590238571167
10.026700019836426
0.06955630332231522
10.116100311279297
-0.48244601488113403
10.205599784851074
-1.0344500541687012
10.295000076293945
-1.5864499807357788
10.384400367736816
-2.1384499073028564
10.473899841308594
-2.690459966659546
10.563300132751465
-3.242460012435913
10.652799606323242
-3.7944600582122803
10.742199897766113
-4.346459865570068
10.831600189208984
-4.8984599113464355
10.921099662780762
-5.450469970703125
11.010499954223633
-6.002470016479492
11.099900245666504
-6.554470062255859
11.189399719238281
-7.106470108032227
11.278800010681152
-7.658480167388916
11.368200302124023
-8.210479736328125
11.4576997756958
-8.762479782104492
11.547100067138672
-9.31447982788086
11.636500358581543
-9.866490364074707
11.72599983215332
-10.418499946594238
11.815400123596191
-10.970499992370605
11.904800415039062
-11.522500038146973
11.99429988861084
-12.07450008392334
12.083700180053711
-12.626500129699707
12.173100471496582
-13.178500175476074
12.26259994506836
-13.730500221252441
12.35200023651123
-14.282500267028809
