-18.417699813842773
-19.154600143432617
-17.963300704956055
-18.858400344848633
-17.508899688720703
-18.562299728393555
-17.054500579833984
-18.26609992980957
-16.600099563598633
-17.969999313354492
-16.14579963684082
-17.673799514770508
-15.691399574279785
-17.377599716186523
-15.237000465393066
-17.081499099731445
-14.782600402832031
-16.78529930114746
-14.328200340270996
-16.489099502563477
-13.873800277709961
-16.19300079345703
-13.419500350952148
-15.89680004119873
-12.965100288391113
-15.600700378417969
-12.510700225830078
-15.304499626159668
-12.056300163269043
-15.008299827575684
-11.601900100708008
-14.712200164794922
-11.147600173950195
-14.416000366210938
-10.69320011138916
-14.11989974975586
-10.238800048828125
-13.823699951171875
-9.78441047668457
-13.52750015258789
-9.33003044128418
-13.231399536132812
-8.875650405883789
-12.935199737548828
-8.421259880065918
-12.639100074768066
