10.95740032196045
2.7121500968933105
10.90839958190918
2.154550075531006
10.859399795532227
1.596940040588379
10.810400009155273
1.0393400192260742
10.76140022277832
0.48173901438713074
10.712400436401367
-0.07586359977722168
10.663399696350098
-0.6334660053253174
10.614399909973145
-1.1910699605941772
10.565400123596191
-1.748669981956482
10.516400337219238
-2.3062798976898193
10.467399597167969
-2.863879919052124
10.418399810791016
-3.4214799404144287
10.369400024414062
-3.9790799617767334
10.32040023803711
-4.5366902351379395
10.271400451660156
-5.094289779663086
10.222399711608887
-5.651889801025391
10.173399925231934
-6.209489822387695
10.12440013885498
-6.767099857330322
10.075400352478027
-7.324699878692627
10.026399612426758
-7.882299900054932
9.977439880371094
-8.439909934997559
9.92844009399414
-8.997509956359863
9.879440307617188
-9.555109977722168
9.830439567565918
-10.112700462341309
9.781439781188965
-10.670299530029297
9.732439994812012
-11.227899551391602
