-3.2429699897766113
14.271300315856934
-2.9908900260925293
13.77180004119873
-2.7388200759887695
13.272299766540527
-2.4867401123046875
12.77280044555664
-2.2346599102020264
12.273300170898438
-1.9825799465179443
11.773799896240234
-1.7304999828338623
11.274299621582031
-1.4784200191497803
10.774800300598145
-1.226349949836731
10.275300025939941
-0.9742680191993713
9.775779724121094
-0.7221900224685669
9.276280403137207
-0.47011199593544006
8.776789665222168
-0.21803399920463562
8.277290344238281
0.03404390066862106
7.777790069580078
0.28612199425697327
7.278289794921875
0.5382000207901001
6.77878999710083
0.7902780175209045
6.279290199279785
1.0423599481582642
5.779789924621582
1.2944300174713135
5.280290126800537
1.5465099811553955
4.780789852142334
1.7985899448394775
4.281290054321289
2.0506699085235596
3.7818000316619873
2.3027501106262207
3.2822999954223633
2.5548200607299805
2.7827999591827393
2.8069000244140625
2.2832999229431152
3.0589799880981445
1.7838000059127808
3.3110599517822266
1.2842999696731567
3.5631399154663086
0.7848010063171387
3.8152201175689697
0.2853020131587982
4.06728982925415
-0.21419699490070343
4.319369792938232
-0.7136960029602051
4.571450233459473
-1.2131999731063843
4.823530197143555
-1.712689995765686
5.075610160827637
-2.2121899127960205
5.3276801109313965
-2.7116899490356445
5.5797600746154785
-3.2111899852752686
5.8318400382995605
-3.7106900215148926
6.083920001983643
-4.2101898193359375
6.335999965667725
-4.709690093994141
6.588069915771484
-5.2091898918151855
6.840149879455566
-5.708690166473389
7.092229843139648
-6.208189964294434
7.3443098068237305
-6.7076802253723145
7.5963897705078125
-7.207180023193359
7.848470211029053
-7.706679821014404
8.100540161132812
-8.20617961883545
8.352620124816895
-8.705679893493652
8.604700088500977
-9.205180168151855
8.856780052185059
-9.704680442810059
9.10886001586914
-10.20419979095459
9.360930442810059
-10.703700065612793
9.61301040649414
-11.203200340270996
9.865090370178223
-11.702699661254883
10.117199897766113
-12.202199935913086
10.369199752807617
-12.701700210571289
10.621299743652344
-13.201199531555176
10.87339973449707
-13.700699806213379
11.125499725341797
-14.200200080871582
11.377599716186523
-14.699700355529785
11.629599571228027
-15.199199676513672
11.881699562072754
-15.698699951171875
12.13379955291748
-16.198200225830078
