-17.449800491333008
-14.623900413513184
-17.090099334716797
-14.197199821472168
-16.73040008544922
-13.770400047302246
-16.370800018310547
-13.343600273132324
-16.01110076904297
-12.916799545288086
-15.651399612426758
-12.490099906921387
-15.29170036315918
-12.063300132751465
-14.932000160217285
-11.636500358581543
-14.57229995727539
-11.209699630737305
-14.212599754333496
-10.782999992370605
-13.852899551391602
-10.356200218200684
-13.493200302124023
-9.92943000793457
-13.133600234985352
-9.502650260925293
-12.773900032043457
-9.07588005065918
-12.414199829101562
-8.649109840393066
-12.054499626159668
-8.222339630126953
-11.69480037689209
-7.795559883117676
-11.335100173950195
-7.368790149688721
-10.9753999710083
-6.942019939422607
-10.615699768066406
-6.515250205993652
-10.255999565124512
-6.088479995727539
-9.896360397338867
-5.6616997718811035
-9.536669731140137
-5.234930038452148
-9.176980018615723
-4.808159828186035
-8.817290306091309
-4.38139009475708
-8.457599639892578
-3.9546101093292236
-8.097909927368164
-3.5278398990631104
-7.73822021484375
-3.101069927215576
-7.378530025482178
-2.674299955368042
-7.0188398361206055
-2.2475199699401855
-6.659160137176514
-1.8207499980926514
-6.299469947814941
-1.3939800262451172
-5.939780235290527
-0.9672060012817383
-5.580090045928955
-0.5404340028762817
-5.220399856567383
-0.1136619970202446
-4.860710144042969
0.31311100721359253
-4.5010199546813965
0.7398830056190491
-4.141329765319824
1.166659951210022
-3.7816500663757324
1.5934300422668457
-3.4219601154327393
2.02020001411438
-3.062269926071167
2.446969985961914
-2.702579975128174
2.8737499713897705
-2.3428900241851807
3.3005199432373047
-1.983199954032898
3.727289915084839
-1.6235100030899048
4.154059886932373
-1.2638200521469116
4.580830097198486
-0.90413498878479
5.007609844207764
-0.5444459915161133
5.434380054473877
-0.1847579926252365
5.861149787902832
0.17493100464344025
6.287919998168945
0.5346199870109558
6.714700222015381
0.8943089842796326
7.141469955444336
1.253999948501587
7.568240165710449
1.6136900186538696
7.995009899139404
1.9733799695968628
8.42179012298584
2.3330600261688232
8.848560333251953
2.6927499771118164
9.27532958984375
3.0524399280548096
9.702099800109863
3.412130117416382
10.128899574279785
3.771820068359375
10.5556001663208
4.131509780883789
10.982399940490723
4.491199970245361
11.409199714660645
4.850890159606934
11.836000442504883
5.210569858551025
12.262700080871582
5.570260047912598
12.689499855041504
