-16.723499298095703
-15.552800178527832
-16.648799896240234
-14.992899894714355
-16.574100494384766
-14.433099746704102
-16.499399185180664
-13.873299598693848
-16.424699783325195
-13.31350040435791
-16.350000381469727
-12.753700256347656
-16.275299072265625
-12.193900108337402
-16.20050048828125
-11.633999824523926
-16.12579917907715
-11.074199676513672
-16.05109977722168
-10.514399528503418
-15.976400375366211
-9.95458984375
-15.901700019836426
-9.394769668579102
-15.82699966430664
-8.834959983825684
-15.752300262451172
-8.275139808654785
-15.677599906921387
-7.715320110321045
-15.602899551391602
-7.155509948730469
-15.528200149536133
-6.59568977355957
-15.453399658203125
-6.03587007522583
-15.378700256347656
-5.476059913635254
-15.303999900817871
-4.916240215301514
-15.229299545288086
-4.356420040130615
-15.154600143432617
-3.796610116958618
-15.079899787902832
-3.2367899417877197
-15.005200386047363
-2.6769700050354004
-14.930500030517578
-2.1171600818634033
-14.855799674987793
-1.5573400259017944
-14.781100273132324
-0.9975249767303467
-14.706299781799316
-0.4377090036869049
-14.631600379943848
0.12210799753665924
-14.556900024414062
0.6819239854812622
-14.482199668884277
1.2417399883270264
-14.407500267028809
1.8015600442886353
-14.332799911499023
2.361370086669922
-14.258099555969238
2.921190023422241
