18.128999710083008
6.000100135803223
17.921899795532227
5.496540069580078
17.714799880981445
4.992980003356934
17.507699966430664
4.489419937133789
17.30069923400879
3.9858500957489014
17.093599319458008
3.482290029525757
16.886499404907227
2.9787299633026123
16.679399490356445
2.4751698970794678
16.472299575805664
1.9716099500656128
16.265199661254883
1.4680500030517578
16.05820083618164
0.9644849896430969
15.851099967956543
0.4609229862689972
15.644000053405762
-0.042638201266527176
15.43690013885498
-0.5461999773979187
