-4.550680160522461
4.770589828491211
-4.307089805603027
5.272900104522705
-4.063499927520752
5.775199890136719
-3.8199100494384766
6.277510166168213
-3.5763099193573
6.779809951782227
-3.3327200412750244
7.282120227813721
-3.08912992477417
7.784420013427734
-2.8455300331115723
8.28672981262207
-2.6019399166107178
8.789030075073242
-2.3583500385284424
9.291339874267578
-2.114759922027588
9.79364013671875
-1.8711600303649902
10.295900344848633
-1.6275700330734253
10.798299789428711
-1.3839800357818604
11.300600051879883
-1.1403800249099731
11.802900314331055
-0.8967909812927246
12.30519962310791
-0.6531980037689209
12.807499885559082
-0.4096049964427948
13.309800148010254
-0.1660120040178299
13.812100410461426
