6.351319789886475
-14.904800415039062
5.985109806060791
-14.481499671936035
5.618899822235107
-14.058099746704102
5.252679824829102
-13.63479995727539
4.886469841003418
-13.211400032043457
4.520259857177734
-12.788100242614746
4.154049873352051
-12.364700317382812
3.787839889526367
-11.941399574279785
3.4216299057006836
-11.517999649047852
3.0554099082946777
-11.09469985961914
2.689199924468994
-10.67140007019043
2.3229899406433105
-10.248000144958496
1.956779956817627
-9.824660301208496
1.5905699729919434
-9.401320457458496
1.2243599891662598
-8.97797966003418
0.8581439852714539
-8.554630279541016
0.4919320046901703
-8.131290435791016
0.12572099268436432
-7.707940101623535
-0.24049100279808044
-7.284599781036377
-0.606702983379364
-6.861259937286377
-0.9729139804840088
-6.437910079956055
-1.3391300439834595
-6.014570236206055
-1.705340027809143
-5.591219902038574
-2.071549892425537
-5.167880058288574
-2.4377601146698
-4.744540214538574
-2.8039700984954834
-4.321189880371094
-3.170180082321167
-3.8978500366210938
-3.536400079727173
-3.4744999408721924
-3.9026100635528564
-3.0511600971221924
-4.268819808959961
-2.627810001373291
-4.6350297927856445
-2.204469919204712
-5.001239776611328
-1.7811299562454224
-5.36745023727417
-1.3577799797058105
-5.733670234680176
-0.9344379901885986
-6.099880218505859
-0.5110939741134644
-6.466090202331543
-0.08774950355291367
-6.832300186157227
0.3355950117111206
-7.19851016998291
0.7589390277862549
-7.564720153808594
1.1822799444198608
-7.9309401512146
1.6056300401687622
-8.297149658203125
2.0289700031280518
-8.663359642028809
2.452320098876953
-9.029569625854492
2.875659942626953
-9.395779609680176
3.2990000247955322
-9.76198959350586
3.7223498821258545
-10.128199577331543
4.145689964294434
-10.494400024414062
4.569039821624756
-10.860600471496582
4.992380142211914
-11.226799964904785
5.415719985961914
-11.593099594116211
5.839069843292236
-11.95930004119873
6.2624101638793945
-12.325499534606934
6.685760021209717
-12.691699981689453
7.109099864959717
-13.057900428771973
7.532450199127197
-13.424099922180176
7.955790042877197
-13.790300369262695
8.379130363464355
-14.156499862670898
8.80247974395752
-14.522700309753418
9.22581958770752
-14.888999938964844
9.649169921875
-15.255200386047363
10.072500228881836
-15.621399879455566
10.49590015411377
-15.987600326538086
10.91919994354248
-16.35379981994629
11.342499732971191
-16.719999313354492
11.765899658203125
-17.086200714111328
12.189200401306152
-17.45240020751953
12.612600326538086
-17.818599700927734
13.035900115966797
