14.435999870300293
-11.425600051879883
13.905500411987305
-11.243399620056152
13.375
-11.061300277709961
12.844499588012695
-10.879199981689453
12.314000129699707
-10.697099685668945
11.783499717712402
-10.514900207519531
11.253000259399414
-10.332799911499023
10.722399711608887
-10.150699615478516
10.191900253295898
-9.96858024597168
9.661430358886719
-9.786450386047363
9.13092041015625
-9.604330062866211
8.600410461425781
-9.422209739685059
8.069899559020996
-9.240090370178223
7.539380073547363
-9.05797004699707
7.0088701248168945
-8.875849723815918
6.478360176086426
-8.693719863891602
5.947850227355957
-8.51159954071045
5.41733980178833
-8.329480171203613
4.886829853057861
-8.147359848022461
4.356319904327393
-7.965240001678467
3.825809955596924
-7.783120155334473
3.295300006866455
-7.600989818572998
2.7647900581359863
-7.418869972229004
2.2342801094055176
-7.23675012588501
1.7037700414657593
-7.054629802703857
1.173259973526001
-6.872509956359863
0.6427450180053711
-6.690380096435547
0.11223399639129639
-6.5082597732543945
-0.41827601194381714
-6.3261399269104
-0.9487869739532471
-6.144020080566406
-1.4793000221252441
-5.961900234222412
-2.009809970855713
-5.77977991104126
-2.5403199195861816
-5.597650051116943
-3.0708301067352295
-5.415530204772949
-3.6013400554656982
-5.233409881591797
-4.131849765777588
-5.051290035247803
-4.662360191345215
-4.869170188903809
-5.192870140075684
-4.687049865722656
-5.723380088806152
-4.50492000579834
-6.253890037536621
-4.322800159454346
-6.784409999847412
-4.140679836273193
-7.314919948577881
-3.958559989929199
-7.84542989730835
-3.776439905166626
-8.375940322875977
-3.5943100452423096
-8.906450271606445
-3.4121899604797363
-9.436960220336914
-3.230070114135742
-9.967470169067383
-3.047950029373169
-10.498000144958496
-2.8658299446105957
