-7.369150161743164
-13.751500129699707
-7.24084997177124
-13.472299575805664
-6.968870162963867
-12.987600326538086
-6.696899890899658
-12.502900123596191
-6.424930095672607
-12.018099784851074
-6.152949810028076
-11.53339958190918
-5.880980014801025
-11.048600196838379
-5.609000205993652
-10.563899993896484
-5.337029933929443
-10.079099655151367
-5.06505012512207
-9.594389915466309
-4.793079853057861
-9.109649658203125
-4.5211100578308105
-8.624899864196777
-4.249129772186279
-8.140159606933594
-3.9771599769592285
-7.655419826507568
-3.7051799297332764
-7.170670032501221
-3.4332098960876465
-6.685929775238037
-3.1612401008605957
-6.2011799812316895
-2.8892600536346436
-5.716440200805664
-2.6172900199890137
-5.2316999435424805
-2.3453099727630615
-4.746950149536133
-2.0733399391174316
-4.262209892272949
-1.801360011100769
-3.7774600982666016
-1.5293899774551392
-3.292720079421997
-1.2574199438095093
-2.8079800605773926
-0.9854410290718079
-2.323230028152466
-0.713467001914978
-1.8384900093078613
-0.4414930045604706
-1.3537399768829346
-0.16951799392700195
-0.8689990043640137
0.1024560034275055
-0.38425499200820923
0.37443000078201294
0.10048899799585342
0.6464040279388428
0.5852329730987549
0.9183779954910278
1.0699800252914429
1.19035005569458
1.5547200441360474
1.4623299837112427
2.0394599437713623
1.7343000173568726
2.524209976196289
2.006279945373535
3.0089499950408936
2.278249979019165
3.4937000274658203
2.550220012664795
3.978440046310425
2.822200059890747
4.463180065155029
3.094170093536377
4.947929859161377
3.36614990234375
5.4326701164245605
3.63811993598938
5.917419910430908
3.910099983215332
6.402160167694092
4.182069778442383
6.8869099617004395
4.454040050506592
7.371650218963623
4.726019859313965
7.856389999389648
4.997990131378174
8.341139793395996
5.269969940185547
8.82588005065918
5.541940212249756
9.310629844665527
5.813910007476807
9.795370101928711
6.08588981628418
10.280099868774414
6.357860088348389
10.764900207519531
6.629839897155762
11.249600410461426
6.901810169219971
11.734299659729004
7.173789978027344
12.219099998474121
