-18.64080047607422
-13.62969970703125
-18.590599060058594
-13.594400405883789
-18.0393009185791
-13.467900276184082
-17.488000869750977
-13.341400146484375
-16.93670082092285
-13.214900016784668
-16.385400772094727
-13.088399887084961
-15.834099769592285
-12.961899757385254
-15.28279972076416
-12.835399627685547
-14.731499671936035
-12.708900451660156
-14.18019962310791
-12.58240032196045
-13.628899574279785
-12.455900192260742
-13.07759952545166
-12.329299926757812
-12.526300430297852
-12.202799797058105
-11.975000381469727
-12.076299667358398
-11.423700332641602
-11.949799537658691
-10.872400283813477
-11.8233003616333
-10.321100234985352
-11.696800231933594
-9.76980972290039
-11.570300102233887
-9.218509674072266
-11.44379997253418
-8.66720962524414
-11.317299842834473
-8.115909576416016
-11.190799713134766
-7.564599990844727
-11.064299583435059
-7.013299942016602
-10.937800407409668
-6.461999893188477
-10.811300277709961
-5.910699844360352
-10.684800148010254
-5.359399795532227
-10.558300018310547
-4.80810022354126
-10.43179988861084
-4.256800174713135
-10.305299758911133
-3.7054998874664307
-10.178799629211426
-3.1542000770568848
-10.052300453186035
-2.6029000282287598
-9.925800323486328
-2.0515999794006348
-9.799300193786621
-1.5003000497817993
-9.672800064086914
-0.9489949941635132
-9.546299934387207
-0.3976939916610718
-9.419790267944336
0.15360699594020844
-9.293290138244629
0.704908013343811
-9.166790008544922
1.2562099695205688
-9.040289878845215
1.8075100183486938
-8.913780212402344
2.3588099479675293
-8.787280082702637
2.9101099967956543
-8.66077995300293
3.4614100456237793
-8.534279823303223
4.012710094451904
-8.407770156860352
4.564010143280029
-8.281270027160645
5.115310192108154
-8.154769897460938
5.666619777679443
-8.02826976776123
6.217919826507568
-7.901770114898682
6.769219875335693
-7.775259971618652
7.320519924163818
-7.648759841918945
7.871819972991943
-7.5222601890563965
8.42311954498291
-7.3957600593566895
8.974419593811035
-7.26924991607666
9.52571964263916
-7.142749786376953
10.07699966430664
-7.016250133514404
10.628299713134766
-6.889750003814697
11.17959976196289
-6.763239860534668
11.730899810791016
-6.636740207672119
12.28219985961914
-6.510240077972412
12.833499908447266
-6.383739948272705
13.38479995727539
-6.257229804992676
13.936100006103516
-6.130730152130127
14.48740005493164
-6.00423002243042
15.038700103759766
-5.877729892730713
15.59000015258789
-5.751220226287842
16.141300201416016
-5.624720096588135
16.69260025024414
-5.498219966888428
17.243900299072266
-5.371719837188721
17.79520034790039
-5.24521017074585
18.346500396728516
-5.118710041046143
