-6.548999786376953
12.767800331115723
-6.6996002197265625
12.229299545288086
-6.850200176239014
11.690899848937988
-7.000800132751465
11.15250015258789
-7.151400089263916
10.614100456237793
-7.302000045776367
10.075699806213379
-7.452600002288818
9.537280082702637
-7.6031999588012695
8.998869895935059
-7.753799915313721
8.46045970916748
-7.904399871826172
7.9220499992370605
-8.055000305175781
7.383639812469482
-8.205599784851074
6.8452301025390625
-8.356200218200684
6.306809902191162
-8.506799697875977
5.768400192260742
-8.657400131225586
5.229990005493164
-8.807999610900879
4.691579818725586
-8.958600044250488
4.153170108795166
-9.109199523925781
3.614759922027588
-9.25979995727539
3.0763399600982666
-9.410400390625
2.5379300117492676
-9.560999870300293
1.999519944190979
-9.711600303649902
1.46110999584198
-9.862199783325195
0.922698974609375
-10.012800216674805
0.3842869997024536
-10.163399696350098
-0.15412500500679016
-10.314000129699707
-0.6925359964370728
-10.464599609375
-1.2309499979019165
-10.61520004272461
-1.7693599462509155
-10.765800476074219
-2.307770013809204
-10.916399955749512
-2.846179962158203
-11.067000389099121
-3.384589910507202
-11.217599868774414
-3.9230101108551025
-11.368200302124023
-4.461420059204102
-11.518799781799316
-4.9998297691345215
-11.669400215148926
-5.5382399559021
-11.819999694824219
-6.076650142669678
-11.970600128173828
-6.615059852600098
-12.121199607849121
-7.153480052947998
-12.27180004119873
-7.691889762878418
-12.42240047454834
-8.230299949645996
-12.572999954223633
-8.768710136413574
-12.723600387573242
-9.307120323181152
-12.874199867248535
-9.845529556274414
