3.0466699600219727
-9.74944019317627
3.5157899856567383
-9.455340385437012
3.984910011291504
-9.161239624023438
4.454040050506592
-8.86713981628418
4.923160076141357
-8.573040008544922
5.392280101776123
-8.278940200805664
5.861400127410889
-7.98484992980957
6.330520153045654
-7.6907501220703125
6.79964017868042
-7.3966498374938965
7.2687602043151855
-7.102550029754639
7.737880229949951
-6.808450222015381
8.206999778747559
-6.514349937438965
8.676119804382324
-6.220250129699707
9.14523983001709
-5.926149845123291
9.614370346069336
-5.632050037384033
10.083499908447266
-5.337950229644775
10.552599906921387
-5.043849945068359
11.021699905395508
-4.749760150909424
11.490799903869629
-4.455659866333008
11.960000038146973
-4.16156005859375
12.429100036621094
-3.867460012435913
12.898200035095215
-3.573359966278076
