-1.5571099519729614
14.723999977111816
-1.2351200580596924
14.270299911499023
-0.9131249785423279
13.816499710083008
-0.5911319851875305
13.362799644470215
-0.26913899183273315
12.909000396728516
0.05285479873418808
12.455300331115723
0.37484800815582275
12.00160026550293
0.6968410015106201
11.547800064086914
1.0188299417495728
11.094099998474121
1.3408299684524536
10.640299797058105
1.6628199815750122
10.186599731445312
1.9848099946975708
9.732839584350586
2.306809902191162
9.27910041809082
2.6287999153137207
8.825360298156738
2.9507899284362793
8.371620178222656
3.27278995513916
7.917870044708252
3.5947799682617188
7.46412992477417
3.9167699813842773
7.010389804840088
4.238770008087158
6.556640148162842
4.560760021209717
6.10290002822876
4.882750034332275
5.649159908294678
5.204750061035156
5.195409774780273
5.526740074157715
4.74167013168335
5.848730087280273
4.287930011749268
6.170730113983154
3.8341898918151855
6.492720127105713
3.3804399967193604
6.8147101402282715
2.9267001152038574
7.136710166931152
2.4729599952697754
7.458700180053711
2.01921010017395
7.7806901931762695
1.5654699802398682
8.102689743041992
1.1117299795150757
8.42467975616455
0.6579849720001221
8.74666976928711
0.20424200594425201
9.068670272827148
-0.24950100481510162
9.390660285949707
-0.7032439708709717
9.712650299072266
-1.1569900512695312
10.034600257873535
-1.6107300519943237
10.356599807739258
-2.064470052719116
10.678600311279297
-2.5182199478149414
11.00059986114502
-2.9719600677490234
11.322600364685059
-3.4256999492645264
11.644599914550781
-3.8794500827789307
11.96660041809082
-4.333189964294434
12.288599967956543
-4.786930084228516
12.610600471496582
-5.240670204162598
12.932600021362305
-5.694419860839844
13.254599571228027
-6.148159980773926
13.576600074768066
-6.601900100708008
13.898599624633789
-7.055650234222412
14.220600128173828
-7.509389877319336
14.54259967803955
-7.963129997253418
14.864500045776367
-8.416879653930664
15.18649959564209
-8.870619773864746
15.508500099182129
-9.324359893798828
