9.367569923400879
0.7415350079536438
8.810640335083008
0.804777979850769
8.25370979309082
0.8680199980735779
7.696780204772949
0.9312630295753479
7.13985013961792
0.9945060014724731
6.582920074462891
1.0577499866485596
6.025990009307861
1.1209900379180908
5.469059944152832
1.1842299699783325
4.912129878997803
1.247480034828186
4.355199813842773
1.3107199668884277
3.7982699871063232
1.373960018157959
3.241339921951294
1.4371999502182007
2.6844100952148438
1.5004500150680542
2.1274800300598145
1.563689947128296
1.5705499649047852
1.6269299983978271
1.0136200189590454
1.6901700496673584
0.4566890001296997
1.7534199953079224
-0.10024099797010422
1.8166600465774536
-0.6571710109710693
1.8798999786376953
-1.2141000032424927
1.9431500434875488
-1.7710299491882324
2.00639009475708
-2.3279600143432617
2.0696299076080322
-2.884890079498291
2.1328699588775635
-3.441819906234741
2.196120023727417
-3.9987499713897705
2.2593600749969482
-4.555679798126221
2.3225998878479004
-5.11260986328125
2.3858399391174316
-5.669539928436279
2.449090003967285
-6.226469993591309
2.5123300552368164
-6.783400058746338
2.5755701065063477
-7.340330123901367
2.6388099193573
-7.8972601890563965
2.7020599842071533
-8.454190254211426
2.7653000354766846
-9.011119842529297
2.828540086746216
-9.568050384521484
2.891779899597168
-10.125
2.9550299644470215
-10.681900024414062
3.0182700157165527
-11.238800048828125
3.081510066986084
-11.79580020904541
3.1447598934173584
-12.352700233459473
3.2079999446868896
-12.909600257873535
3.271239995956421
-13.46660041809082
3.334480047225952
-14.023500442504883
3.3977301120758057
-14.580400466918945
3.460969924926758
-15.137399673461914
3.524209976196289
-15.694299697875977
3.5874500274658203
-16.25119972229004
3.650700092315674
-16.8080997467041
3.713939905166626
-17.365100860595703
3.7771799564361572
