-17.372400283813477
11.81309986114502
-17.01959991455078
11.374899864196777
-16.666799545288086
10.936800003051758
-16.31399917602539
10.498700141906738
-15.961099624633789
10.060600280761719
-15.60830020904541
9.6225004196167
-15.255499839782715
9.1843900680542
-14.902700424194336
8.7462797164917
-14.54990005493164
8.308170318603516
-14.197099685668945
7.870059967041016
-13.844300270080566
7.431950092315674
-13.491399765014648
6.993840217590332
-13.13860034942627
6.555729866027832
-12.785799980163574
6.117609977722168
-12.432999610900879
5.679500102996826
-12.0802001953125
5.241390228271484
-11.727399826049805
4.803279876708984
-11.374600410461426
4.365170001983643
-11.021699905395508
3.9270598888397217
-10.668899536132812
3.48895001411438
-10.316100120544434
3.050839900970459
-9.963299751281738
2.612720012664795
-9.610489845275879
2.174609899520874
-9.257670402526855
1.7365000247955322
-8.90485954284668
1.2983900308609009
-8.552040100097656
0.8602799773216248
-8.199230194091797
0.42216798663139343
-7.846409797668457
-0.015942899510264397
-7.493599891662598
-0.45405399799346924
-7.140789985656738
-0.8921650052070618
-6.787970066070557
-1.3302799463272095
-6.435160160064697
-1.7683900594711304
-6.082339763641357
-2.2065000534057617
-5.729529857635498
-2.6446099281311035
-5.376719951629639
-3.0827200412750244
-5.023900032043457
-3.520829916000366
-4.671090126037598
-3.958940029144287
-4.318270206451416
-4.397059917449951
-3.9654600620269775
-4.835169792175293
-3.612649917602539
-5.273280143737793
-3.2598299980163574
-5.711390018463135
-2.907020092010498
-6.149499893188477
-2.5541999340057373
-6.587609767913818
-2.201390027999878
-7.025720119476318
-1.848580002784729
-7.46382999420166
-1.4957599639892578
-7.901949882507324
-1.1429500579833984
-8.340060234069824
-0.7901340126991272
-8.778169631958008
-0.4373190104961395
-9.216279983520508
-0.08450540155172348
-9.654390335083008
0.26830899715423584
-10.092499732971191
