6.620039939880371
-19.186500549316406
6.6188201904296875
-18.62619972229004
6.617609977722168
-18.065799713134766
6.616399765014648
-17.50550079345703
6.615180015563965
-16.945199966430664
6.613969802856445
-16.38479995727539
6.612760066986084
-15.82450008392334
6.6115498542785645
-15.264100074768066
6.610330104827881
-14.703800201416016
6.609119892120361
-14.143400192260742
6.60791015625
-13.583100318908691
6.606689929962158
-13.022700309753418
6.605480194091797
-12.462400436401367
6.604269981384277
-11.902099609375
6.603059768676758
-11.341699600219727
6.601840019226074
-10.781399726867676
6.600629806518555
-10.220999717712402
6.599420070648193
-9.660690307617188
6.598209857940674
-9.100339889526367
6.59699010848999
-8.539999961853027
6.595779895782471
-7.979650020599365
6.594570159912109
-7.419310092926025
6.593349933624268
-6.8589701652526855
6.592140197753906
-6.298620223999023
6.590929985046387
-5.738279819488525
6.589719772338867
-5.177929878234863
6.588500022888184
-4.617589950561523
6.587289810180664
-4.057250022888184
6.586080074310303
-3.4969000816345215
6.584869861602783
-2.9365599155426025
