-10.122900009155273
-16.936100006103516
-9.731329917907715
-16.53260040283203
-9.3397798538208
-16.129100799560547
-8.948229789733887
-15.725500106811523
-8.556670188903809
-15.321999549865723
-8.165120124816895
-14.918499946594238
-7.7735700607299805
-14.515000343322754
-7.382019996643066
-14.11139965057373
-6.990469932556152
-13.707900047302246
-6.598919868469238
-13.304400444030762
-6.207369804382324
-12.900899887084961
-5.815820217132568
-12.497300148010254
-5.424270153045654
-12.093799591064453
-5.03272008895874
-11.690299987792969
-4.641170024871826
-11.286800384521484
-4.249619960784912
-10.883299827575684
-3.858069896697998
-10.479700088500977
-3.466520071029663
-10.076199531555176
-3.074970006942749
-9.672679901123047
-2.683419942855835
-9.269160270690918
-2.2918701171875
-8.865630149841309
-1.900320053100586
-8.462109565734863
-1.5087599754333496
-8.05858039855957
-1.117210030555725
-7.655059814453125
-0.7256630063056946
-7.251530170440674
-0.3341130018234253
-6.848010063171387
0.057437799870967865
-6.4444899559021
0.4489879906177521
-6.04095983505249
0.8405389785766602
-5.637440204620361
1.2320899963378906
-5.233910083770752
1.6236399412155151
-4.830389976501465
2.0151898860931396
-4.4268598556518555
2.4067399501800537
-4.023340225219727
2.7982900142669678
-3.6198201179504395
3.189840078353882
-3.21628999710083
3.581389904022217
-2.812769889831543
3.972939968109131
-2.4092400074005127
4.364490032196045
-2.0057199001312256
4.756040096282959
-1.6021900177001953
5.147600173950195
-1.1986700296401978
5.539150238037109
-0.7951459884643555
5.930699825286865
-0.39162200689315796
6.322249889373779
0.011901999823749065
6.713799953460693
0.41542598605155945
7.105350017547607
0.8189499974250793
7.4969000816345215
1.2224700450897217
7.8884501457214355
1.6260000467300415
8.279999732971191
2.029520034790039
8.671549797058105
2.4330499172210693
9.06309986114502
2.8365700244903564
9.454649925231934
3.2400999069213867
9.846199989318848
3.643620014190674
10.237799644470215
4.047140121459961
10.629300117492676
4.450669765472412
11.020899772644043
4.854189872741699
11.412400245666504
5.257719993591309
11.803999900817871
5.661240100860596
12.195500373840332
6.064770221710205
12.5871000289917
6.468289852142334
12.978599548339844
6.871809959411621
13.370200157165527
7.2753400802612305
13.761699676513672
7.678860187530518
14.153300285339355
8.082389831542969
14.5447998046875
8.485910415649414
14.936400413513184
8.889430046081543
15.327899932861328
9.292960166931152
15.719499588012695
9.696479797363281
16.111000061035156
10.100000381469727
16.502599716186523
10.503499984741211
16.894100189208984
10.907099723815918
17.28569984436035
11.310600280761719
17.677200317382812
11.714099884033203
18.06879997253418
12.117600440979004
18.46030044555664
12.521200180053711
18.851900100708008
12.924699783325195
19.24340057373047
13.328200340270996
