10.095499992370605
13.36340045928955
10.254899978637695
12.837300300598145
10.414400100708008
12.311300277709961
10.573800086975098
11.785300254821777
10.733200073242188
11.259200096130371
10.892600059509277
10.733200073242188
11.05210018157959
10.207200050354004
11.21150016784668
9.681130409240723
11.37090015411377
9.15509033203125
11.53030014038086
8.629050254821777
11.689800262451172
8.103019714355469
11.849200248718262
7.576980113983154
12.008600234985352
7.050940036773682
12.168000221252441
6.524909973144531
12.327500343322754
5.998869895935059
12.486900329589844
5.472829818725586
12.646300315856934
4.9467902183532715
12.805700302124023
4.420760154724121
12.965200424194336
3.8947200775146484
13.124600410461426
3.368680000305176
13.284000396728516
2.8426499366760254
13.443400382995605
2.316610097885132
13.602899551391602
1.7905700206756592
13.762299537658691
1.2645399570465088
13.921699523925781
0.7384999990463257
14.081100463867188
0.21246300637722015
14.240599632263184
-0.3135739862918854
14.399999618530273
-0.8396109938621521
