18.327899932861328
4.4579901695251465
17.795400619506836
4.293769836425781
17.26289939880371
4.1295599937438965
16.730300903320312
3.9653499126434326
16.197799682617188
3.8011300563812256
15.665200233459473
3.6369199752807617
15.132699966430664
3.4727001190185547
14.600199699401855
3.308490037918091
14.06760025024414
3.1442699432373047
13.535099983215332
2.98006010055542
13.0024995803833
2.815850019454956
12.470000267028809
2.65162992477417
11.9375
2.487420082092285
11.404899597167969
2.323199987411499
10.872400283813477
2.158989906311035
10.339799880981445
1.9947700500488281
9.807299613952637
1.8305599689483643
9.274760246276855
1.6663399934768677
8.742219924926758
1.5021300315856934
8.20967960357666
1.3379199504852295
7.677140235900879
1.173699975013733
7.144599914550781
1.0094900131225586
6.612060070037842
0.8452730178833008
6.079520225524902
0.6810590028762817
5.546979904174805
0.5168439745903015
5.014440059661865
0.35262998938560486
4.481900215148926
0.1884160041809082
3.949359893798828
0.024201199412345886
3.4168200492858887
-0.14001299440860748
2.88427996635437
-0.3042280077934265
2.3517398834228516
-0.46844199299812317
1.819200038909912
-0.6326559782028198
1.2866599559783936
-0.7968710064888
0.7541149854660034
-0.9610850214958191
0.22157500684261322
-1.1253000497817993
-0.31096601486206055
-1.2895100116729736
-0.8435059785842896
-1.4537299871444702
-1.3760499954223633
-1.6179399490356445
-1.9085899591445923
-1.7821600437164307
-2.4411299228668213
-1.946370005607605
-2.97367000579834
-2.1105899810791016
-3.5062100887298584
-2.2748000621795654
-4.038750171661377
-2.43900990486145
-4.571290016174316
-2.6032299995422363
-5.103829860687256
-2.7674400806427
-5.6363701820373535
-2.9316599369049072
-6.168910026550293
-3.095870018005371
-6.701449871063232
-3.2600901126861572
-7.23399019241333
-3.424299955368042
-7.7665300369262695
-3.588510036468506
-8.299070358276367
-3.752729892730713
-8.831609725952148
-3.9169399738311768
-9.364150047302246
-4.081160068511963
