7.990499973297119
15.351300239562988
7.682459831237793
14.881600379943848
7.374430179595947
14.411800384521484
7.066390037536621
13.942099571228027
6.758349895477295
13.472399711608887
6.450310230255127
13.002699851989746
6.142270088195801
12.532999992370605
5.834229946136475
12.063300132751465
5.526189804077148
11.593600273132324
5.2181501388549805
11.123900413513184
4.910109996795654
10.654199600219727
4.60207986831665
10.184399604797363
4.294040203094482
9.714730262756348
3.9860000610351562
9.245019912719727
3.67795991897583
8.775309562683105
3.369920015335083
8.3056001663208
3.061880111694336
7.83588981628418
2.7538399696350098
7.3661699295043945
2.4458000659942627
6.896460056304932
2.1377599239349365
6.426750183105469
1.8297200202941895
5.957039833068848
1.521690011024475
5.487329959869385
1.2136499881744385
5.017620086669922
0.9056079983711243
4.547900199890137
0.5975689888000488
4.078189849853516
0.2895300090312958
3.6084799766540527
-0.018508700653910637
3.13877010345459
-0.3265480101108551
2.669059991836548
-0.6345869898796082
2.199350118637085
-0.9426249861717224
1.7296299934387207
-1.2506599426269531
1.2599200010299683
-1.5586999654769897
0.790211021900177
-1.8667399883270264
0.3204990029335022
-2.1747798919677734
-0.14921200275421143
-2.4828200340270996
-0.6189240217208862
-2.7908599376678467
-1.0886399745941162
-3.098900079727173
-1.5583499670028687
-3.40693998336792
-2.028059959411621
-3.714979887008667
-2.497770071029663
-4.023009777069092
-2.967479944229126
-4.331049919128418
-3.437190055847168
-4.639090061187744
-3.906909942626953
-4.94713020324707
-4.376619815826416
-5.255169868469238
-4.846330165863037
-5.5632100105285645
-5.3160400390625
-5.871250152587891
-5.785749912261963
