-1.697450041770935
-5.375199794769287
-1.1466100215911865
-5.374189853668213
-0.5957639813423157
-5.373179912567139
-0.04492120072245598
-5.3721699714660645
0.5059210062026978
-5.37116003036499
1.0567599534988403
-5.370150089263916
1.6076099872589111
-5.369140148162842
2.15844988822937
-5.368130207061768
2.709290027618408
-5.367119789123535
3.260129928588867
-5.366109848022461
3.8109800815582275
-5.365099906921387
4.361820220947266
-5.3640899658203125
4.912660121917725
-5.363080024719238
5.463500022888184
-5.362070083618164
6.014349937438965
-5.36106014251709
6.565189838409424
-5.360050201416016
7.116030216217041
-5.359039783477783
