-12.875800132751465
8.485219955444336
-12.8056001663208
9.01945972442627
-12.735300064086914
9.553689956665039
-12.664999961853027
10.087900161743164
-12.59469985961914
10.622200012207031
-12.524399757385254
11.156399726867676
-12.45419979095459
11.690600395202637
-12.383899688720703
12.224900245666504
-12.313599586486816
12.759099960327148
-12.243300437927246
13.293399810791016
-12.17300033569336
13.82759952545166
-12.102800369262695
14.361800193786621
-12.032500267028809
14.896100044250488
-11.962200164794922
15.430299758911133
-11.891900062561035
15.964500427246094
-11.821599960327148
16.49880027770996
-11.751399993896484
17.033000946044922
-11.681099891662598
17.56719970703125
