19.206199645996094
4.979410171508789
18.88249969482422
4.518360137939453
18.558799743652344
4.057310104370117
18.235000610351562
3.5962600708007812
17.911300659179688
3.1352100372314453
17.587499618530273
2.6741600036621094
17.2637996673584
2.2131099700927734
16.940099716186523
1.752060055732727
16.616300582885742
1.2910100221633911
16.292600631713867
0.8299559950828552
15.968799591064453
0.3689050078392029
15.645099639892578
-0.09214519709348679
15.321399688720703
-0.5531960129737854
14.997599601745605
-1.0142500400543213
14.67389965057373
-1.4752999544143677
14.350099563598633
-1.9363499879837036
14.026399612426758
-2.39739990234375
13.702699661254883
-2.858449935913086
13.378899574279785
-3.319499969482422
13.05519962310791
-3.780550003051758
12.731399536132812
-4.241600036621094
12.407699584960938
-4.70265007019043
12.083999633789062
-5.163700103759766
11.760199546813965
-5.624750137329102
11.43649959564209
-6.0858001708984375
11.112700462341309
-6.546850204467773
10.788999557495117
-7.007900238037109
10.465299606323242
-7.468949794769287
10.141500473022461
-7.929999828338623
9.817779541015625
-8.391050338745117
9.494039535522461
-8.852100372314453
9.170299530029297
-9.313159942626953
8.846559524536133
-9.774209976196289
8.522820472717285
-10.235300064086914
8.199080467224121
-10.69629955291748
7.875339984893799
-11.157400131225586
7.551599979400635
-11.618399620056152
7.227859973907471
-12.079500198364258
6.904119968414307
-12.540499687194824
6.580379962921143
-13.00160026550293
6.2566399574279785
-13.462599754333496
5.9328999519348145
-13.923700332641602
5.60915994644165
-14.384699821472168
5.285419940948486
-14.845800399780273
4.961679935455322
-15.30679988861084
4.637939929962158
-15.767900466918945
4.314199924468994
-16.228900909423828
3.99045991897583
-16.690000534057617
3.666719913482666
-17.150999069213867
3.342979907989502
-17.61210060119629
3.01924991607666
-18.07309913635254
