2.2993099689483643
10.104000091552734
2.5584399700164795
9.61812973022461
2.8175699710845947
9.1322603225708
3.0767099857330322
8.646389961242676
3.3358399868011475
8.16051959991455
3.594980001449585
7.674650192260742
3.8541100025177
7.188769817352295
4.113239765167236
6.702899932861328
4.372379779815674
6.217030048370361
4.631509780883789
5.7311601638793945
4.890639781951904
5.2452898025512695
5.149779796600342
4.759419918060303
5.408909797668457
4.273540019989014
5.668039798736572
3.7876698970794678
5.92717981338501
3.301800012588501
6.186309814453125
2.815929889678955
6.4454498291015625
2.3300600051879883
6.704579830169678
1.8441799879074097
6.963709831237793
1.3583099842071533
7.2228498458862305
0.8724409937858582
7.481979846954346
0.386570006608963
7.741109848022461
-0.09930209815502167
8.000249862670898
-0.585174024105072
8.259380340576172
-1.0710500478744507
8.51852035522461
-1.556920051574707
8.777649879455566
-2.042789936065674
9.03678035736084
-2.5286600589752197
9.295920372009277
-3.0145299434661865
9.555049896240234
-3.5004000663757324
9.814180374145508
-3.9862799644470215
10.0733003616333
-4.472149848937988
10.332500457763672
-4.958020210266113
