6.663179874420166
1.3778300285339355
6.261499881744385
1.7571300268173218
5.859809875488281
2.1364200115203857
5.4581298828125
2.5157198905944824
5.056449890136719
2.895009994506836
4.654759883880615
3.2743000984191895
4.253079891204834
3.653599977493286
3.8513998985290527
4.0328898429870605
3.449709892272949
4.412179946899414
3.048029899597168
4.79148006439209
2.6463499069213867
5.170770168304443
2.244659900665283
5.550059795379639
1.8429800271987915
5.9293599128723145
1.4413000345230103
6.308650016784668
1.0396100282669067
6.6879401206970215
0.6379280090332031
7.067240238189697
0.23624500632286072
7.446529865264893
-0.16543899476528168
7.825819969177246
-0.5671219825744629
8.205120086669922
-0.9688060283660889
8.584409713745117
-1.3704899549484253
8.963709831237793
-1.7721699476242065
9.343000411987305
-2.1738600730895996
9.7222900390625
-2.575540065765381
10.10159969329834
-2.977220058441162
10.480899810791016
-3.3789100646972656
10.860199928283691
-3.780590057373047
11.239500045776367
-4.182270050048828
11.618800163269043
-4.583960056304932
11.998100280761719
-4.985640048980713
12.377300262451172
-5.387320041656494
12.756600379943848
