-18.113000869750977
-6.580629825592041
-17.9778995513916
-7.098649978637695
-17.84269905090332
-7.61667013168335
-17.707599639892578
-8.134679794311523
-17.572500228881836
-8.652700424194336
-17.437299728393555
-9.170720100402832
-17.302200317382812
-9.688730239868164
-17.16699981689453
-10.20680046081543
-17.03190040588379
-10.724800109863281
-16.896699905395508
-11.242799758911133
-16.761600494384766
-11.7608003616333
-16.62649917602539
-12.278800010681152
-16.491300582885742
-12.796799659729004
-16.356199264526367
-13.314900398254395
-16.22100067138672
-13.832900047302246
-16.085899353027344
-14.350899696350098
-15.950699806213379
-14.868900299072266
-15.815600395202637
-15.386899948120117
