11.2677001953125
0.7943840026855469
10.777000427246094
0.5328770279884338
10.286199569702148
0.271369993686676
9.795459747314453
0.009862779639661312
9.304719924926758
-0.25164398550987244
8.813969612121582
-0.5131509900093079
8.323220252990723
-0.7746580243110657
7.832479953765869
-1.0361700057983398
7.341730117797852
-1.2976700067520142
6.850979804992676
-1.5591800212860107
6.3602399826049805
-1.8206900358200073
5.869490146636963
-2.0821900367736816
5.378739833831787
-2.3436999320983887
4.888000011444092
-2.605210065841675
4.397250175476074
-2.866719961166382
3.9065001010894775
-3.1282200813293457
3.415760040283203
-3.3897299766540527
2.9250099658966064
-3.651240110397339
2.4342598915100098
-3.9127399921417236
1.943519949913025
-4.17425012588501
1.4527699947357178
-4.435760021209717
0.9620239734649658
-4.697259902954102
0.47127699851989746
-4.958769798278809
-0.019469300284981728
-5.220280170440674
-0.5102159976959229
-5.481790065765381
-1.0009599924087524
-5.743289947509766
-1.4917099475860596
-6.004799842834473
-1.9824600219726562
-6.266310214996338
-2.4732000827789307
-6.527810096740723
-2.9639499187469482
-6.78931999206543
-3.454699993133545
-7.050829887390137
-3.9454400539398193
-7.312339782714844
-4.436190128326416
-7.573840141296387
-4.926939964294434
-7.835350036621094
-5.417679786682129
-8.0968599319458
-5.908430099487305
-8.358360290527344
-6.399179935455322
-8.61987018585205
-6.889920234680176
-8.881380081176758
-7.380670070648193
-9.1428804397583
-7.871419906616211
-9.404390335083008
-8.362159729003906
-9.665900230407715
-8.852910041809082
-9.927410125732422
-9.343660354614258
-10.188899993896484
-9.834400177001953
-10.450400352478027
-10.32509994506836
-10.711899757385254
-10.815899848937988
-10.973400115966797
-11.306599617004395
-11.23490047454834
