1.3687200546264648
17.736299514770508
1.8689600229263306
17.49810028076172
2.3692100048065186
17.25979995727539
2.869450092315674
17.021499633789062
3.3696999549865723
16.783300399780273
3.86995005607605
16.545000076293945
4.370190143585205
16.306699752807617
4.8704400062561035
16.068500518798828
5.37067985534668
15.8302001953125
5.870930194854736
15.591899871826172
6.3711700439453125
15.353699684143066
6.871419906616211
15.115400314331055
7.371669769287109
14.877099990844727
7.871910095214844
14.638899803161621
8.372159957885742
14.40060043334961
8.872400283813477
14.162400245666504
9.372650146484375
13.924099922180176
9.872900009155273
13.685799598693848
10.373100280761719
13.447600364685059
10.87339973449707
13.20930004119873
11.373600006103516
12.970999717712402
11.873900413513184
12.732799530029297
12.374099731445312
12.494500160217285
12.87440013885498
12.256199836730957
13.374600410461426
12.017999649047852
13.874899864196777
11.77970027923584
14.375100135803223
11.541399955749512
14.875399589538574
11.303199768066406
15.37559986114502
11.064900398254395
15.875800132751465
10.826600074768066
16.376100540161133
10.588399887084961
16.876300811767578
10.350099563598633
17.37660026550293
10.111800193786621
17.876800537109375
9.873559951782227
18.377099990844727
9.635290145874023
18.877300262451172
9.397029876708984
