4.767469882965088
5.676829814910889
4.20212984085083
5.676680088043213
3.6367900371551514
5.676519870758057
3.0714499950408936
5.676360130310059
2.506119966506958
5.676199913024902
1.9407800436019897
5.676040172576904
1.375440001487732
5.675879955291748
0.8101019859313965
5.67572021484375
0.24476400017738342
5.675559997558594
-0.32057398557662964
5.6753997802734375
-0.8859120011329651
5.6752400398254395
-1.4512499570846558
5.6750898361206055
-2.016590118408203
5.674930095672607
-2.581929922103882
5.674769878387451
-3.1472599506378174
5.674610137939453
-3.712599992752075
5.674449920654297
-4.277939796447754
5.674290180206299
-4.843279838562012
5.674129962921143
-5.4086198806762695
5.6739702224731445
-5.973949909210205
5.673810005187988
-6.539289951324463
5.673649787902832
-7.104629993438721
5.673500061035156
-7.6699700355529785
5.67333984375
-8.235300064086914
5.673180103302002
-8.800640106201172
5.673019886016846
-9.36598014831543
5.672860145568848
-9.931320190429688
5.672699928283691
-10.496700286865234
5.672540187835693
-11.062000274658203
5.672379970550537
-11.627300262451172
5.672220230102539
-12.192700386047363
5.672070026397705
-12.758000373840332
5.671909809112549
-13.3233003616333
5.671750068664551
-13.888699531555176
5.6715898513793945
-14.454000473022461
5.6714301109313965
-15.019399642944336
5.67126989364624
