6.003049850463867
10.049799919128418
5.749470233917236
10.551300048828125
5.495890140533447
11.052800178527832
5.242310047149658
11.554300308227539
4.988729953765869
12.055800437927246
4.735139846801758
12.55720043182373
4.481560230255127
13.058699607849121
4.227980136871338
13.560199737548828
3.974400043487549
14.061699867248535
3.7208199501037598
14.563199996948242
3.46724009513855
15.064599990844727
3.2136499881744385
15.566100120544434
2.9600698947906494
16.06760025024414
2.7064900398254395
16.56909942626953
2.4529099464416504
17.070600509643555
2.1993300914764404
17.572099685668945
1.9457499980926514
18.07349967956543
