9.17743968963623
-16.807199478149414
9.119919776916504
-16.25
9.062390327453613
-15.692700386047363
9.004870414733887
-15.13539981842041
8.94734001159668
-14.578200340270996
8.889820098876953
-14.020899772644043
8.832289695739746
-13.463600158691406
8.77476978302002
-12.906299591064453
8.717240333557129
-12.349100112915039
8.659720420837402
-11.791799545288086
8.602190017700195
-11.23449993133545
8.544670104980469
-10.677200317382812
8.487139701843262
-10.119999885559082
8.429619789123535
-9.562700271606445
8.372090339660645
-9.005430221557617
8.314570426940918
-8.448160171508789
8.257040023803711
-7.890890121459961
8.199520111083984
-7.333620071411133
8.141989707946777
-6.776340007781982
8.08446979522705
-6.219069957733154
8.02694034576416
-5.661799907684326
7.969419956207275
-5.104529857635498
7.911890029907227
-4.547249794006348
7.8543701171875
-3.9899799823760986
7.796840190887451
-3.4327099323272705
7.739319801330566
-2.8754398822784424
7.681789875030518
-2.318160057067871
7.624269962310791
-1.760890007019043
7.566740036010742
-1.2036199569702148
7.509220123291016
-0.6463479995727539
7.451690196990967
-0.08907569944858551
7.394169807434082
0.4681969881057739
7.336639881134033
1.0254700183868408
7.279119968414307
1.5827399492263794
7.221590042114258
2.140010118484497
7.164070129394531
2.6972899436950684
7.106540203094482
3.2545599937438965
7.049019813537598
3.8118300437927246
6.991489887237549
4.369100093841553
6.933969974517822
4.926370143890381
6.876440048217773
5.483650207519531
6.818920135498047
6.040919780731201
6.761390209197998
6.598189830780029
6.703869819641113
7.155459880828857
6.6463398933410645
7.712739944458008
6.588819980621338
8.270009994506836
6.531290054321289
8.827280044555664
6.4737701416015625
9.384550094604492
6.416240215301514
9.94182014465332
6.358719825744629
10.499099731445312
6.30118989944458
11.056400299072266
6.2436699867248535
11.61359977722168
6.186140060424805
12.170900344848633
6.128620147705078
12.72819995880127
6.071090221405029
13.285499572753906
6.0135698318481445
13.842700004577637
5.956039905548096
14.399999618530273
5.898519992828369
14.957300186157227
5.84099006652832
15.51449966430664
5.783470153808594
16.071800231933594
5.725940227508545
16.629100799560547
5.66841983795166
17.186399459838867
5.610889911651611
17.743600845336914
5.553369998931885
18.300899505615234
5.495840072631836
18.858200073242188
