-17.4773006439209
3.5296199321746826
-17.2539005279541
4.032609939575195
-17.030500411987305
4.535590171813965
-16.807100296020508
5.038569927215576
-16.58370018005371
5.541550159454346
-16.360300064086914
6.044529914855957
-16.136899948120117
6.547510147094727
-15.91349983215332
7.05049991607666
-15.690099716186523
7.55348014831543
-15.466699600219727
8.0564603805542
-15.243300437927246
8.559439659118652
-15.01990032196045
9.062419891357422
-14.796500205993652
9.565400123596191
-14.573100090026855
10.068400382995605
-14.349699974060059
10.571399688720703
-14.126199722290039
11.074299812316895
-13.902799606323242
11.577300071716309
-13.679400444030762
12.080300331115723
-13.456000328063965
12.58329963684082
-13.232600212097168
13.086299896240234
-13.009200096130371
13.589300155639648
-12.785799980163574
14.09220027923584
-12.562399864196777
14.595199584960938
-12.33899974822998
15.098199844360352
-12.115599632263184
15.601200103759766
-11.892200469970703
16.10420036315918
-11.668800354003906
16.607099533081055
-11.44540023803711
17.11009979248047
-11.222000122070312
17.613100051879883
-10.998600006103516
18.116100311279297
-10.775199890136719
18.61910057067871
