1.961459994316101
18.684099197387695
2.378309965133667
18.334400177001953
2.7951600551605225
17.984699249267578
3.212009906768799
17.634899139404297
3.6288700103759766
17.285200119018555
4.045720100402832
16.93549919128418
4.4625701904296875
16.5856990814209
4.879419803619385
16.236000061035156
5.29626989364624
15.886300086975098
5.713129997253418
15.536499977111816
6.129980087280273
15.186800003051758
6.546830177307129
14.8371000289917
6.963679790496826
14.48740005493164
7.380539894104004
14.13759994506836
7.797389984130859
13.7878999710083
8.214240074157715
13.438199996948242
8.63109016418457
13.088399887084961
9.047940254211426
12.738699913024902
9.464799880981445
12.388999938964844
9.8816499710083
12.039199829101562
10.298500061035156
11.689499855041504
10.715399742126465
11.339799880981445
11.132200241088867
10.990099906921387
11.549099922180176
10.640299797058105
11.965900421142578
10.290599822998047
12.382800102233887
9.94087028503418
