-8.782870292663574
9.40392017364502
-8.723560333251953
8.849300384521484
-8.664239883422852
8.294679641723633
-8.60492992401123
7.740059852600098
-8.545610427856445
7.1854400634765625
-8.486300468444824
6.630819797515869
-8.426980018615723
6.076200008392334
-8.367670059204102
5.521580219268799
-8.30836009979248
4.9669599533081055
-8.249039649963379
4.412330150604248
-8.189729690551758
3.8577098846435547
-8.130410194396973
3.3030900955200195
-8.071100234985352
2.7484700679779053
-8.01179027557373
2.193850040435791
-7.952469825744629
1.6392300128936768
-7.893159866333008
1.0846099853515625
-7.8338398933410645
0.5299909710884094
-7.774529933929443
-0.024629399180412292
-7.715219974517822
-0.5792499780654907
-7.655900001525879
-1.133870005607605
-7.596590042114258
-1.6884900331497192
-7.5372700691223145
-2.243109941482544
-7.477960109710693
-2.797729969024658
-7.418650150299072
-3.3523499965667725
-7.359330177307129
-3.9069700241088867
