2.6740899085998535
15.409799575805664
2.811110019683838
14.883899688720703
2.9481201171875
14.35789966583252
3.085129976272583
13.831899642944336
3.2221500873565674
13.305899620056152
3.3591599464416504
12.779999732971191
3.4961800575256348
12.253999710083008
3.6331899166107178
11.727999687194824
3.77020001411438
11.202099800109863
3.907219886779785
10.67609977722168
4.044229984283447
10.150099754333496
4.181250095367432
9.624130249023438
4.318260192871094
9.098150253295898
4.455269813537598
8.572179794311523
4.592289924621582
8.046210289001465
4.729300022125244
7.520229816436768
4.8663201332092285
6.994259834289551
5.003330230712891
6.468279838562012
5.1403398513793945
5.942309856414795
5.277359962463379
5.416339874267578
5.414370059967041
4.890359878540039
5.551390171051025
4.364389896392822
5.688399791717529
3.838409900665283
5.825409889221191
3.3124399185180664
5.962430000305176
2.7864599227905273
