-7.389190196990967
2.7193100452423096
-7.12021017074585
2.232640027999878
-6.85122013092041
1.7459700107574463
-6.582240104675293
1.2592999935150146
-6.313260078430176
0.7726309895515442
-6.044280052185059
0.28596198558807373
-5.775300025939941
-0.20070800185203552
-5.506309986114502
-0.6873779892921448
-5.237329959869385
-1.174049973487854
-4.968349933624268
-1.6607199907302856
-4.69936990737915
-2.1473898887634277
-4.430389881134033
-2.6340599060058594
-4.161399841308594
-3.120729923248291
-3.8924200534820557
-3.6073999404907227
-3.6234400272369385
-4.094069957733154
-3.3544600009918213
-4.580739974975586
-3.085479974746704
-5.067409992218018
-2.8164899349212646
-5.554080009460449
-2.5475099086761475
-6.040750026702881
-2.2785298824310303
-6.5274200439453125
-2.009550094604492
-7.014090061187744
-1.7405600547790527
-7.500760078430176
-1.4715800285339355
-7.987430095672607
-1.2026000022888184
-8.474100112915039
-0.9336180090904236
-8.960760116577148
-0.6646360158920288
-9.447429656982422
-0.39565399289131165
-9.934100151062012
-0.12667199969291687
-10.42080020904541
0.1423099935054779
-10.907400131225586
0.4112919867038727
-11.394100189208984
0.6802740097045898
-11.880800247192383
0.9492560029029846
-12.367500305175781
1.2182400226593018
-12.854100227355957
1.487220048904419
-13.340800285339355
1.7561999559402466
-13.827500343322754
