7.217549800872803
-5.768040180206299
6.946539878845215
-6.22121000289917
6.675519943237305
-6.674369812011719
6.404510021209717
-7.127540111541748
6.133500099182129
-7.580699920654297
5.862480163574219
-8.033869743347168
5.591469764709473
-8.487039566040039
5.320459842681885
-8.940199851989746
5.049449920654297
-9.393369674682617
4.778429985046387
-9.846529960632324
4.507420063018799
-10.299699783325195
4.236410140991211
-10.752900123596191
3.965399980545044
-11.206000328063965
3.694380044937134
-11.659199714660645
3.423369884490967
-12.11240005493164
