-4.2652997970581055
-1.2702100276947021
-4.3197197914123535
-0.712943971157074
-4.374129772186279
-0.15567700564861298
-4.428549766540527
0.4015910029411316
-4.482970237731934
0.9588590264320374
-4.537390232086182
1.516129970550537
-4.591800212860107
2.073390007019043
-4.6462202072143555
2.630660057067871
-4.7006402015686035
3.187930107116699
-4.755060195922852
3.7451999187469482
-4.809470176696777
4.302460193634033
-4.863890171051025
4.859729766845703
-4.918310165405273
5.416999816894531
-4.9727301597595215
5.974269866943359
-5.027140140533447
6.5315399169921875
-5.081560134887695
7.088799953460693
-5.135980129241943
7.6460700035095215
-5.190400123596191
8.203339576721191
-5.244810104370117
8.76060962677002
-5.299230098724365
9.317870140075684
-5.353650093078613
9.875140190124512
-5.408070087432861
10.43239974975586
-5.462480068206787
10.989700317382812
-5.516900062561035
11.546899795532227
-5.571320056915283
12.10420036315918
-5.625740051269531
12.661499977111816
-5.680150032043457
13.218700408935547
-5.734570026397705
13.776000022888184
-5.788990020751953
14.33329963684082
-5.843410015106201
14.890600204467773
-5.897819995880127
15.447799682617188
-5.952239990234375
16.00510025024414
-6.006659984588623
16.562400817871094
-6.061079978942871
17.119600296020508
-6.115489959716797
17.67690086364746
-6.169909954071045
18.23419952392578
-6.224329948425293
18.791400909423828
-6.278749942779541
19.34869956970215
-6.333159923553467
19.9060001373291
