17.827299118041992
1.864150047302246
17.30069923400879
1.673509955406189
16.774099349975586
1.4828699827194214
16.247499465942383
1.292240023612976
15.72089958190918
1.1016000509262085
15.194299697875977
0.9109579920768738
14.667699813842773
0.7203189730644226
14.14109992980957
0.5296810269355774
13.61460018157959
0.3390420079231262
13.088000297546387
0.14840300381183624
12.561400413513184
-0.042235299944877625
12.034799575805664
-0.23287400603294373
11.508199691772461
-0.4235129952430725
10.981599807739258
-0.6141510009765625
10.454999923706055
-0.8047900199890137
9.928389549255371
-0.9954280257225037
9.401789665222168
-1.1860699653625488
8.875200271606445
-1.376710057258606
8.348600387573242
-1.5673400163650513
7.822010040283203
-1.7579799890518188
7.295420169830322
-1.9486199617385864
6.768819808959961
-2.1392600536346436
6.24222993850708
-2.329900026321411
5.715630054473877
-2.5205399990081787
5.189040184020996
-2.7111799716949463
4.662439823150635
-2.9018099308013916
4.135849952697754
-3.092449903488159
3.609250068664551
-3.283090114593506
3.082659959793091
-3.4737300872802734
2.5560600757598877
-3.664370059967041
2.0294699668884277
-3.8550100326538086
1.502869963645935
-4.045650005340576
0.9762799739837646
-4.236289978027344
0.4496850073337555
-4.426919937133789
-0.07690960168838501
-4.617559909820557
-0.6035040020942688
-4.808199882507324
-1.1301000118255615
-4.998839855194092
-1.656690001487732
-5.189479827880859
-2.1832900047302246
-5.380119800567627
-2.7098801136016846
-5.5707597732543945
-3.2364799976348877
-5.761390209197998
-3.7630701065063477
-5.952030181884766
-4.289669990539551
-6.142670154571533
-4.816259860992432
-6.333310127258301
-5.342860221862793
-6.523950099945068
-5.869450092315674
-6.714590072631836
-6.396049976348877
-6.9052300453186035
-6.922639846801758
-7.095860004425049
-7.449230194091797
-7.286499977111816
-7.975830078125
-7.477139949798584
-8.502420425415039
-7.667779922485352
-9.029020309448242
-7.858419895172119
-9.555609703063965
-8.049059867858887
-10.082200050354004
-8.239700317382812
-10.608799934387207
-8.430339813232422
-11.13539981842041
-8.620969772338867
-11.661999702453613
-8.811610221862793
-12.188599586486816
-9.002249717712402
-12.715200424194336
-9.192890167236328
-13.241800308227539
-9.383529663085938
-13.768400192260742
-9.574170112609863
-14.295000076293945
-9.764809608459473
-14.821599960327148
-9.955439567565918
-15.348199844360352
-10.146100044250488
-15.874699592590332
-10.336700439453125
