16.839500427246094
17.166099548339844
16.279399871826172
17.172300338745117
15.719200134277344
17.178499221801758
15.159099578857422
17.18470001220703
14.598899841308594
17.19099998474121
14.038800239562988
17.197200775146484
13.478699684143066
17.203399658203125
12.918499946594238
17.209699630737305
12.358400344848633
17.215900421142578
11.798199653625488
17.22209930419922
11.238100051879883
17.2283992767334
10.677900314331055
17.234600067138672
10.117799758911133
17.240800857543945
9.557640075683594
17.246999740600586
8.997489929199219
17.253299713134766
8.437350273132324
17.25950050354004
7.877200126647949
17.26569938659668
7.317049980163574
17.27199935913086
6.7569098472595215
17.278200149536133
6.196760177612305
17.284400939941406
5.636620044708252
17.290599822998047
5.076469898223877
17.296899795532227
4.51632022857666
17.3031005859375
3.9561800956726074
17.30929946899414
3.3960299491882324
17.31559944152832
2.835890054702759
17.321800231933594
2.275739908218384
17.327999114990234
1.7156000137329102
17.334299087524414
1.1554499864578247
17.340499877929688
0.5953050255775452
17.34670066833496
0.03515909984707832
17.3528995513916
-0.524986982345581
17.35919952392578
-1.085129976272583
17.365400314331055
-1.6452800035476685
17.371599197387695
-2.2054200172424316
17.377899169921875
-2.7655699253082275
17.38409996032715
-3.3257200717926025
17.390300750732422
-3.885859966278076
17.396499633789062
-4.446010112762451
17.402799606323242
-5.006149768829346
17.409000396728516
-5.566299915313721
17.415199279785156
-6.126440048217773
17.421499252319336
