-6.666979789733887
13.410300254821777
-6.128759860992432
13.255800247192383
-5.590539932250977
13.101300239562988
-5.052309989929199
12.946800231933594
-4.514090061187744
12.7923002243042
-3.975860118865967
12.637800216674805
-3.4376399517059326
12.48330020904541
-2.8994100093841553
12.328800201416016
-2.3611900806427
12.174300193786621
-1.8229700326919556
12.019800186157227
-1.2847399711608887
11.865300178527832
-0.74651700258255
11.710800170898438
-0.20829300582408905
11.556300163269043
0.32993200421333313
11.401800155639648
0.8681560158729553
11.247300148010254
1.4063800573349
11.09280014038086
1.944599986076355
10.938199996948242
2.482830047607422
10.783699989318848
3.021049976348877
10.629199981689453
3.5592799186706543
10.474699974060059
4.097499847412109
10.320199966430664
4.635729789733887
10.16569995880127
5.1739501953125
10.011199951171875
5.712170124053955
9.856710433959961
6.250400066375732
9.702210426330566
6.7886199951171875
9.547699928283691
7.326849937438965
9.393199920654297
7.86506986618042
9.238690376281738
8.403300285339355
9.084190368652344
8.941519737243652
8.929679870605469
9.479740142822266
8.775179862976074
10.017999649047852
8.620670318603516
10.55620002746582
8.466170310974121
11.094400405883789
8.311659812927246
11.632599830627441
8.157159805297852
12.170900344848633
8.002650260925293
12.709099769592285
7.84814977645874
13.247300148010254
7.693640232086182
13.785499572753906
7.539140224456787
