-9.535340309143066
13.860300064086914
-9.250089645385742
13.377400398254395
-8.964850425720215
12.894599914550781
-8.67959976196289
12.411700248718262
-8.394359588623047
11.928899765014648
-8.109109878540039
11.446000099182129
-7.8238701820373535
10.963199615478516
-7.5386199951171875
10.480299949645996
-7.253379821777344
9.997509956359863
-6.968140125274658
9.514659881591797
-6.682889938354492
9.031820297241211
-6.397649765014648
8.548970222473145
-6.112400054931641
8.066129684448242
-5.827159881591797
7.583290100097656
-5.541910171508789
7.10044002532959
-5.256669998168945
6.617599964141846
-4.971419811248779
6.134749889373779
-4.686180114746094
5.651909828186035
-4.400929927825928
5.169069766998291
-4.115690231323242
4.686220169067383
-3.830440044403076
4.203380107879639
-3.5452001094818115
3.7205400466918945
-3.2599599361419678
3.237689971923828
-2.974709987640381
2.754849910736084
-2.689470052719116
2.2720000743865967
-2.4042201042175293
1.7891600131988525
-2.1189799308776855
1.3063199520111084
-1.8337299823760986
0.8234720230102539
-1.548490047454834
0.3406279981136322
-1.2632399797439575
-0.14221599698066711
-0.9779989719390869
-0.6250600218772888
-0.6927539706230164
-1.1079000234603882
-0.4075089991092682
-1.590749979019165
-0.12226500362157822
-2.073590040206909
0.16298000514507294
-2.5564401149749756
0.4482240080833435
-3.0392799377441406
0.7334690093994141
-3.5221199989318848
1.0187100172042847
-4.004970073699951
1.3039599657058716
-4.487810134887695
1.5892000198364258
-4.9706501960754395
1.8744499683380127
-5.453499794006348
2.1596899032592773
-5.936339855194092
2.4449400901794434
-6.419189929962158
2.730180025100708
-6.902029991149902
3.015429973602295
-7.3848700523376465
3.3006699085235596
-7.867720127105713
3.5859100818634033
-8.350560188293457
3.8711600303649902
-8.833410263061523
4.156400203704834
-9.31624984741211
4.441649913787842
-9.799090385437012
4.7268900871276855
-10.281900405883789
5.012139797210693
-10.764800071716309
5.297379970550537
-11.247599601745605
5.582630157470703
-11.730500221252441
5.867869853973389
-12.213299751281738
6.153120040893555
-12.696200370788574
6.438360214233398
-13.178999900817871
6.723609924316406
-13.661800384521484
7.00885009765625
-14.144700050354004
