12.692000389099121
10.233499526977539
12.433099746704102
9.731730461120605
12.174300193786621
9.22996997833252
11.915399551391602
8.728219985961914
11.656599998474121
8.226469993591309
11.397700309753418
7.724709987640381
11.138799667358398
7.222959995269775
10.880000114440918
6.72121000289917
10.621100425720215
6.219449996948242
10.362299919128418
5.717700004577637
10.103400230407715
5.215950012207031
9.844550132751465
4.7141900062561035
9.585689544677734
4.212440013885498
9.32682991027832
3.7106900215148926
9.067970275878906
3.208930015563965
8.809109687805176
2.7071800231933594
8.550250053405762
2.205430030822754
8.291390419006348
1.7036700248718262
8.032529830932617
1.2019200325012207
7.773670196533203
0.7001670002937317
7.514810085296631
0.19841399788856506
7.255949974060059
-0.30333900451660156
6.997089862823486
-0.805092990398407
6.738230228424072
-1.3068499565124512
6.4793701171875
-1.8085999488830566
6.220510005950928
-2.310349941253662
5.9616498947143555
-2.81210994720459
5.702789783477783
-3.3138599395751953
5.443940162658691
-3.815609931945801
5.185080051422119
-4.3173699378967285
4.926219940185547
-4.819119930267334
4.667359828948975
-5.3208699226379395
4.4085001945495605
-5.822629928588867
4.149640083312988
-6.324379920959473
3.890779972076416
-6.826129913330078
3.631920099258423
-7.327889919281006
3.3730599880218506
-7.829639911651611
3.1142001152038574
-8.331390380859375
2.855340003967285
-8.833149909973145
2.596479892730713
-9.33489990234375
2.3376200199127197
-9.836649894714355
2.0787599086761475
-10.338399887084961
1.8199000358581543
-10.840200424194336
1.5610400438308716
-11.341899871826172
1.3021800518035889
-11.843700408935547
1.0433199405670166
-12.345399856567383
0.7844640016555786
-12.847200393676758
0.5256050229072571
-13.348899841308594
0.266745001077652
-13.850700378417969
0.007885489612817764
-14.352399826049805
-0.25097399950027466
-14.85420036315918
-0.5098339915275574
-15.355899810791016
-0.7686929702758789
-15.85770034790039
-1.0275499820709229
-16.359399795532227
-1.2864099740982056
-16.8612003326416
-1.5452699661254883
-17.363000869750977
-1.804129958152771
-17.864700317382812
-2.0629899501800537
-18.366500854492188
-2.321850061416626
-18.868200302124023
-2.580709934234619
-19.3700008392334
-2.8395700454711914
-19.871700286865234
