-12.172800064086914
-15.831899642944336
-11.620400428771973
-15.710200309753418
-11.067999839782715
-15.588500022888184
-10.515600204467773
-15.46679973602295
-9.963250160217285
-15.345100402832031
-9.410849571228027
-15.223400115966797
-8.858460426330566
-15.101699829101562
-8.306059837341309
-14.979999542236328
-7.753660202026367
-14.85830020904541
-7.20127010345459
-14.736599922180176
-6.64886999130249
-14.614899635314941
-6.096469879150391
-14.493300437927246
-5.544079780578613
-14.371600151062012
-4.991680145263672
-14.249899864196777
-4.439280033111572
-14.128199577331543
-3.886889934539795
-14.006500244140625
-3.3344900608062744
-13.88479995727539
-2.782089948654175
-13.763099670410156
-2.2297000885009766
-13.641400337219238
-1.677299976348877
-13.519700050354004
-1.1249099969863892
-13.39799976348877
-0.5725089907646179
-13.276300430297852
-0.020111899822950363
-13.154600143432617
0.5322849750518799
-13.032899856567383
1.0846799612045288
-12.911199569702148
1.6370799541473389
-12.78950023651123
2.189470052719116
-12.667799949645996
2.7418699264526367
-12.546099662780762
3.2942700386047363
-12.424400329589844
3.8466598987579346
-12.30270004272461
4.399059772491455
-12.180999755859375
4.951459884643555
-12.059399604797363
5.503849983215332
-11.937700271606445
6.056250095367432
-11.815999984741211
6.608650207519531
-11.694299697875977
7.16103982925415
-11.572600364685059
7.71343994140625
-11.450900077819824
8.265839576721191
-11.32919979095459
8.818229675292969
-11.207500457763672
9.370630264282227
-11.085800170898438
9.923029899597168
-10.964099884033203
