-4.232120037078857
12.765800476074219
-4.474870204925537
12.273799896240234
-4.717619895935059
11.781900405883789
-4.9603800773620605
11.289899826049805
-5.203129768371582
10.797900199890137
-5.445879936218262
10.305999755859375
-5.688640117645264
9.813989639282227
-5.931389808654785
9.322019577026367
-6.174139976501465
8.830050468444824
-6.416900157928467
8.338089942932129
-6.659649848937988
7.8461198806762695
-6.902400016784668
7.35414981842041
-7.14516019821167
6.862189769744873
-7.387909889221191
6.370220184326172
-7.630660057067871
5.8782501220703125
-7.873419761657715
5.386290073394775
-8.116169929504395
4.894320011138916
-8.358920097351074
4.402349948883057
-8.601679801940918
3.9103899002075195
-8.844429969787598
3.4184200763702393
-9.087180137634277
2.92645001411438
-9.329939842224121
2.4344899654388428
-9.5726900100708
1.942520022392273
-9.81544017791748
1.4505499601364136
-10.058199882507324
0.9585869908332825
-10.30090045928955
0.46661999821662903
-10.543700218200684
-0.02534620091319084
-10.786499977111816
-0.5173130035400391
-11.029199600219727
-1.0092799663543701
-11.272000312805176
-1.5012500286102295
-11.514699935913086
-1.993209958076477
-11.757499694824219
-2.485179901123047
-12.000200271606445
-2.9771499633789062
-12.243000030517578
-3.4691100120544434
