-6.695899963378906
-19.439800262451172
-6.357029914855957
-18.990299224853516
-6.018159866333008
-18.540700912475586
-5.679289817810059
-18.091100692749023
-5.340419769287109
-17.64150047302246
-5.001550197601318
-17.1919002532959
-4.662680149078369
-16.742300033569336
-4.323820114135742
-16.292699813842773
-3.984950065612793
-15.843099594116211
-3.6460800170898438
-15.393500328063965
-3.3072099685668945
-14.943900108337402
-2.9683399200439453
-14.49429988861084
-2.629470109939575
-14.044699668884277
-2.290600061416626
-13.595100402832031
-1.9517300128936768
-13.145500183105469
-1.6128699779510498
-12.695899963378906
-1.2740000486373901
-12.246299743652344
-0.9351270198822021
-11.796699523925781
-0.5962589979171753
-11.347100257873535
-0.25738999247550964
-10.897500038146973
0.08147919923067093
-10.447999954223633
0.42034798860549927
-9.998359680175781
0.7592170238494873
-9.5487699508667
1.0980900526046753
-9.099169731140137
1.4369499683380127
-8.649580001831055
1.775820016860962
-8.199979782104492
2.114690065383911
-7.75039005279541
2.4535601139068604
-7.300789833068848
2.7924299240112305
-6.851200103759766
3.1312999725341797
-6.401599884033203
3.470170021057129
-5.952010154724121
3.809040069580078
-5.502409934997559
4.147910118103027
-5.052820205688477
4.486770153045654
-4.603219985961914
4.8256402015686035
-4.153629779815674
5.1645097732543945
-3.704040050506592
5.503379821777344
-3.2544400691986084
5.842249870300293
-2.8048501014709473
6.181119918823242
-2.3552498817443848
6.519989967346191
-1.9056600332260132
6.858860015869141
-1.4560600519180298
7.19773006439209
-1.006469964981079
