10.806599617004395
-15.262299537658691
10.5201997756958
-14.774999618530273
10.233799934387207
-14.287699699401855
9.947449684143066
-13.800299644470215
9.661060333251953
-13.312999725341797
9.374670028686523
-12.825699806213379
9.088279724121094
-12.338399887084961
8.80189037322998
-11.851099967956543
8.51550006866455
-11.363800048828125
8.229109764099121
-10.876500129699707
7.94271993637085
-10.389200210571289
7.656330108642578
-9.901869773864746
7.369939804077148
-9.414560317993164
7.083549976348877
-8.927249908447266
6.7971601486206055
-8.439940452575684
6.510769844055176
-7.952630043029785
6.224380016326904
-7.465320110321045
5.937990188598633
-6.978010177612305
5.651599884033203
-6.490699768066406
5.365210056304932
-6.003389835357666
5.07882022857666
-5.516079902648926
4.7924299240112305
-5.0287699699401855
4.506040096282959
-4.541470050811768
4.219649791717529
-4.054160118103027
3.933259963989258
-3.566849946975708
3.6468698978424072
-3.0795400142669678
3.3604800701141357
-2.5922300815582275
3.074090003967285
-2.104919910430908
2.7876999378204346
-1.617609977722168
2.501310110092163
-1.1303000450134277
2.2149200439453125
-0.6429889798164368
1.928529977798462
-0.15568000078201294
1.6421400308609009
0.33162999153137207
1.3557499647140503
0.8189389705657959
1.0693600177764893
1.306249976158142
0.7829710245132446
1.7935600280761719
0.49658098816871643
2.280869960784912
0.21019099652767181
2.7681798934936523
-0.07619959861040115
3.2554900646209717
-0.3625899851322174
3.742799997329712
-0.6489800214767456
4.230110168457031
-0.9353700280189514
4.7174201011657715
-1.2217600345611572
5.204730033874512
-1.5081499814987183
5.69202995300293
-1.7945400476455688
6.17933988571167
