-3.062419891357422
-15.540300369262695
-3.059340000152588
-14.9975004196167
-3.0562500953674316
-14.45479965209961
-3.0531699657440186
-13.911999702453613
-3.0500800609588623
-13.369199752807617
-3.046999931335449
-12.826399803161621
-3.043910026550293
-12.283599853515625
-3.04082989692688
-11.740799903869629
-3.0377399921417236
-11.197999954223633
-3.0346601009368896
-10.655200004577637
-3.0315699577331543
-10.112500190734863
-3.0284900665283203
-9.569680213928223
-3.025399923324585
-9.02688980102539
-3.022320032119751
-8.484100341796875
-3.0192298889160156
-7.941309928894043
-3.0161499977111816
-7.398530006408691
-3.0130600929260254
-6.855740070343018
-3.0099799633026123
-6.312950134277344
