17.12579917907715
-8.808690071105957
16.631099700927734
-8.53462028503418
16.136499404907227
-8.260549545288086
15.641900062561035
-7.986480236053467
15.147199630737305
-7.712399959564209
14.652600288391113
-7.438330173492432
14.157899856567383
-7.164259910583496
13.663299560546875
-6.890190124511719
13.168700218200684
-6.616119861602783
12.673999786376953
-6.342050075531006
12.179400444030762
-6.06797981262207
11.684700012207031
-5.793910026550293
11.190099716186523
-5.519830226898193
10.69540023803711
-5.245759963989258
10.200799942016602
-4.9716901779174805
9.706170082092285
-4.697619915008545
9.211529731750488
-4.423550128936768
8.716890335083008
-4.149479866027832
8.222249984741211
-3.8754100799560547
7.72760009765625
-3.6013400554656982
7.232960224151611
-3.3272600173950195
6.7383198738098145
-3.053189992904663
6.243680000305176
-2.7791199684143066
5.749040126800537
-2.50504994392395
5.25439977645874
-2.2309799194335938
4.759759902954102
-1.9569100141525269
4.265120029449463
-1.6828399896621704
3.770479917526245
-1.408769965171814
3.2758400440216064
-1.1346999406814575
2.7811999320983887
-0.8606240153312683
2.2865500450134277
-0.5865529775619507
1.7919100522994995
-0.31248098611831665
1.2972700595855713
-0.03841020166873932
0.8026310205459595
0.23566100001335144
0.30799001455307007
0.5097320079803467
-0.18665100634098053
0.7838029861450195
-0.6812909841537476
1.0578700304031372
-1.1759300231933594
1.3319499492645264
-1.6705700159072876
1.6060199737548828
-2.165210008621216
1.8800899982452393
-2.6598598957061768
2.1541600227355957
-3.1545000076293945
2.428230047225952
-3.649139881134033
2.7023000717163086
-4.14378023147583
2.976370096206665
-4.638420104980469
3.2504398822784424
-5.133059978485107
3.524519920349121
-5.627699851989746
3.7985899448394775
-6.122340202331543
4.072659969329834
-6.616980075836182
4.3467302322387695
-7.11161994934082
4.620800018310547
-7.606259822845459
4.894869804382324
-8.100910186767578
5.16894006729126
-8.595549583435059
5.443009853363037
-9.090189933776855
5.717090129852295
-9.584830284118652
5.991159915924072
-10.079500198364258
6.265230178833008
-10.57409954071045
6.539299964904785
