6.360410213470459
-13.24530029296875
6.111340045928955
-12.743800163269043
5.862269878387451
-12.242400169372559
5.6132001876831055
-11.740900039672852
5.364130020141602
-11.239399909973145
5.115049839019775
-10.73799991607666
4.86598014831543
-10.236499786376953
4.616909980773926
-9.735050201416016
4.367839813232422
-9.233579635620117
4.118760108947754
-8.7321195602417
3.86968994140625
-8.230649948120117
3.620620012283325
-7.729189872741699
3.3715500831604004
-7.227719783782959
3.122469902038574
-6.726260185241699
2.8733999729156494
-6.224790096282959
2.6243300437927246
-5.723330020904541
2.3752601146698
-5.221859931945801
2.126189947128296
-4.720399856567383
1.8771100044250488
-4.218929767608643
1.6280399560928345
-3.7174699306488037
1.3789700269699097
-3.2160000801086426
1.1298999786376953
-2.7145400047302246
0.8808240294456482
-2.2130699157714844
0.6317520141601562
-1.711609959602356
0.3826799988746643
-1.2101399898529053
0.13360799849033356
-0.7086769938468933
-0.11546500027179718
-0.20721200108528137
-0.36453700065612793
0.29425299167633057
-0.6136090159416199
0.7957180142402649
-0.862680971622467
1.2971800565719604
-1.1117500066757202
1.7986500263214111
-1.3608299493789673
2.300110101699829
-1.6098999977111816
2.8015799522399902
-1.858970046043396
3.303040027618408
-2.1080400943756104
3.8045101165771484
-2.3571200370788574
4.305970191955566
-2.6061899662017822
4.807439804077148
-2.855259895324707
5.308899879455566
-3.104330062866211
5.810369968414307
-3.3533999919891357
6.311830043792725
-3.602479934692383
6.813300132751465
-3.8515501022338867
7.314760208129883
-4.100619792938232
7.816229820251465
-4.349689960479736
8.317689895629883
-4.5987701416015625
8.819160461425781
-4.847839832305908
9.320619583129883
-5.096909999847412
9.822090148925781
-5.345980167388916
10.323599815368652
-5.595049858093262
10.824999809265137
