0.08512119948863983
-6.749229907989502
-0.016230199486017227
-6.202760219573975
-0.11758200079202652
-5.656300067901611
-0.21893300116062164
-5.109829902648926
-0.32028400897979736
-4.563370227813721
-0.4216359853744507
-4.016900062561035
-0.5229870080947876
-3.470439910888672
-0.6243389844894409
-2.9239699840545654
-0.7256900072097778
-2.3775100708007812
-0.82704097032547
-1.8310400247573853
-0.9283930063247681
-1.2845799922943115
-1.0297399759292603
-0.7381100058555603
-1.131100058555603
-0.19164499640464783
-1.232450008392334
0.35482001304626465
-1.333799958229065
0.9012849926948547
-1.4351500272750854
1.4477499723434448
-1.5364999771118164
1.9942200183868408
-1.637850046157837
2.540679931640625
-1.7391999959945679
3.0871500968933105
-1.840559959411621
3.6336100101470947
-1.9419100284576416
4.180079936981201
-2.043260097503662
4.7265400886535645
-2.1446099281311035
5.273009777069092
-2.245959997177124
5.819469928741455
-2.3473100662231445
6.365940093994141
-2.448659896850586
6.912399768829346
-2.5500099658966064
7.458869934082031
-2.651370048522949
8.005330085754395
-2.7527201175689697
8.551799774169922
-2.854069948196411
9.098259925842285
-2.9554200172424316
9.644729614257812
-3.056770086288452
10.191200256347656
-3.1581199169158936
10.737700462341309
-3.259469985961914
11.284099578857422
-3.360830068588257
11.830599784851074
-3.4621798992156982
12.377099990844727
-3.5635299682617188
12.923500061035156
-3.6648800373077393
13.470000267028809
-3.7662301063537598
14.016500473022461
-3.867579936981201
14.562899589538574
-3.9689300060272217
15.109399795532227
-4.0702900886535645
15.655799865722656
