-13.614700317382812
-7.847750186920166
-13.785499572753906
-7.32174015045166
-13.956199645996094
-6.795740127563477
-14.126999855041504
-6.269730091094971
-14.297800064086914
-5.743730068206787
-14.468500137329102
-5.217720031738281
-14.639300346374512
-4.691720008850098
-14.810099601745605
-4.165709972381592
-14.980799674987793
-3.639709949493408
-15.151599884033203
-3.1136999130249023
-15.322400093078613
-2.5876998901367188
-15.4931001663208
-2.061690092086792
-15.663900375366211
-1.5356899499893188
-15.834699630737305
-1.0096800327301025
-16.005399703979492
-0.4836759865283966
-16.17620086669922
0.04232890158891678
-16.346900939941406
0.5683339834213257
-16.5177001953125
1.0943399667739868
-16.688499450683594
1.6203399896621704
-16.85919952392578
2.1463499069213867
-17.030000686645508
2.6723499298095703
-17.2007999420166
3.198359966278076
-17.37150001525879
3.724370002746582
-17.542299270629883
4.250370025634766
-17.71310043334961
4.7763800621032715
-17.883800506591797
5.302380084991455
-18.05459976196289
5.828390121459961
-18.225299835205078
6.3543901443481445
-18.396099090576172
6.88040018081665
-18.5669002532959
7.406400203704834
-18.737600326538086
7.932409763336182
-18.90839958190918
8.458410263061523
-19.079200744628906
8.984419822692871
