-15.169699668884277
-17.28569984436035
-14.774299621582031
-16.890399932861328
-14.378999710083008
-16.49519920349121
-13.983599662780762
-16.100000381469727
-13.588199615478516
-15.704700469970703
-13.192899703979492
-15.309499740600586
-12.797499656677246
-14.914299964904785
-12.402199745178223
-14.519100189208984
-12.006799697875977
-14.123800277709961
-11.611499786376953
-13.728599548339844
-11.216099739074707
-13.333399772644043
-10.820799827575684
-12.938199996948242
-10.425399780273438
-12.542900085449219
-10.029999732971191
-12.147700309753418
-9.634690284729004
-11.7524995803833
-9.239330291748047
-11.3572998046875
-8.843979835510254
-10.961999893188477
-8.448619842529297
-10.566800117492676
-8.05327033996582
-10.171600341796875
-7.657909870147705
-9.776339530944824
-7.26255989074707
-9.381119728088379
-6.867199897766113
-8.98589038848877
-6.4718499183654785
-8.590660095214844
-6.0764899253845215
-8.195440292358398
