-9.681599617004395
10.800399780273438
-10.16569995880127
11.059800148010254
-10.649800300598145
11.319100379943848
-11.13379955291748
11.578499794006348
-11.617899894714355
11.837900161743164
-12.10200023651123
12.097299575805664
-12.586099624633789
12.356599807739258
-13.070099830627441
12.616000175476074
-13.554200172424316
12.875399589538574
-14.038299560546875
13.134699821472168
-14.52239990234375
13.394100189208984
-15.006500244140625
13.653499603271484
-15.490500450134277
13.9128999710083
-15.974599838256836
14.172200202941895
-16.45870018005371
14.431599617004395
-16.942800521850586
14.690999984741211
-17.42690086364746
14.950400352478027
-17.910900115966797
15.209699630737305
-18.395000457763672
15.469099998474121
