-11.753600120544434
-19.985000610351562
-11.319000244140625
-19.62459945678711
-10.884499549865723
-19.26409912109375
-10.449899673461914
-18.90369987487793
-10.015299797058105
-18.54319953918457
-9.580780029296875
-18.18280029296875
-9.146220207214355
-17.82229995727539
-8.711649894714355
-17.46190071105957
-8.277090072631836
-17.10140037536621
-7.842520236968994
-16.740999221801758
-7.407949924468994
-16.38050079345703
-6.973390102386475
-16.020099639892578
-6.538819789886475
-15.659600257873535
-6.104259967803955
-15.299200057983398
-5.669690132141113
-14.938799858093262
-5.2351298332214355
-14.578300476074219
-4.800559997558594
-14.217900276184082
-4.366000175476074
-13.857399940490723
-3.9314301013946533
-13.496999740600586
-3.4968600273132324
-13.136500358581543
-3.062299966812134
-12.776100158691406
-2.627729892730713
-12.415599822998047
-2.1931700706481934
-12.05519962310791
-1.7585999965667725
-11.694700241088867
-1.3240400552749634
-11.33430004119873
-0.8894699811935425
-10.973899841308594
-0.4549039900302887
-10.61340045928955
-0.020338300615549088
-10.253000259399414
0.4142270088195801
-9.892510414123535
0.8487930297851562
-9.53207015991211
1.2833600044250488
-9.17162036895752
1.717919945716858
-8.811169624328613
2.1524899005889893
-8.450730323791504
2.58705997467041
-8.090279579162598
3.021620035171509
-7.72983980178833
3.4561901092529297
-7.36939001083374
3.890749931335449
-7.00894021987915
4.325319766998291
-6.648499965667725
4.759880065917969
-6.288050174713135
5.1944499015808105
-5.927609920501709
5.6290202140808105
-5.567160129547119
6.06358003616333
-5.206709861755371
6.498149871826172
-4.8462700843811035
6.93271017074585
-4.4858198165893555
