-15.464799880981445
11.487000465393066
-15.623499870300293
10.95110034942627
-15.78219985961914
10.41510009765625
-15.940999984741211
9.879179954528809
-16.099700927734375
9.343250274658203
-16.258399963378906
8.807310104370117
-16.41710090637207
8.271369934082031
-16.5757999420166
7.735429763793945
-16.734500885009766
7.199490070343018
-16.893199920654297
6.663549900054932
-17.05190086364746
6.127620220184326
-17.210599899291992
5.59168004989624
-17.369300842285156
5.055739879608154
-17.528099060058594
4.519800186157227
-17.686800003051758
3.9838600158691406
-17.845500946044922
3.447920083999634
-18.004199981689453
2.91198992729187
-18.162900924682617
2.3760499954223633
-18.32159996032715
1.840109944343567
-18.480300903320312
1.30417001247406
-18.638999938964844
0.7682330012321472
-18.797700881958008
0.2322939932346344
-18.95639991760254
-0.30364400148391724
-19.115100860595703
-0.8395820260047913
-19.27389907836914
-1.3755199909210205
-19.432600021362305
-1.911460041999817
