-8.167579650878906
-5.94310998916626
-7.68572998046875
-5.692399978637695
-7.2038798332214355
-5.441689968109131
-6.722020149230957
-5.190979957580566
-6.240170001983643
-4.940269947052002
-5.758319854736328
-4.6895599365234375
-5.276470184326172
-4.438859939575195
-4.794620037078857
-4.188149929046631
-4.312769889831543
-3.9374399185180664
-3.8309199810028076
-3.686729907989502
-3.3490700721740723
-3.4360198974609375
-2.867219924926758
-3.185309886932373
-2.3853700160980225
-2.9346001148223877
-1.9035199880599976
-2.6839001178741455
-1.4216699600219727
-2.433190107345581
-0.9398149847984314
-2.1824800968170166
-0.4579640030860901
-1.9317699670791626
0.023886600509285927
-1.6810599565505981
0.5057370066642761
-1.4303499460220337
0.9875879883766174
-1.1796499490737915
1.46943998336792
-0.9289370179176331
1.9512900114059448
-0.6782280206680298
2.4331400394439697
-0.4275200068950653
2.914989948272705
-0.17681099474430084
