19.04669952392578
-1.897670030593872
18.497900009155273
-1.7678500413894653
17.948999404907227
-1.6380300521850586
17.40019989013672
-1.5082199573516846
16.85140037536621
-1.3783999681472778
16.302600860595703
-1.2485899925231934
15.753800392150879
-1.1187700033187866
15.204999923706055
-0.9889529943466187
14.656100273132324
-0.8591359853744507
14.1072998046875
-0.7293199896812439
13.558500289916992
-0.5995039939880371
13.009699821472168
-0.4696879982948303
12.46090030670166
-0.33987098932266235
11.912099838256836
-0.21005499362945557
11.363200187683105
-0.08023860305547714
10.814399719238281
0.04957770183682442
10.265600204467773
0.17939400672912598
9.716779708862305
0.30921000242233276
9.167969703674316
0.43902701139450073
8.619150161743164
0.5688430070877075
8.070329666137695
0.6986590027809143
7.521520137786865
0.8284760117530823
6.972700119018555
0.9582920074462891
6.423880100250244
1.0881099700927734
5.875060081481934
1.217919945716858
5.326250076293945
1.3477400541305542
4.777430057525635
1.477560043334961
4.228610038757324
1.6073700189590454
3.679800033569336
1.7371900081634521
3.1309800148010254
1.8670099973678589
2.582159996032715
1.9968199729919434
