-1.4181599617004395
7.762320041656494
-1.739959955215454
7.306379795074463
-2.0617599487304688
6.85044002532959
-2.3835599422454834
6.394509792327881
-2.7053699493408203
5.938570022583008
-3.027169942855835
5.482629776000977
-3.3489699363708496
5.0266900062561035
-3.6707699298858643
4.5707597732543945
-3.992569923400879
4.1148200035095215
-4.314370155334473
3.6588799953460693
-4.636169910430908
3.2029500007629395
-4.957970142364502
2.7470099925994873
-5.27977991104126
2.291069984436035
-5.6015801429748535
1.835129976272583
-5.923379898071289
1.3791999816894531
-6.245180130004883
0.9232580065727234
-6.566979885101318
0.4673199951648712
-6.888780117034912
0.011382999829947948
-7.210579872131348
-0.44455400109291077
-7.532390117645264
-0.9004920125007629
-7.854189872741699
-1.3564300537109375
-8.175990104675293
-1.8123699426651
-8.497790336608887
-2.2683000564575195
-8.819589614868164
-2.7242400646209717
-9.141389846801758
-3.180180072784424
-9.463190078735352
-3.636120080947876
-9.78499984741211
-4.092050075531006
-10.106800079345703
-4.547989845275879
-10.428600311279297
-5.00393009185791
-10.750399589538574
-5.459869861602783
-11.072199821472168
-5.915800094604492
-11.394000053405762
-6.371739864349365
-11.715800285339355
-6.8276801109313965
-12.037599563598633
-7.2836198806762695
-12.359399795532227
-7.7395501136779785
-12.68120002746582
-8.195489883422852
-13.003000259399414
-8.651430130004883
-13.324799537658691
-9.107370376586914
-13.646599769592285
-9.563300132751465
-13.968400001525879
-10.019200325012207
-14.290200233459473
-10.475199699401855
-14.612000465393066
-10.931099891662598
-14.933799743652344
-11.387100219726562
-15.255599975585938
-11.843000411987305
-15.577400207519531
-12.29889965057373
-15.899200439453125
-12.754899978637695
-16.22100067138672
-13.210800170898438
-16.542800903320312
-13.66670036315918
-16.864599227905273
-14.122699737548828
-17.186399459838867
-14.57859992980957
