-15.4306001663208
-6.510210037231445
-15.321000099182129
-5.958950042724609
-15.211400032043457
-5.407700061798096
-15.101799964904785
-4.85644006729126
-14.992199897766113
-4.305190086364746
-14.882499694824219
-3.75393009185791
-14.772899627685547
-3.2026801109313965
-14.663299560546875
-2.6514201164245605
-14.55370044708252
-2.1001698970794678
-14.444100379943848
-1.5489100217819214
-14.334500312805176
-0.9976590275764465
-14.224900245666504
-0.44640401005744934
-14.115300178527832
0.10485100001096725
-14.00570011138916
0.6561070084571838
-13.896100044250488
1.207360029220581
-13.786499977111816
1.758620023727417
-13.676899909973145
2.3098700046539307
-13.567299842834473
2.8611299991607666
-13.4576997756958
3.4123799800872803
-13.348099708557129
3.963639974594116
-13.238499641418457
4.514890193939209
-13.128899574279785
5.066150188446045
-13.01930046081543
5.617400169372559
-12.909700393676758
6.1686601638793945
-12.800100326538086
6.719910144805908
-12.690500259399414
7.271170139312744
-12.580900192260742
7.822420120239258
-12.471199989318848
8.373680114746094
