11.921699523925781
6.445069789886475
11.497699737548828
6.819570064544678
11.073800086975098
7.1940598487854
10.649800300598145
7.568550109863281
10.225899696350098
7.943049907684326
9.801910400390625
8.317540168762207
9.377949714660645
8.69202995300293
8.954000473022461
9.066530227661133
8.53003978729248
9.441020011901855
8.106080055236816
9.815509796142578
7.682119846343994
10.1899995803833
7.258170127868652
10.564499855041504
6.83420991897583
10.939000129699707
6.410250186920166
11.31350040435791
5.986299991607666
11.687999725341797
5.562339782714844
12.0625
5.13838005065918
12.437000274658203
4.714419841766357
12.81149959564209
4.290470123291016
13.185999870300293
3.8665099143981934
13.560400009155273
3.44254994392395
13.934900283813477
3.0185999870300293
14.309399604797363
2.594640016555786
14.683899879455566
2.170680046081543
15.05840015411377
1.7467199563980103
15.432900428771973
1.3227699995040894
15.80739974975586
0.8988109827041626
16.181900024414062
0.4748539924621582
16.556400299072266
0.050896499305963516
16.93090057373047
-0.37306100130081177
17.305400848388672
-0.7970179915428162
17.679899215698242
-1.2209700345993042
18.054399490356445
-1.6449300050735474
18.42889976501465
-2.06889009475708
18.80340003967285
-2.4928500652313232
19.177799224853516
-2.916800022125244
19.55229949951172
