4.934840202331543
19.199899673461914
4.883090019226074
18.636699676513672
4.831349849700928
18.073400497436523
4.779600143432617
17.51020050048828
4.727849960327148
16.9468994140625
4.676109790802002
16.383699417114258
4.624360084533691
15.82040023803711
4.572619915008545
15.257100105285645
4.520870208740234
14.693900108337402
4.469130039215088
14.130599975585938
4.417379856109619
13.567399978637695
4.365630149841309
13.00409984588623
4.313889980316162
12.440899848937988
4.262139797210693
11.877599716186523
4.210400104522705
11.314399719238281
4.158649921417236
10.751099586486816
4.106910228729248
10.187899589538574
4.055160045623779
9.624629974365234
4.0034098625183105
9.061380386352539
3.951669931411743
8.498129844665527
3.8999199867248535
7.934869766235352
3.848180055618286
7.371620178222656
3.7964301109313965
6.808370113372803
3.74468994140625
6.245120048522949
3.6929399967193604
5.681869983673096
3.6411900520324707
5.11860990524292
3.589449882507324
4.555359840393066
3.5376999378204346
3.992110013961792
3.485960006713867
3.4288599491119385
3.4342100620269775
2.865609884262085
3.382469892501831
2.3023600578308105
3.3307199478149414
1.7390999794006348
3.2789700031280518
1.1758500337600708
3.2272300720214844
0.6126009821891785
3.1754798889160156
0.04934899881482124
3.1237399578094482
-0.513903021812439
3.0719900131225586
-1.0771499872207642
3.020250082015991
-1.6404099464416504
2.9684998989105225
-2.203660011291504
2.916749954223633
-2.7669100761413574
2.8650100231170654
-3.330159902572632
2.813260078430176
-3.8934099674224854
2.7615199089050293
-4.456669807434082
2.7097699642181396
-5.0199198722839355
2.6580300331115723
-5.583169937133789
2.6062800884246826
-6.146420001983643
2.554529905319214
-6.709670066833496
2.5027899742126465
-7.27292013168335
2.451040029525757
-7.836180210113525
2.3993000984191895
-8.399430274963379
2.3475499153137207
-8.962679862976074
2.2958099842071533
-9.525930404663086
2.2440600395202637
-10.089200019836426
