-3.199889898300171
-3.629470109939575
-3.659630060195923
-3.302570104598999
-4.119369983673096
-2.9756600856781006
-4.579110145568848
-2.6487600803375244
-5.038859844207764
-2.321850061416626
-5.498600006103516
-1.9949500560760498
-5.958340167999268
-1.6680400371551514
-6.418089866638184
-1.3411400318145752
-6.8778300285339355
-1.0142300128936768
-7.3375701904296875
-0.6873279809951782
-7.797309875488281
-0.3604229986667633
-8.257060050964355
-0.03351829946041107
-8.71679973602295
0.2933860123157501
-9.17654037475586
0.620290994644165
-9.636289596557617
0.9471960067749023
-10.095999717712402
1.2740999460220337
-10.555800437927246
1.6010099649429321
-11.01550006866455
1.9279099702835083
-11.475299835205078
2.2548201084136963
-11.9350004196167
2.5817201137542725
-12.394700050354004
2.9086201190948486
-12.854499816894531
3.235529899597168
-13.314200401306152
3.562429904937744
-13.77400016784668
3.8893399238586426
-14.233699798583984
4.216239929199219
-14.693499565124512
4.543149948120117
-15.153200149536133
4.870049953460693
-15.612899780273438
5.196959972381592
-16.07270050048828
5.523859977722168
-16.532400131225586
5.850769996643066
-16.99220085144043
6.177670001983643
-17.451900482177734
6.504580020904541
-17.911699295043945
6.831480026245117
