12.392800331115723
-6.6789398193359375
12.043700218200684
-6.242770195007324
11.694600105285645
-5.8065900802612305
11.345499992370605
-5.370419979095459
10.996399879455566
-4.9342498779296875
10.64739990234375
-4.498079776763916
10.298299789428711
-4.061910152435303
9.949190139770508
-3.6257400512695312
9.600099563598633
-3.1895699501037598
9.251009941101074
-2.7534000873565674
8.90192985534668
-2.317229986190796
8.552840232849121
-1.881060004234314
8.203749656677246
-1.444890022277832
7.85467004776001
-1.00872004032135
7.505579948425293
-0.5725449919700623
7.156489849090576
-0.13637499511241913
6.807409763336182
0.2997959852218628
6.458320140838623
0.7359669804573059
6.109230041503906
1.1721400022506714
5.760149955749512
1.6083099842071533
5.411059856414795
2.044480085372925
5.061970233917236
2.480649948120117
4.712890148162842
2.9168200492858887
4.363800048828125
3.352989912033081
4.014709949493408
3.7891600131988525
3.6656301021575928
4.225329875946045
3.316540002822876
4.661499977111816
2.967449903488159
5.097670078277588
2.6183700561523438
5.533850193023682
2.269279956817627
5.970019817352295
1.9201899766921997
6.406189918518066
1.5711100101470947
6.842360019683838
1.2220200300216675
7.278530120849609
0.8729329705238342
7.714700222015381
0.5238459706306458
8.150870323181152
0.17475900053977966
8.587039947509766
-0.17432700097560883
9.023209571838379
-0.5234140157699585
9.459380149841309
-0.872501015663147
9.895549774169922
-1.2215900421142578
10.331700325012207
-1.5706700086593628
10.767900466918945
-1.91975998878479
11.204099655151367
-2.268850088119507
11.640199661254883
-2.6179299354553223
12.076399803161621
-2.967020034790039
12.51259994506836
-3.3161098957061768
12.948699951171875
-3.6651899814605713
13.384900093078613
-4.014279842376709
13.821100234985352
-4.363369941711426
14.25730037689209
-4.71245002746582
14.693400382995605
-5.061540126800537
15.129599571228027
-5.410630226135254
15.565799713134766
-5.75970983505249
16.00189971923828
-6.108799934387207
16.438100814819336
-6.457890033721924
16.874300003051758
-6.806970119476318
17.31049919128418
