17.202999114990234
-18.651599884033203
16.69070053100586
-18.41670036315918
16.17840003967285
-18.181800842285156
15.666199684143066
-17.9468994140625
15.153900146484375
-17.711999893188477
14.64169979095459
-17.477100372314453
14.129400253295898
-17.24220085144043
13.617199897766113
-17.007299423217773
13.104900360107422
-16.77239990234375
12.592599868774414
-16.537500381469727
12.080400466918945
-16.302600860595703
11.568099975585938
-16.06760025024414
11.055899620056152
-15.8326997756958
10.543600082397461
-15.597800254821777
10.031399726867676
-15.362899780273438
9.519109725952148
-15.128000259399414
9.006850242614746
-14.893099784851074
8.494589805603027
-14.65820026397705
7.982329845428467
-14.423299789428711
7.4700798988342285
-14.188400268554688
6.957819938659668
-13.953499794006348
6.445559978485107
-13.718600273132324
5.933310031890869
-13.483699798583984
5.421050071716309
-13.248800277709961
4.908790111541748
-13.013899803161621
4.39654016494751
-12.779000282287598
3.88427996635437
-12.543999671936035
3.3720200061798096
-12.309100151062012
2.859760046005249
-12.074199676513672
2.3475100994110107
-11.839300155639648
1.8352500200271606
-11.604399681091309
1.3229899406433105
-11.369500160217285
0.8107360005378723
-11.134599685668945
0.29847899079322815
-10.899700164794922
-0.21377800405025482
-10.664799690246582
-0.7260349988937378
-10.429900169372559
-1.2382899522781372
-10.194999694824219
-1.7505500316619873
-9.96006965637207
-2.262809991836548
-9.725159645080566
-2.775059938430786
-9.490260124206543
-3.2873198986053467
-9.255350112915039
-3.7995800971984863
-9.020440101623535
-4.311830043792725
-8.785539627075195
-4.824090003967285
-8.550629615783691
-5.336349964141846
-8.315719604492188
-5.848609924316406
-8.080820083618164
-6.3608598709106445
-7.84591007232666
-6.873119831085205
-7.611000061035156
-7.385379791259766
-7.376100063323975
-7.897630214691162
-7.141190052032471
-8.409890174865723
-6.906280040740967
-8.922149658203125
-6.671380043029785
-9.434399604797363
-6.436470031738281
-9.946660041809082
-6.201560020446777
-10.458900451660156
-5.966660022735596
-10.971199989318848
-5.731750011444092
-11.483400344848633
-5.496840000152588
