7.727399826049805
-16.31839942932129
7.221700191497803
-16.08810043334961
6.716000080108643
-15.857799530029297
6.210299968719482
-15.627599716186523
5.70458984375
-15.397299766540527
5.198890209197998
-15.166999816894531
4.693190097808838
-14.936699867248535
4.1874799728393555
-14.706399917602539
3.6817800998687744
-14.476200103759766
3.1760799884796143
-14.24590015411377
2.670380115509033
-14.015600204467773
2.164669990539551
-13.785300254821777
1.6589699983596802
-13.555000305175781
1.1532700061798096
-13.324799537658691
0.6475650072097778
-13.094499588012695
0.14186200499534607
-12.8641996383667
-0.3638400137424469
-12.633899688720703
-0.8695430159568787
-12.403599739074707
-1.375249981880188
-12.173399925231934
-1.8809499740600586
-11.943099975585938
-2.3866500854492188
-11.712800025939941
-2.8923499584198
-11.482500076293945
-3.3980600833892822
-11.25220012664795
-3.9037599563598633
-11.022000312805176
-4.409460067749023
-10.79170036315918
-4.915160179138184
-10.561400413513184
-5.420869827270508
-10.331100463867188
-5.926569938659668
-10.100799560546875
-6.432270050048828
-9.870559692382812
-6.9379801750183105
-9.640279769897461
-7.4436798095703125
-9.40999984741211
-7.949379920959473
-9.179719924926758
-8.455080032348633
-8.949440002441406
-8.960789680480957
-8.719160079956055
-9.466489791870117
-8.488880157470703
-9.972189903259277
-8.258600234985352
-10.477899551391602
-8.0283203125
-10.983599662780762
-7.79803991317749
-11.489299774169922
-7.567759990692139
-11.994999885559082
-7.337470054626465
-12.500699996948242
-7.107190132141113
-13.006400108337402
-6.876910209655762
-13.512100219726562
-6.646629810333252
-14.017800331115723
-6.4163498878479
-14.523500442504883
-6.186069965362549
-15.029199600219727
-5.955790042877197
-15.534899711608887
-5.725510120391846
-16.040599822998047
-5.495230197906494
-16.546300888061523
-5.264949798583984
-17.052000045776367
-5.034669876098633
-17.55769920349121
-4.804389953613281
