10.078499794006348
-7.242350101470947
10.420100212097168
-7.663129806518555
10.76159954071045
-8.08390998840332
11.10319995880127
-8.504690170288086
11.444700241088867
-8.925470352172852
11.786199569702148
-9.346260070800781
12.127799987792969
-9.767040252685547
12.469300270080566
-10.187800407409668
12.81089973449707
-10.608599662780762
13.152400016784668
-11.029399871826172
13.494000434875488
-11.450200080871582
13.83549976348877
-11.87090015411377
14.17710018157959
-12.29170036315918
14.518600463867188
-12.712499618530273
