-9.314749717712402
18.644500732421875
-9.21664047241211
18.092500686645508
-9.11851978302002
17.54050064086914
-9.02040958404541
16.988399505615234
-8.922300338745117
16.436399459838867
-8.824179649353027
15.884400367736816
-8.726070404052734
15.332300186157227
-8.627960205078125
14.78030014038086
-8.529850006103516
14.22819995880127
-8.431730270385742
13.676199913024902
-8.333620071411133
13.124199867248535
-8.235509872436523
12.572099685668945
-8.137399673461914
12.020099639892578
-8.03927993774414
11.468099594116211
-7.9411702156066895
10.916000366210938
-7.84306001663208
10.36400032043457
-7.744949817657471
9.81194019317627
-7.646830081939697
9.259900093078613
-7.548719882965088
8.707859992980957
-7.450610160827637
8.155830383300781
-7.352499961853027
7.603789806365967
-7.254380226135254
7.051750183105469
-7.1562700271606445
6.4997100830078125
-7.058159828186035
5.9476799964904785
-6.960050106048584
5.395639896392822
-6.861929893493652
4.843599796295166
-6.763820171356201
4.291560173034668
-6.665709972381592
3.739530086517334
-6.567599773406982
3.1874899864196777
-6.469480037689209
2.6354498863220215
-6.3713698387146
2.0834100246429443
-6.273260116577148
1.5313800573349
-6.175139904022217
0.9793379902839661
-6.077030181884766
0.42730000615119934
-5.978919982910156
-0.12473700195550919
-5.880809783935547
-0.6767749786376953
-5.782690048217773
-1.2288099527359009
-5.684579849243164
-1.7808500528335571
-5.586470127105713
-2.332890033721924
-5.4883599281311035
-2.884929895401001
-5.39024019241333
-3.436959981918335
-5.292129993438721
-3.989000082015991
-5.194019794464111
-4.541039943695068
-5.09591007232666
-5.093080043792725
-4.9977898597717285
-5.645110130310059
-4.899680137634277
-6.197150230407715
-4.801569938659668
-6.749189853668213
-4.703460216522217
-7.301229953765869
-4.605340003967285
-7.853260040283203
-4.507229804992676
-8.40530014038086
-4.409120082855225
-8.957340240478516
-4.311009883880615
-9.509380340576172
-4.212890148162842
-10.061400413513184
-4.114779949188232
-10.613499641418457
-4.016670227050781
-11.165499687194824
-3.9185500144958496
-11.717499732971191
-3.8204400539398193
-12.269599914550781
-3.722330093383789
-12.821599960327148
-3.6242198944091797
-13.373600006103516
-3.526099920272827
-13.925700187683105
-3.427989959716797
-14.477700233459473
-3.3298799991607666
-15.029800415039062
-3.2317700386047363
-15.58180046081543
-3.133650064468384
-16.133800506591797
-3.0355401039123535
-16.68589973449707
