8.817049980163574
16.15169906616211
8.631400108337402
15.61989974975586
8.445759773254395
15.088199615478516
8.260109901428223
14.556500434875488
8.074469566345215
14.024700164794922
7.888820171356201
13.493000030517578
7.703169822692871
12.961299896240234
7.5175299644470215
12.429499626159668
7.33188009262085
11.89780044555664
7.146230220794678
11.366100311279297
6.96058988571167
10.83430004119873
6.774940013885498
10.302599906921387
6.589300155639648
9.770870208740234
6.403649806976318
9.239139556884766
6.2179999351501465
8.707409858703613
6.032360076904297
8.17566967010498
5.846710205078125
7.643939971923828
5.661059856414795
7.112209796905518
5.475419998168945
6.580480098724365
5.289770126342773
6.048739910125732
5.104129791259766
5.51701021194458
4.918479919433594
4.9852800369262695
4.732830047607422
4.453539848327637
4.547190189361572
3.9218099117279053
4.361539840698242
3.390079975128174
4.17588996887207
2.8583500385284424
3.9902501106262207
2.3266100883483887
3.8046000003814697
1.7948800325393677
3.6189498901367188
1.2631499767303467
3.433310031890869
0.7314149737358093
3.247659921646118
0.19968299567699432
3.0620200634002686
-0.33204999566078186
2.8763699531555176
-0.8637830018997192
2.6907200813293457
-1.3955199718475342
2.505079984664917
-1.9272500276565552
2.319430112838745
-2.458980083465576
2.133780002593994
-2.9907100200653076
1.948140025138855
-3.5224499702453613
1.7624900341033936
-4.054180145263672
1.5768500566482544
-4.585909843444824
1.3911999464035034
-5.117640018463135
1.205549955368042
-5.649380207061768
1.0199099779129028
-6.18110990524292
0.8342610001564026
-6.7128400802612305
0.6486139893531799
-7.244579792022705
0.46296799182891846
-7.776309967041016
0.277321994304657
-8.308039665222168
0.09167560189962387
-8.839770317077637
-0.09397070109844208
-9.371509552001953
-0.2796170115470886
-9.903240203857422
-0.4652630090713501
-10.4350004196167
-0.6509100198745728
-10.966699600219727
-0.8365560173988342
-11.49839973449707
-1.0221999883651733
-12.030200004577637
-1.2078499794006348
-12.56190013885498
-1.393489956855774
-13.093600273132324
-1.5791399478912354
-13.625399589538574
-1.7647900581359863
-14.157099723815918
-1.9504300355911255
-14.688799858093262
-2.136080026626587
-15.220600128173828
