-0.3525660037994385
-14.931400299072266
-0.19628499448299408
-14.3951997756958
-0.04000470042228699
-13.859000205993652
0.11627600342035294
-13.32289981842041
0.27255600690841675
-12.786700248718262
0.42883700132369995
-12.250499725341797
0.585116982460022
-11.714400291442871
0.7413979768753052
-11.178199768066406
0.897678017616272
-10.642000198364258
1.0539599657058716
-10.105799674987793
1.2102400064468384
-9.569680213928223
1.3665200471878052
-9.033510208129883
1.5227999687194824
-8.497340202331543
1.6790800094604492
-7.961170196533203
1.835360050201416
-7.425000190734863
1.9916399717330933
-6.888830184936523
2.1479198932647705
-6.352660179138184
2.3041999340057373
-5.816490173339844
2.460479974746704
-5.280310153961182
2.616760015487671
-4.744140148162842
2.7730400562286377
-4.207970142364502
2.9293301105499268
-3.671799898147583
3.0856099128723145
-3.135629892349243
3.2418899536132812
-2.5994598865509033
3.398169994354248
-2.0632901191711426
3.554450035095215
-1.5271199941635132
3.7107300758361816
-0.9909520149230957
3.8670101165771484
-0.45478200912475586
4.023290157318115
0.08138860017061234
4.179570198059082
0.617559015750885
4.335849761962891
1.153730034828186
4.492129802703857
1.6899000406265259
4.648409843444824
2.226069927215576
4.804689884185791
2.762239933013916
4.960969924926758
3.298409938812256
5.117249965667725
3.8345799446105957
5.273530006408691
4.3707499504089355
5.429810047149658
4.906919956207275
5.586090087890625
5.443089962005615
5.742370128631592
5.979259967803955
5.898650169372559
6.515429973602295
6.054940223693848
7.051599979400635
6.211219787597656
7.587769985198975
6.367499828338623
8.123940467834473
6.52377986907959
8.660110473632812
