16.166099548339844
-11.912300109863281
15.645999908447266
-11.718799591064453
15.125900268554688
-11.525300025939941
14.605799674987793
-11.33180046081543
14.085700035095215
-11.138199806213379
13.565600395202637
-10.944700241088867
13.045499801635742
-10.751199722290039
12.525400161743164
-10.557700157165527
12.00529956817627
-10.3641996383667
11.485199928283691
-10.170700073242188
10.965100288391113
-9.977160453796387
10.444999694824219
-9.783639907836914
9.924850463867188
-9.590129852294922
9.404749870300293
-9.396610260009766
8.884650230407715
-9.203100204467773
8.36454963684082
-9.0095796585083
7.844449996948242
-8.816069602966309
7.324349880218506
-8.622550010681152
6.8042497634887695
-8.42903995513916
6.284150123596191
-8.235520362854004
5.764039993286133
-8.042010307312012
5.2439398765563965
-7.848490238189697
4.723840236663818
-7.654980182647705
4.203740119934082
-7.461460113525391
3.6836400032043457
-7.267950057983398
3.1635398864746094
-7.074429988861084
2.643440008163452
-6.880919933319092
2.123339891433716
-6.687399864196777
1.6032299995422363
-6.493889808654785
1.0831300020217896
-6.300370216369629
0.5630319714546204
-6.106860160827637
0.042930301278829575
-5.913340091705322
-0.47717100381851196
-5.71983003616333
-0.9972720146179199
-5.526309967041016
-1.5173699855804443
-5.332799911499023
-2.0374701023101807
-5.139279842376709
-2.55757999420166
-4.945769786834717
-3.0776801109313965
-4.7522501945495605
-3.5977799892425537
-4.558740139007568
-4.117879867553711
-4.365220069885254
-4.637979984283447
-4.171710014343262
-5.158080101013184
-3.9781899452209473
-5.67818021774292
-3.784679889678955
-6.198279857635498
-3.5911600589752197
-6.718389987945557
-3.3976399898529053
-7.238490104675293
-3.204129934310913
-7.758590221405029
-3.0106101036071777
-8.278690338134766
-2.8171000480651855
-8.798789978027344
-2.623579978942871
-9.318889617919922
-2.430069923400879
-9.838990211486816
-2.2365500926971436
-10.359100341796875
-2.0430400371551514
