2.755229949951172
-4.255589962005615
3.17221999168396
-4.598189830780029
3.589210033416748
-4.940800189971924
4.006199836730957
-5.283400058746338
4.423190116882324
-5.625999927520752
4.8401899337768555
-5.968609809875488
5.257180213928223
-6.3112101554870605
5.674170017242432
-6.653810024261475
6.091159820556641
-6.996419906616211
6.50816011428833
-7.339019775390625
6.925149917602539
-7.681620121002197
7.342140197753906
-8.024230003356934
7.759130001068115
-8.366829872131348
8.176119804382324
-8.709429740905762
8.593119621276855
-9.052040100097656
9.010109901428223
-9.39463996887207
9.42710018157959
-9.737239837646484
9.844090461730957
-10.07979965209961
10.261099815368652
-10.42240047454834
