16.136999130249023
-7.15949010848999
16.19029998779297
-6.610499858856201
16.243600845336914
-6.061500072479248
16.296899795532227
-5.512509822845459
16.350200653076172
-4.963520050048828
16.403600692749023
-4.414529800415039
16.456899642944336
-3.865530014038086
16.51020050048828
-3.316540002822876
16.563499450683594
-2.767549991607666
16.61680030822754
-2.218549966812134
16.67009925842285
-1.6695599555969238
16.723499298095703
-1.1205699443817139
16.77680015563965
-0.5715749859809875
16.83009910583496
-0.022582100704312325
16.883399963378906
0.5264109969139099
16.93670082092285
1.0753999948501587
16.989999771118164
1.624400019645691
17.043399810791016
2.1733899116516113
17.09670066833496
2.7223799228668213
17.149999618530273
3.2713799476623535
17.20330047607422
3.8203699588775635
17.25659942626953
4.369359970092773
17.309900283813477
4.9183502197265625
17.363300323486328
5.467350006103516
17.41659927368164
6.0163397789001465
17.469900131225586
6.5653300285339355
17.5231990814209
7.114329814910889
17.576499938964844
7.663320064544678
17.62980079650879
8.212309837341309
17.68320083618164
8.761300086975098
17.736499786376953
9.31029987335205
17.7898006439209
9.85929012298584
17.84309959411621
10.408300399780273
17.896400451660156
10.957300186157227
17.94969940185547
11.50629997253418
18.00309944152832
12.055299758911133
18.056400299072266
12.604299545288086
18.109699249267578
13.153200149536133
18.163000106811523
13.702199935913086
