-3.4380600452423096
-2.9738500118255615
-2.967010021209717
-2.661489963531494
-2.495959997177124
-2.3491199016571045
-2.0249099731445312
-2.036760091781616
-1.5538599491119385
-1.7243900299072266
-1.0828100442886353
-1.4120299816131592
-0.6117600202560425
-1.099660038948059
-0.1407099962234497
-0.7872999906539917
0.3303399980068207
-0.47493600845336914
0.8013889789581299
-0.1625709980726242
1.272439956665039
0.14979299902915955
1.7434899806976318
0.4621570110321045
2.2145400047302246
0.7745220065116882
2.6855900287628174
1.0868899822235107
3.15664005279541
1.3992500305175781
3.627690076828003
1.711609959602356
4.098740100860596
2.023979902267456
4.569789886474609
2.3363399505615234
5.040840148925781
2.648710012435913
5.511879920959473
2.9610700607299805
5.9829301834106445
3.273439884185791
6.453979969024658
3.5857999324798584
6.92503023147583
3.898159980773926
7.396080017089844
4.210529804229736
7.867129802703857
4.522890090942383
8.338179588317871
4.835259914398193
8.809229850769043
5.14762020111084
9.280280113220215
5.45999002456665
9.751330375671387
5.772349834442139
10.222399711608887
6.084710121154785
10.693400382995605
6.397079944610596
11.16450023651123
6.709440231323242
11.635499954223633
7.021810054779053
12.106599807739258
7.334169864654541
12.57759952545166
7.64654016494751
13.048700332641602
7.958899974822998
13.519700050354004
8.271269798278809
13.990799903869629
8.583629608154297
14.461799621582031
8.895990371704102
14.932900428771973
9.208359718322754
15.403900146484375
9.520719528198242
15.875
9.833089828491211
16.34600067138672
10.145500183105469
16.817100524902344
10.457799911499023
17.28809928894043
10.7701997756958
