-18.017799377441406
-14.184200286865234
-17.460800170898438
-14.152000427246094
-16.90369987487793
-14.119799613952637
-16.34670066833496
-14.087699890136719
-15.789600372314453
-14.055500030517578
-15.232600212097168
-14.023300170898438
-14.67549991607666
-13.99120044708252
-14.118499755859375
-13.958999633789062
-13.56149959564209
-13.926799774169922
-13.004400253295898
-13.894599914550781
-12.447400093078613
-13.862500190734863
-11.890299797058105
-13.830300331115723
-11.33329963684082
-13.798100471496582
-10.776200294494629
-13.765999794006348
-10.219200134277344
-13.733799934387207
-9.66211986541748
-13.701600074768066
-9.105070114135742
-13.669500350952148
-8.548029899597168
-13.637299537658691
-7.99098014831543
-13.60509967803955
-7.433929920196533
-13.572999954223633
-6.876890182495117
-13.540800094604492
-6.319839954376221
-13.508600234985352
-5.762790203094482
-13.476499557495117
-5.205739974975586
-13.444299697875977
-4.64870023727417
-13.412099838256836
-4.091650009155273
-13.379899978637695
-3.534600019454956
-13.347800254821777
-2.9775500297546387
-13.315600395202637
-2.4205100536346436
-13.28339958190918
-1.8634599447250366
-13.251299858093262
-1.3064099550247192
-13.219099998474121
-0.7493630051612854
-13.18690013885498
-0.1923159956932068
-13.154800415039062
0.3647310137748718
-13.122599601745605
0.9217789769172668
-13.090399742126465
1.4788299798965454
-13.058300018310547
2.03587007522583
-13.026100158691406
2.5929200649261475
-12.993900299072266
3.149970054626465
-12.961700439453125
3.7070200443267822
-12.92959976196289
4.264060020446777
-12.89739990234375
4.821109771728516
-12.86520004272461
5.378159999847412
-12.833100318908691
5.935210227966309
-12.80090045928955
6.492249965667725
-12.768699645996094
7.049300193786621
-12.736599922180176
7.606349945068359
-12.704400062561035
8.163399696350098
-12.672200202941895
8.720439910888672
-12.64009952545166
9.27748966217041
-12.60789966583252
9.834540367126465
-12.575699806213379
10.391599655151367
-12.543499946594238
10.948599815368652
-12.51140022277832
11.50570011138916
-12.47920036315918
12.062700271606445
-12.446999549865723
12.619799613952637
-12.414899826049805
13.176799774169922
-12.382699966430664
13.73390007019043
-12.350500106811523
14.290900230407715
-12.318400382995605
14.847999572753906
-12.286199569702148
15.404999732971191
-12.253999710083008
15.9621000289917
-12.22189998626709
16.519100189208984
-12.18970012664795
17.076200485229492
-12.157500267028809
17.63319969177246
-12.125300407409668
