-10.395899772644043
-15.552200317382812
-10.01360034942627
-15.147100448608398
-9.631290435791016
-14.74209976196289
-9.248970031738281
-14.336999893188477
-8.866660118103027
-13.931900024414062
-8.484339714050293
-13.526800155639648
-8.102029800415039
-13.121800422668457
-7.719709873199463
-12.716699600219727
-7.337399959564209
-12.311599731445312
-6.955080032348633
-11.906599998474121
-6.572770118713379
-11.501500129699707
-6.190450191497803
-11.096400260925293
-5.808139801025391
-10.691300392150879
-5.4258198738098145
-10.286299705505371
-5.0435099601745605
-9.881190299987793
-4.661190032958984
-9.476110458374023
-4.2788801193237305
-9.071040153503418
-3.896559953689575
-8.665969848632812
-3.5142500400543213
-8.260899543762207
-3.131930112838745
-7.855820178985596
-2.749619960784912
-7.45074987411499
-2.367300033569336
-7.045680046081543
-1.9849900007247925
-6.640600204467773
-1.6026699542999268
-6.235529899597168
-1.2203600406646729
-5.830460071563721
-0.8380429744720459
-5.425389766693115
-0.4557279944419861
-5.020309925079346
-0.07341329753398895
-4.615240097045898
0.30890199542045593
-4.210169792175293
0.6912170052528381
-3.8050899505615234
1.0735299587249756
-3.400019884109497
1.4558500051498413
-2.99495005607605
1.8381600379943848
-2.5898799896240234
2.220479965209961
-2.184799909591675
2.602790117263794
-1.779729962348938
2.98511004447937
-1.3746600151062012
3.367419958114624
-0.9695839881896973
3.7497398853302
-0.5645120143890381
4.132050037384033
-0.15943899750709534
4.514369964599609
0.24563400447368622
4.896679878234863
0.6507070064544678
5.2789998054504395
1.055780053138733
5.661310195922852
1.4608500003814697
6.043630123138428
1.8659299612045288
6.425940036773682
2.2709999084472656
6.808259963989258
2.676069974899292
7.190569877624512
3.0811400413513184
7.572889804840088
3.486219882965088
7.9552001953125
3.8912899494171143
8.337519645690918
4.296360015869141
8.719829559326172
4.70143985748291
9.102149963378906
5.106510162353516
9.48445987701416
5.511579990386963
9.866780281066895
5.91664981842041
10.249099731445312
6.321730136871338
10.631400108337402
6.726799964904785
11.013699531555176
7.131869792938232
11.395999908447266
7.53695011138916
11.778400421142578
7.942019939422607
12.160699844360352
8.347089767456055
12.543000221252441
8.75216007232666
12.925299644470215
9.15723991394043
13.307600021362305
9.562310218811035
13.689900398254395
9.967379570007324
