-7.154789924621582
14.17389965057373
-7.70320987701416
14.041799545288086
-8.251629829406738
13.909700393676758
-8.800049781799316
13.777600288391113
-9.348469734191895
13.645500183105469
-9.896889686584473
13.513400077819824
-10.445300102233887
13.38129997253418
-10.99370002746582
13.249199867248535
-11.542099952697754
13.11709976196289
-12.09060001373291
12.984999656677246
-12.638999938964844
12.852899551391602
-13.187399864196777
12.720800399780273
-13.735799789428711
12.588700294494629
-14.284199714660645
12.456600189208984
-14.8326997756958
12.32450008392334
-15.381099700927734
12.192399978637695
-15.929499626159668
12.06029987335205
-16.4778995513916
11.928199768066406
-17.02630043029785
11.796099662780762
-17.574800491333008
11.663999557495117
-18.123199462890625
11.531900405883789
-18.671600341796875
11.399800300598145
-19.219999313354492
11.2677001953125
