-9.374429702758789
-13.58430004119873
-9.060110092163086
-13.119999885559082
-8.745800018310547
-12.655799865722656
-8.431480407714844
-12.19159984588623
-8.117170333862305
-11.727399826049805
-7.802849769592285
-11.263099670410156
-7.488540172576904
-10.79889965057373
-7.174220085144043
-10.334699630737305
-6.859910011291504
-9.870479583740234
-6.545589923858643
-9.406259536743164
-6.2312798500061035
-8.94204044342041
-5.916959762573242
-8.47780990600586
-5.602650165557861
-8.013589859008789
-5.288330078125
-7.549369812011719
-4.974020004272461
-7.085149765014648
-4.6596999168396
-6.620930194854736
-4.3453898429870605
-6.156710147857666
-4.031070232391357
-5.692480087280273
-3.7167599201202393
-5.228260040283203
-3.402440071105957
-4.764039993286133
-3.088129997253418
-4.2998199462890625
-2.7738099098205566
-3.835599899291992
-2.4595000743865967
-3.371380090713501
-2.1451799869537354
-2.9071500301361084
-1.8308700323104858
-2.442929983139038
-1.5165499448776245
-1.9787100553512573
-1.202239990234375
-1.514490008354187
-0.887923002243042
-1.0502699613571167
-0.5736079812049866
-0.5860459804534912
-0.2592940032482147
-0.1218239963054657
0.05502140149474144
0.342397004365921
0.36933600902557373
0.8066189885139465
0.6836509704589844
1.270840048789978
0.9979659914970398
1.7350599765777588
1.3122800588607788
2.199280023574829
1.6266000270843506
2.6635100841522217
1.9409099817276
3.127729892730713
2.255229949951172
3.591949939727783
2.569540023803711
4.0561699867248535
2.8838601112365723
4.520390033721924
3.1981699466705322
4.984610080718994
3.5124900341033936
5.448840141296387
3.8268001079559326
5.913060188293457
4.141119956970215
6.377280235290527
4.455430030822754
6.8414998054504395
4.769750118255615
7.30571985244751
5.084060192108154
7.76993989944458
5.398379802703857
8.234160423278809
5.7126898765563965
8.698390007019043
6.027009963989258
9.162610054016113
6.341320037841797
9.626830101013184
6.655640125274658
10.091099739074707
6.969950199127197
10.555299758911133
7.2842698097229
11.019499778747559
7.5985798835754395
11.483699798583984
7.912899971008301
11.94789981842041
8.22721004486084
12.412199974060059
8.541520118713379
12.876399993896484
