9.15034008026123
19.222299575805664
9.113479614257812
18.65959930419922
9.076629638671875
18.096900939941406
9.039779663085938
17.53420066833496
9.0029296875
16.971500396728516
8.966079711914062
16.40880012512207
8.929229736328125
15.846099853515625
8.892379760742188
15.283300399780273
8.85552978515625
14.720600128173828
8.818679809570312
14.157899856567383
8.781829833984375
13.595199584960938
8.744979858398438
13.032500267028809
8.7081298828125
12.469799995422363
8.671279907226562
11.907099723815918
8.634429931640625
11.344400405883789
8.597570419311523
10.781700134277344
8.560720443725586
10.218999862670898
8.523870468139648
9.656310081481934
8.487019538879395
9.093609809875488
8.450169563293457
8.530909538269043
8.41331958770752
7.968200206756592
8.376469612121582
7.4054999351501465
8.339619636535645
6.842800140380859
8.302769660949707
6.280089855194092
8.26591968536377
5.717390060424805
8.229069709777832
5.154679775238037
8.192219734191895
4.59197998046875
8.155369758605957
4.029280185699463
8.11851978302002
3.4665699005126953
8.081660270690918
2.903870105743408
8.04481029510498
2.341170072555542
8.007960319519043
1.7784600257873535
7.971109867095947
1.2157599925994873
7.93425989151001
0.6530550122261047
7.897409915924072
0.09035170078277588
7.860559940338135
-0.472351998090744
7.823709964752197
-1.0350600481033325
7.78685998916626
-1.5977599620819092
7.750010013580322
-2.1604599952697754
7.713160037994385
-2.723170042037964
7.676310062408447
-3.28587007522583
7.63946008682251
-3.8485701084136963
7.602610111236572
-4.411280155181885
7.5657501220703125
-4.973979949951172
7.528900146484375
-5.536680221557617
7.4920501708984375
-6.099390029907227
7.4552001953125
-6.662089824676514
7.4183502197265625
-7.224800109863281
7.381499767303467
-7.787499904632568
7.344649791717529
-8.350199699401855
