-10.646900177001953
-14.053799629211426
-10.099900245666504
-13.939000129699707
-9.5529203414917
-13.82409954071045
-9.005929946899414
-13.709199905395508
-8.458930015563965
-13.594400405883789
-7.911930084228516
-13.479499816894531
-7.364930152893066
-13.364700317382812
-6.817930221557617
-13.249799728393555
-6.270939826965332
-13.134900093078613
-5.723939895629883
-13.020099639892578
-5.176939964294434
-12.905200004577637
-4.629940032958984
-12.790300369262695
-4.082940101623535
-12.67549991607666
-3.535949945449829
-12.560600280761719
-2.98895001411438
-12.445799827575684
-2.4419500827789307
-12.330900192260742
-1.894950032234192
-12.215999603271484
-1.3479499816894531
-12.101200103759766
-0.8009560108184814
-11.986300468444824
-0.25395798683166504
-11.871500015258789
0.293040007352829
-11.756600379943848
0.840038001537323
-11.64169979095459
1.3870400190353394
-11.526900291442871
1.9340300559997559
-11.411999702453613
2.481029987335205
-11.297200202941895
3.0280299186706543
-11.182299613952637
3.5750300884246826
-11.067399978637695
4.122029781341553
-10.95259952545166
4.669020175933838
-10.837699890136719
5.216020107269287
-10.722900390625
5.763020038604736
-10.607999801635742
6.3100199699401855
-10.4931001663208
6.857019901275635
-10.378299713134766
