-14.146300315856934
-14.8125
-13.62399959564209
-14.603599548339844
-13.101699829101562
-14.394700050354004
-12.579400062561035
-14.185799598693848
-12.057100296020508
-13.976799964904785
-11.534799575805664
-13.767900466918945
-11.012499809265137
-13.559000015258789
-10.49020004272461
-13.350099563598633
-9.967849731445312
-13.141200065612793
-9.445549964904785
-12.93220043182373
-8.923239707946777
-12.723299980163574
-8.40093994140625
-12.514399528503418
-7.878640174865723
-12.305500030517578
-7.356329917907715
-12.096599578857422
-6.8340301513671875
-11.887700080871582
-6.31171989440918
-11.67870044708252
-5.789420127868652
-11.469799995422363
-5.267119884490967
-11.260899543762207
-4.744810104370117
-11.052000045776367
-4.222509860992432
-10.843099594116211
-3.7002100944519043
-10.634099960327148
-3.1779000759124756
-10.425200462341309
-2.655600070953369
-10.216300010681152
-2.1332900524139404
-10.007399559020996
-1.610990047454834
-9.798460006713867
-1.0886900424957275
-9.589539527893066
-0.5663830041885376
-9.380620002746582
-0.04407919943332672
-9.171699523925781
0.4782249927520752
-8.962779998779297
1.0005300045013428
-8.753860473632812
