-2.7278900146484375
-16.992599487304688
-2.646389961242676
-16.437000274658203
-2.5648999214172363
-15.881400108337402
-2.483409881591797
-15.325900077819824
-2.4019200801849365
-14.770299911499023
-2.320430040359497
-14.214699745178223
-2.2389299869537354
-13.659199714660645
-2.157439947128296
-13.103599548339844
-2.0759499073028564
-12.54800033569336
-1.9944599866867065
-11.992500305175781
-1.912969946861267
-11.43690013885498
-1.831470012664795
-10.88129997253418
-1.7499799728393555
-10.325799942016602
-1.6684900522232056
-9.770210266113281
-1.5870000123977661
-9.214639663696289
-1.5055099725723267
-8.659070014953613
-1.4240100383758545
-8.103509902954102
-1.342519998550415
-7.547939777374268
-1.2610299587249756
-6.992380142211914
-1.1795400381088257
-6.43681001663208
-1.0980499982833862
-5.881249904632568
-1.0165499448776245
-5.325679779052734
-0.935060977935791
-4.770110130310059
-0.853568971157074
-4.214550018310547
-0.7720770239830017
-3.658979892730713
-0.6905850172042847
-3.1034200191497803
-0.6090930104255676
-2.5478498935699463
-0.5276010036468506
-1.9922900199890137
-0.44610899686813354
-1.4367200136184692
-0.3646169900894165
-0.8811540007591248
-0.28312501311302185
-0.3255879878997803
-0.2016330063343048
0.22997799515724182
-0.12014099955558777
0.7855430245399475
-0.038648899644613266
1.3411099910736084
0.04284309968352318
1.8966699838638306
0.12433499842882156
2.452239990234375
0.205826997756958
3.007810115814209
0.28731900453567505
3.5633699893951416
0.3688110113143921
4.1189398765563965
0.45030298829078674
4.674499988555908
0.5317950248718262
5.230070114135742
0.6132869720458984
5.785639762878418
0.6947789788246155
6.34119987487793
0.7762709856033325
6.896770000457764
0.8577629923820496
7.452330112457275
0.9392560124397278
8.00790023803711
1.0207500457763672
8.563460350036621
1.102239966392517
9.119029998779297
