-12.989500045776367
9.450790405273438
-12.464200019836426
9.260580062866211
-11.938899993896484
9.07036018371582
-11.41349983215332
8.88014030456543
-10.888199806213379
8.689920425415039
-10.362799644470215
8.499710083007812
-9.837510108947754
8.309490203857422
-9.312179565429688
8.119270324707031
-8.786840438842773
7.929049968719482
-8.261509895324707
7.738830089569092
-7.736169815063477
7.548620223999023
-7.210840225219727
7.358399868011475
-6.685500144958496
7.168179988861084
-6.160170078277588
6.977960109710693
-5.634829998016357
6.787749767303467
-5.109499931335449
6.597529888153076
-4.584159851074219
6.4073100090026855
-4.0588297843933105
6.217090129852295
-3.533489942550659
6.026869773864746
-3.00816011428833
5.836659908294678
-2.4828200340270996
5.646440029144287
-1.9574899673461914
5.4562201499938965
-1.4321500062942505
5.265999794006348
-0.9068189859390259
5.075789928436279
-0.3814840018749237
4.885570049285889
0.14384999871253967
4.695350170135498
0.6691849827766418
4.505129814147949
1.1945199966430664
4.314909934997559
1.7198599576950073
4.12470006942749
2.245189905166626
3.9344799518585205
2.770519971847534
3.74426007270813
3.2958600521087646
3.55403995513916
3.821190118789673
3.363830089569092
4.346529960632324
3.173609972000122
4.871860027313232
2.9833900928497314
5.397200107574463
2.7931699752807617
5.922530174255371
2.602950096130371
6.447869777679443
2.4127399921417236
6.973199844360352
2.222520112991333
7.498539924621582
2.0322999954223633
