7.503640174865723
6.4681901931762695
7.245920181274414
5.980899810791016
6.988190174102783
5.49360990524292
6.730470180511475
5.0063300132751465
6.472750186920166
4.519040107727051
6.215020179748535
4.031750202178955
5.957300186157227
3.5444600582122803
5.699580192565918
3.0571799278259277
5.441850185394287
2.569890022277832
5.1841301918029785
2.0826001167297363
4.92641019821167
1.5953099727630615
4.668680191040039
1.1080199480056763
4.4109601974487305
0.6207370162010193
4.153240203857422
0.1334490031003952
3.895509958267212
-0.3538379967212677
3.6377899646759033
-0.841126024723053
3.3800599575042725
-1.328410029411316
3.122339963912964
-1.8157000541687012
2.8646199703216553
-2.302989959716797
2.6068899631500244
-2.7902801036834717
2.349169969558716
-3.277559995651245
2.0914499759674072
-3.764849901199341
1.8337199687957764
-4.252140045166016
1.5759999752044678
-4.739429950714111
1.3182799816131592
-5.226709842681885
1.0605499744415283
-5.714000225067139
0.8028290271759033
-6.201290130615234
0.5451059937477112
-6.68858003616333
0.28738200664520264
-7.175869941711426
0.02965869940817356
-7.663149833679199
-0.22806499898433685
-8.150440216064453
-0.4857879877090454
-8.63772964477539
