-15.294599533081055
14.478500366210938
-14.794699668884277
14.226799964904785
-14.2947998046875
13.975099563598633
-13.794899940490723
13.723400115966797
-13.295000076293945
13.471599578857422
-12.795100212097168
13.219900131225586
-12.29520034790039
12.968199729919434
-11.795299530029297
12.716500282287598
-11.295499801635742
12.464799880981445
-10.795599937438965
12.213000297546387
-10.295700073242188
11.961299896240234
-9.795760154724121
11.709600448608398
-9.295869827270508
11.457900047302246
-8.79596996307373
11.206199645996094
-8.296070098876953
10.954500198364258
-7.79617977142334
10.702699661254883
-7.2962799072265625
10.451000213623047
-6.796380043029785
10.199299812316895
-6.29649019241333
9.947580337524414
-5.7965898513793945
9.695859909057617
-5.296689987182617
9.4441499710083
-4.796800136566162
9.192429542541504
-4.296899795532227
8.940710067749023
-3.796999931335449
8.688989639282227
-3.297110080718994
8.437270164489746
-2.7972099781036377
8.18556022644043
-2.2973101139068604
7.933839797973633
-1.7974200248718262
7.682119846343994
-1.2975200414657593
7.4303998947143555
-0.7976250052452087
7.178679943084717
-0.2977289855480194
6.9269700050354
0.20216800272464752
6.675250053405762
0.7020639777183533
6.423530101776123
1.2019599676132202
6.171810150146484
1.701859951019287
5.920090198516846
2.2017500400543213
5.668379783630371
2.7016499042510986
5.416659832000732
3.201550006866455
5.164939880371094
3.7014400959014893
4.913219928741455
4.201340198516846
4.661499977111816
4.701240062713623
4.409780025482178
5.201129913330078
4.158070087432861
5.7010297775268555
3.9063498973846436
6.200930118560791
3.654629945755005
