-15.17609977722168
-6.398119926452637
-14.996000289916992
-5.873119831085205
-14.815899848937988
-5.348120212554932
-14.6358003616333
-4.8231201171875
-14.455699920654297
-4.298130035400391
-14.275699615478516
-3.773129940032959
-14.095600128173828
-3.2481300830841064
-13.915499687194824
-2.723140001296997
-13.735400199890137
-2.1981399059295654
-13.555299758911133
-1.673140048980713
-13.375200271606445
-1.1481499671936035
-13.195099830627441
-0.6231510043144226
-13.015000343322754
-0.09815409779548645
-12.83489990234375
0.42684298753738403
-12.654800415039062
0.951839029788971
-12.474699974060059
1.4768400192260742
-12.294599533081055
2.0018301010131836
-12.114500045776367
2.526829957962036
-11.934499740600586
3.0518300533294678
-11.754400253295898
3.576819896697998
-11.574299812316895
4.10181999206543
-11.394200325012207
4.626820087432861
-11.214099884033203
5.151810169219971
-11.034000396728516
5.676809787750244
-10.853899955749512
6.201809883117676
-10.673800468444824
6.726799964904785
-10.49370002746582
7.251800060272217
-10.313599586486816
7.776800155639648
-10.133500099182129
8.301790237426758
-9.953439712524414
8.826789855957031
-9.77334976196289
9.351790428161621
-9.593259811401367
9.876779556274414
-9.413169860839844
10.401800155639648
-9.23307991027832
10.926799774169922
-9.052980422973633
11.451800346374512
-8.87289047241211
11.976799964904785
-8.69279956817627
12.501799583435059
-8.512709617614746
13.026800155639648
-8.332619667053223
13.551799774169922
