11.635600090026855
-17.1924991607666
11.52869987487793
-16.642799377441406
11.421799659729004
-16.09309959411621
11.314900398254395
-15.543299674987793
11.208000183105469
-14.993599891662598
11.10099983215332
-14.443900108337402
10.994099617004395
-13.894200325012207
10.887200355529785
-13.344499588012695
10.78030014038086
-12.794699668884277
10.673299789428711
-12.244999885559082
10.566399574279785
-11.695300102233887
10.459500312805176
-11.145600318908691
10.35260009765625
-10.59589958190918
10.245699882507324
-10.046199798583984
10.138699531555176
-9.496439933776855
10.031800270080566
-8.946720123291016
9.92488956451416
-8.39700984954834
9.817970275878906
-7.8472900390625
9.711050033569336
-7.29757022857666
9.604129791259766
-6.747849941253662
9.497200012207031
-6.1981401443481445
9.390279769897461
-5.6484198570251465
9.28335952758789
-5.098700046539307
9.176440238952637
-4.548980236053467
9.069519996643066
-3.9992599487304688
8.962599754333496
-3.449549913406372
8.855680465698242
-2.8998301029205322
8.748749732971191
-2.3501100540161133
8.641830444335938
-1.8003900051116943
8.534910202026367
-1.2506799697875977
8.427989959716797
-0.7009580135345459
8.321069717407227
-0.1512400060892105
8.214150428771973
0.3984780013561249
8.107219696044922
0.9481949806213379
8.000300407409668
1.4979100227355957
7.893380165100098
2.0476300716400146
7.786459922790527
2.5973498821258545
7.679540157318115
3.1470699310302734
7.572619915008545
3.69677996635437
7.4656901359558105
4.246500015258789
7.35876989364624
4.796219825744629
7.251850128173828
5.345940113067627
7.144929885864258
5.8956499099731445
7.038010120391846
6.445370197296143
6.931089878082275
6.995090007781982
6.824160099029541
7.544809818267822
6.717239856719971
8.09453010559082
6.610320091247559
8.644240379333496
6.503399848937988
9.193960189819336
6.396480083465576
9.743680000305176
6.289559841156006
10.293399810791016
6.1826300621032715
10.843099594116211
6.075709819793701
11.392800331115723
5.968790054321289
11.942500114440918
5.861869812011719
12.492300033569336
