13.759099960327148
-13.133899688720703
13.385899543762207
-12.711899757385254
13.01259994506836
-12.289999961853027
12.639399528503418
-11.8681001663208
12.266200065612793
-11.446100234985352
11.892999649047852
-11.024200439453125
11.519800186157227
-10.602299690246582
11.146499633789062
-10.180299758911133
10.773300170898438
-9.758390426635742
10.400099754333496
-9.33646011352539
10.026900291442871
-8.914529800415039
9.65365982055664
-8.492589950561523
9.280440330505371
-8.070659637451172
8.907219886779785
-7.6487298011779785
8.534000396728516
-7.226789951324463
8.16077995300293
-6.8048601150512695
7.787569999694824
-6.382929801940918
7.4143500328063965
-5.960989952087402
7.041130065917969
-5.539060115814209
6.667910099029541
-5.117129802703857
6.294690132141113
-4.695189952850342
5.9214701652526855
-4.273260116577148
5.548250198364258
-3.851330041885376
5.17503023147583
-3.4293899536132812
4.801809787750244
-3.007460117340088
4.428589820861816
-2.5855300426483154
4.055369853973389
-2.1635899543762207
3.682149887084961
-1.7416599988937378
3.308929920196533
-1.3197300434112549
2.9357099533081055
-0.8977929949760437
2.5624899864196777
-0.47585999965667725
2.18927001953125
-0.053926799446344376
1.8160500526428223
0.36800599098205566
1.442829966545105
0.7899399995803833
1.0696099996566772
1.2118699550628662
0.6963919997215271
1.633810043334961
0.32317298650741577
2.0557401180267334
-0.05004680156707764
2.4776699542999268
-0.4232659935951233
2.8996100425720215
-0.7964860200881958
3.321540117263794
-1.1697100400924683
3.7434699535369873
-1.542930006980896
4.165410041809082
-1.9161399602890015
4.587339878082275
-2.2893600463867188
5.009270191192627
-2.6625800132751465
5.431210041046143
-3.035799980163574
5.853139877319336
-3.409019947052002
6.2750701904296875
