-7.683030128479004
6.744500160217285
-7.195859909057617
7.027890205383301
-6.708690166473389
7.311279773712158
-6.221519947052002
7.594659805297852
-5.734350204467773
7.878049850463867
-5.247179985046387
8.161439895629883
-4.760009765625
8.444829940795898
-4.2728400230407715
8.728219985961914
-3.785670042037964
9.01161003112793
-3.2985000610351562
9.295000076293945
-2.8113300800323486
9.57837963104248
-2.324160099029541
9.861769676208496
-1.8369899988174438
10.1451997756958
-1.3498200178146362
10.428500175476074
-0.8626469969749451
10.711899757385254
-0.37547698616981506
10.99530029296875
0.11169400066137314
11.27869987487793
0.5988640189170837
11.562100410461426
1.0860300064086914
11.845499992370605
1.573199987411499
12.128899574279785
2.0603699684143066
12.412300109863281
2.5475399494171143
12.695699691772461
3.034719944000244
12.979000091552734
3.5218899250030518
13.262399673461914
4.009059906005859
13.54580020904541
4.496230125427246
13.82919979095459
4.983399868011475
14.112600326538086
5.470570087432861
14.395999908447266
5.95773983001709
14.679400444030762
6.444910049438477
14.962800025939941
6.932079792022705
15.246199607849121
7.419250011444092
15.529500007629395
7.9064202308654785
15.812899589538574
8.393589973449707
16.09630012512207
8.880760192871094
16.37969970703125
9.36793041229248
16.66309928894043
9.85509967803955
16.946500778198242
10.342300415039062
17.229900360107422
10.829400062561035
17.5132999420166
11.31659984588623
17.79669952392578
11.803799629211426
18.079999923706055
12.290900230407715
18.363399505615234
12.77810001373291
18.646799087524414
13.265299797058105
18.930200576782227
13.7524995803833
19.213600158691406
