18.905399322509766
-2.363149881362915
18.35930061340332
-2.477260112762451
17.813199996948242
-2.5913798809051514
17.267099380493164
-2.7054901123046875
16.72100067138672
-2.8196001052856445
16.174800872802734
-2.933720111846924
15.628700256347656
-3.047830104827881
15.082599639892578
-3.16195011138916
14.536499977111816
-3.276060104370117
13.990400314331055
-3.390170097351074
13.444299697875977
-3.5042901039123535
12.898200035095215
-3.6184000968933105
12.35200023651123
-3.7325100898742676
11.805899620056152
-3.846630096435547
11.25979995727539
-3.960740089416504
10.713700294494629
-4.074860095977783
10.16759967803955
-4.18897008895874
9.62147045135498
-4.303080081939697
9.075360298156738
-4.417200088500977
8.529239654541016
-4.531310081481934
7.983129978179932
-4.645430088043213
7.4370198249816895
-4.75954008102417
6.890900135040283
-4.873650074005127
6.344789981842041
-4.987770080566406
5.798669815063477
-5.101880073547363
5.252560138702393
-5.216000080108643
4.706439971923828
-5.3301100730896
