6.190000057220459
-8.268839836120605
5.719550132751465
-8.558540344238281
5.249110221862793
-8.84823989868164
4.778659820556641
-9.13794994354248
4.308219909667969
-9.427650451660156
3.8377699851989746
-9.717350006103516
3.3673300743103027
-10.007100105285645
2.8968799114227295
-10.296799659729004
2.4264400005340576
-10.58650016784668
1.955989956855774
-10.876199722290039
1.485550045967102
-11.165900230407715
1.0151000022888184
-11.455599784851074
0.5446590185165405
-11.74530029296875
0.07421399652957916
-12.03499984741211
-0.3962309956550598
-12.324700355529785
-0.8666759729385376
-12.614399909973145
-1.3371200561523438
-12.90410041809082
-1.807569980621338
-13.19379997253418
-2.2780098915100098
-13.483499526977539
-2.748460054397583
-13.773200035095215
-3.218899965286255
-14.062899589538574
-3.689349889755249
-14.35260009765625
-4.1597900390625
-14.64229965209961
-4.630239963531494
-14.932000160217285
-5.100679874420166
-15.221699714660645
-5.57112979888916
-15.51140022277832
-6.04157018661499
-15.80109977722168
-6.512020111083984
-16.09079933166504
-6.982460021972656
-16.38050079345703
-7.45290994644165
-16.67020034790039
-7.923349857330322
-16.95989990234375
-8.393799781799316
-17.24959945678711
-8.864239692687988
-17.5393009185791
-9.33469009399414
-17.82900047302246
-9.805130004882812
-18.11870002746582
-10.27560043334961
-18.40839958190918
-10.746000289916992
-18.69809913635254
-11.216500282287598
-18.98780059814453
-11.68690013885498
-19.27750015258789
-12.157400131225586
-19.56719970703125
