-3.090679883956909
8.730219841003418
-2.683850049972534
8.37267017364502
-2.2770299911499023
8.01511001586914
-1.8702000379562378
7.657559871673584
-1.463379979133606
7.3000102043151855
-1.0565500259399414
6.942450046539307
-0.649724006652832
6.58489990234375
-0.24289800226688385
6.227350234985352
0.16392800211906433
5.869790077209473
0.5707539916038513
5.512239933013916
0.9775800108909607
5.154689788818359
1.38441002368927
4.797130107879639
1.7912299633026123
4.439579963684082
2.1980600357055664
4.082029819488525
2.6048800945281982
3.7244699001312256
3.0117099285125732
3.366919994354248
3.4185400009155273
3.0093700885772705
3.825360059738159
2.6518099308013916
4.232190132141113
2.294260025024414
4.639009952545166
1.936710000038147
5.045839786529541
1.5791499614715576
5.452670097351074
1.22160005569458
5.859489917755127
0.8640459775924683
6.26632022857666
0.5064929723739624
