13.133399963378906
-18.14539909362793
13.153499603271484
-17.586999893188477
13.173600196838379
-17.02869987487793
13.193699836730957
-16.470300674438477
13.213800430297852
-15.91189956665039
13.23390007019043
-15.353599548339844
13.253999710083008
-14.79520034790039
13.274100303649902
-14.236800193786621
13.29419994354248
-13.678500175476074
13.314299583435059
-13.120100021362305
13.334400177001953
-12.561699867248535
13.354499816894531
-12.003399848937988
13.374600410461426
-11.444999694824219
13.394700050354004
-10.88659954071045
13.41469955444336
-10.328300476074219
13.434800148010254
-9.769909858703613
13.454899787902832
-9.211549758911133
13.475000381469727
-8.653180122375488
13.495100021362305
-8.094809532165527
13.515199661254883
-7.536449909210205
13.535300254821777
-6.978079795837402
13.555399894714355
-6.419710159301758
13.575499534606934
-5.861350059509277
13.595600128173828
-5.302979946136475
13.615699768066406
-4.744609832763672
13.6358003616333
-4.18625020980835
13.655900001525879
-3.627880096435547
13.675999641418457
-3.069509983062744
13.696100234985352
-2.5111498832702637
13.71619987487793
-1.95278000831604
13.736300468444824
-1.3944100141525269
13.75629997253418
-0.8360469937324524
13.776399612426758
-0.27768000960350037
13.796500205993652
0.28068599104881287
13.81659984588623
0.8390529751777649
13.836700439453125
1.397420048713684
13.856800079345703
1.9557900428771973
13.876899719238281
2.5141499042510986
13.897000312805176
3.0725200176239014
13.917099952697754
3.630889892578125
13.937199592590332
4.1892499923706055
13.957300186157227
4.747620105743408
13.977399826049805
5.305990219116211
13.9975004196167
5.864349842071533
14.017600059509277
6.422719955444336
14.037699699401855
6.981090068817139
14.05780029296875
7.539450168609619
14.077899932861328
8.097820281982422
14.097900390625
8.656189918518066
14.118000030517578
9.214550018310547
14.138099670410156
9.772919654846191
14.15820026397705
10.331299781799316
14.178299903869629
10.889699935913086
14.198399543762207
11.447999954223633
14.218500137329102
12.006400108337402
14.23859977722168
12.564800262451172
14.258700370788574
13.123100280761719
14.278800010681152
13.681500434875488
14.29889965057373
14.239899635314941
14.319000244140625
14.798199653625488
14.339099884033203
15.356599807739258
14.359199523925781
15.914999961853027
14.379300117492676
16.47330093383789
14.399399757385254
17.031700134277344
14.419500350952148
17.590099334716797
14.439599990844727
18.148399353027344
14.459600448608398
18.70680046081543
14.479700088500977
19.265199661254883
