-8.676469802856445
6.405179977416992
-8.390210151672363
6.8785200119018555
-8.1039400100708
7.351860046386719
-7.8176798820495605
7.82519006729126
-7.5314202308654785
8.298529624938965
-7.245150089263916
8.771869659423828
-6.958889961242676
9.245209693908691
-6.672619819641113
9.718549728393555
-6.386360168457031
10.191900253295898
-6.100090026855469
10.665200233459473
-5.8138298988342285
11.13860034942627
-5.527560234069824
11.611900329589844
-5.241300106048584
12.085200309753418
-4.955039978027344
12.558600425720215
-4.668769836425781
13.031900405883789
