15.648300170898438
17.710399627685547
15.449899673461914
17.18869972229004
15.25160026550293
16.66710090637207
15.053299903869629
16.14539909362793
14.854900360107422
15.623800277709961
14.656599998474121
15.102100372314453
14.458200454711914
14.580499649047852
14.259900093078613
14.058799743652344
14.06149959564209
13.537199974060059
13.863200187683105
13.01550006866455
13.664799690246582
12.493900299072266
13.466500282287598
11.972299575805664
13.268199920654297
11.450599670410156
13.06980037689209
10.928999900817871
12.871500015258789
10.407299995422363
12.673100471496582
9.885669708251953
12.474800109863281
9.364020347595215
12.276399612426758
8.84237003326416
12.078100204467773
8.320730209350586
11.87969970703125
7.799079895019531
11.681400299072266
7.277430057525635
11.483099937438965
6.7557902336120605
11.284700393676758
6.234139919281006
11.086400032043457
5.712500095367432
10.887999534606934
5.190849781036377
10.68970012664795
4.6691999435424805
10.491299629211426
4.147560119628906
10.293000221252441
3.6259100437164307
10.09469985961914
3.104259967803955
9.896309852600098
2.5826199054718018
9.697970390319824
2.0609700679779053
9.49962043762207
1.5393199920654297
9.30128002166748
1.017680048942566
9.102930068969727
0.4960300028324127
8.904589653015137
-0.025616800412535667
8.706250190734863
-0.5472630262374878
8.50790023803711
-1.068910002708435
8.30955982208252
-1.590559959411621
8.111209869384766
-2.1122000217437744
7.912869930267334
-2.63385009765625
7.714529991149902
-3.1554999351501465
7.516180038452148
-3.6771399974823
7.317840099334717
-4.198790073394775
7.119490146636963
-4.720439910888672
6.921150207519531
-5.242080211639404
6.722809791564941
-5.763730049133301
6.5244598388671875
-6.285379886627197
6.326119899749756
-6.80702018737793
6.127769947052002
-7.328670024871826
5.92943000793457
-7.8503098487854
5.731090068817139
-8.371959686279297
5.532740116119385
-8.893610000610352
5.334400177001953
-9.415249824523926
5.136050224304199
-9.93690013885498
4.937709808349609
-10.458499908447266
4.739369869232178
-10.980199813842773
4.541019916534424
-11.501799583435059
4.342679977416992
-12.023500442504883
