-19.19659996032715
1.9895700216293335
-18.6387996673584
2.069040060043335
-18.08099937438965
2.1484999656677246
-17.5231990814209
2.2279698848724365
-16.96540069580078
2.3074300289154053
-16.407499313354492
2.386899948120117
-15.849699974060059
2.466360092163086
-15.291899681091309
2.545830011367798
-14.734100341796875
2.6252899169921875
-14.176300048828125
2.7047600746154785
-13.618499755859375
2.784219980239868
-13.060700416564941
2.86368989944458
-12.502900123596191
2.943150043487549
-11.945099830627441
3.0226199626922607
-11.387299537658691
3.1020801067352295
-10.829500198364258
3.1815500259399414
-10.271699905395508
3.261009931564331
-9.713879585266113
3.340480089187622
-9.15608024597168
3.4199399948120117
-8.598270416259766
3.4994099140167236
-8.040459632873535
3.5788700580596924
-7.482659816741943
3.658329963684082
-6.924849987030029
3.737799882888794
-6.3670501708984375
3.8172600269317627
-5.809239864349365
3.8967299461364746
-5.251440048217773
3.9761900901794434
-4.693630218505859
4.055659770965576
-4.135829925537109
4.135119915008545
-3.5780200958251953
4.214590072631836
-3.020210027694702
4.294050216674805
-2.4624099731445312
4.3735198974609375
-1.9046000242233276
4.452980041503906
-1.3467999696731567
4.532450199127197
-0.7889919877052307
4.611909866333008
-0.23118700087070465
4.691380023956299
0.3266189992427826
4.770840167999268
0.8844239711761475
4.8503098487854
1.442229986190796
4.929769992828369
2.000040054321289
5.00924015045166
2.55784010887146
5.088699817657471
3.115649938583374
5.168169975280762
3.673449993133545
5.2476301193237305
4.231259822845459
5.327099800109863
4.789060115814209
5.406559944152832
5.346869945526123
5.486030101776123
5.904669761657715
5.565489768981934
6.462480068206787
5.644949913024902
7.020289897918701
5.724420070648193
7.578090190887451
5.803880214691162
8.135899543762207
5.883349895477295
8.693699836730957
5.962810039520264
9.251509666442871
6.042280197143555
9.809309959411621
6.121739864349365
10.36709976196289
6.201210021972656
10.92490005493164
6.280670166015625
11.48270034790039
6.360139846801758
12.040499687194824
6.439599990844727
12.598299980163574
6.519070148468018
13.156100273132324
6.598529815673828
13.71399974822998
6.677999973297119
14.27180004119873
6.757460117340088
14.82960033416748
6.836929798126221
15.387399673461914
6.9163899421691895
15.945199966430664
6.9958600997924805
16.503000259399414
7.075319766998291
17.060800552368164
7.154789924621582
17.618600845336914
7.234250068664551
18.17639923095703
7.313720226287842
18.73419952392578
7.393179893493652
19.29199981689453
7.472640037536621
