13.749899864196777
12.41450023651123
13.284299850463867
12.103500366210938
12.81879997253418
11.79259967803955
12.35319995880127
11.481599807739258
11.887700080871582
11.170700073242188
11.422200202941895
10.859700202941895
10.956600189208984
10.548800468444824
10.491100311279297
10.237799644470215
10.025500297546387
9.926870346069336
9.559980392456055
9.615920066833496
9.094429969787598
9.304960250854492
8.628890037536621
8.994009971618652
8.163339614868164
8.683059692382812
7.697800159454346
8.372110366821289
7.232250213623047
8.06116008758545
6.766709804534912
7.750209808349609
6.301159858703613
7.439260005950928
5.835619926452637
7.128310203552246
5.37007999420166
6.817359924316406
4.904530048370361
6.506410121917725
4.438990116119385
6.195459842681885
3.973439931869507
5.884510040283203
3.5078999996185303
5.5735602378845215
3.0423500537872314
5.262609958648682
2.576809883117676
4.95166015625
2.111259937286377
4.64070987701416
1.6457200050354004
4.329750061035156
1.1801700592041016
4.018799781799316
0.7146270275115967
3.7078499794006348
0.2490829974412918
3.396899938583374
-0.21646200120449066
3.0859498977661133
-0.6820070147514343
2.7750000953674316
-1.1475499868392944
2.464050054550171
-1.6131000518798828
2.15310001373291
-2.0786399841308594
1.8421499729156494
-2.544189929962158
1.5312000513076782
-3.009730100631714
1.2202500104904175
-3.4752800464630127
0.9092980027198792
-3.9408199787139893
0.598347008228302
-4.406370162963867
0.28739699721336365
-4.871910095214844
-0.023553699254989624
-5.33745002746582
-0.33450400829315186
-5.802999973297119
-0.645455002784729
-6.268539905548096
-0.9564059972763062
-6.7340898513793945
-1.267359972000122
-7.199629783630371
-1.5783100128173828
-7.665180206298828
-1.8892600536346436
-8.130720138549805
-2.2002100944519043
-8.596269607543945
-2.511159896850586
-9.061809539794922
-2.8221099376678467
