-14.453499794006348
9.593090057373047
-13.900799751281738
9.585749626159668
-13.348099708557129
9.57841968536377
-12.79539966583252
9.571080207824707
-12.24269962310791
9.563739776611328
-11.690099716186523
9.556400299072266
-11.137399673461914
9.549059867858887
-10.584699630737305
9.541720390319824
-10.031999588012695
9.534379959106445
-9.479299545288086
9.527039527893066
-8.926609992980957
9.519700050354004
-8.373920440673828
9.512359619140625
-7.821229934692383
9.505020141601562
-7.268539905548096
9.497679710388184
-6.715849876403809
9.490340232849121
-6.1631598472595215
9.482999801635742
-5.610469818115234
9.47566032409668
-5.057779788970947
9.4683198928833
-4.505090236663818
9.460980415344238
-3.9524099826812744
9.45363998413086
-3.3997199535369873
9.446310043334961
-2.8470299243927
9.438969612121582
-2.294339895248413
9.43163013458252
-1.7416499853134155
9.42428970336914
-1.1889599561691284
9.416950225830078
-0.6362689733505249
9.4096097946167
-0.08358000218868256
9.402270317077637
0.4691089987754822
9.394929885864258
1.0218000411987305
9.387590408325195
1.574489951133728
9.380249977111816
2.1271800994873047
9.372909545898438
2.6798698902130127
9.365570068359375
3.2325599193573
9.358229637145996
3.785249948501587
9.350890159606934
4.337930202484131
9.343549728393555
4.890620231628418
9.336210250854492
5.443309783935547
9.328869819641113
5.995999813079834
9.321539878845215
