-18.56279945373535
-6.393630027770996
-18.049999237060547
-6.176889896392822
-17.53730010986328
-5.960140228271484
-17.024599075317383
-5.7434000968933105
-16.511899948120117
-5.5266499519348145
-15.999099731445312
-5.309909820556641
-15.48639965057373
-5.093160152435303
-14.973699569702148
-4.876420021057129
-14.461000442504883
-4.659669876098633
-13.9483003616333
-4.442930221557617
-13.435500144958496
-4.226180076599121
-12.922800064086914
-4.009439945220947
-12.410099983215332
-3.7926900386810303
-11.89739990234375
-3.5759499073028564
-11.384599685668945
-3.3592000007629395
-10.871899604797363
-3.1424601078033447
-10.359199523925781
-2.9257099628448486
-9.846460342407227
-2.708970069885254
-9.333740234375
-2.492219924926758
-8.821009635925293
-2.275480031967163
-8.308289527893066
-2.058729887008667
-7.795569896697998
-1.8419899940490723
-7.282839775085449
-1.6252399682998657
-6.770120143890381
-1.4084999561309814
-6.257400035858154
-1.1917500495910645
-5.7446699142456055
-0.975009024143219
-5.231949806213379
-0.7582640051841736
-4.719220161437988
-0.5415189862251282
-4.206500053405762
-0.32477399706840515
-3.693779945373535
-0.10802900046110153
-3.1810500621795654
0.10871600359678268
-2.668329954147339
0.3254610002040863
-2.1556100845336914
0.5422059893608093
-1.6428799629211426
0.7589510083198547
-1.1301599740982056
0.9756960272789001
-0.617434024810791
1.1924400329589844
-0.10470999777317047
1.409190058708191
0.4080139994621277
1.6259299516677856
0.9207370281219482
1.8426799774169922
1.433459997177124
2.059420108795166
1.946179986000061
2.276170015335083
2.4589099884033203
2.4929099082946777
2.971630096435547
2.709660053253174
3.4843599796295166
2.9263999462127686
3.997080087661743
3.1431500911712646
