-8.311050415039062
-8.923930168151855
-8.655989646911621
-9.31997013092041
-9.000929832458496
-9.716010093688965
-9.345879554748535
-10.112000465393066
-9.69081974029541
-10.508099555969238
-10.035799980163574
-10.90410041809082
-10.38070011138916
-11.300200462341309
-10.725600242614746
-11.696200370788574
-11.070599555969238
-12.09220027923584
-11.415499687194824
-12.488300323486328
-11.760499954223633
-12.884300231933594
-12.105400085449219
-13.280400276184082
-12.450300216674805
-13.676400184631348
