0.4686180055141449
-4.779839992523193
0.8867470026016235
-5.139840126037598
1.3048800230026245
-5.499839782714844
1.7230099439620972
-5.85984992980957
2.141129970550537
-6.219850063323975
2.5592598915100098
-6.579850196838379
2.9773900508880615
-6.939859867095947
3.395519971847534
-7.299860000610352
3.813649892807007
-7.659860134124756
4.231780052185059
-8.01986026763916
4.649909973144531
-8.379870414733887
5.068039894104004
-8.739870071411133
5.486169815063477
-9.099869728088379
5.904290199279785
-9.459870338439941
6.322420120239258
-9.819879531860352
6.7405500411987305
-10.179900169372559
7.158679962158203
-10.539899826049805
7.576809883117676
-10.899900436401367
7.994939804077148
-11.259900093078613
8.413069725036621
-11.61989974975586
8.831199645996094
-11.979900360107422
9.249329566955566
-12.339900016784668
9.667449951171875
-12.699899673461914
10.085599899291992
-13.059900283813477
10.503700256347656
-13.419899940490723
10.921799659729004
-13.779899597167969
11.34000015258789
-14.139900207519531
11.758099555969238
-14.499899864196777
12.176199913024902
-14.85990047454834
12.594400405883789
-15.219900131225586
13.012499809265137
-15.579899787902832
13.4306001663208
-15.939900398254395
13.848699569702148
-16.29990005493164
14.266900062561035
-16.659900665283203
14.6850004196167
-17.019899368286133
15.103099822998047
-17.379899978637695
15.521300315856934
-17.739900588989258
