-16.509300231933594
12.607999801635742
-16.4197998046875
12.05210018157959
-16.330299377441406
11.496199607849121
-16.240699768066406
10.940299987792969
-16.151199340820312
10.384400367736816
-16.061599731445312
9.828450202941895
-15.972100257873535
9.272540092468262
-15.882599830627441
8.716629981994629
-15.793000221252441
8.160719871520996
-15.703499794006348
7.6048102378845215
-15.613900184631348
7.048900127410889
-15.524399757385254
6.492990016937256
-15.434900283813477
5.937089920043945
-15.34529972076416
5.3811798095703125
-15.255800247192383
4.825270175933838
-15.166199684143066
4.269360065460205
-15.076700210571289
3.7134499549865723
-14.987199783325195
3.1575400829315186
-14.897600173950195
2.6016299724578857
-14.808099746704102
2.0457301139831543
-14.718500137329102
1.4898200035095215
-14.628999710083008
0.9339079856872559
-14.539400100708008
0.3779999911785126
-14.449899673461914
-0.1779090017080307
-14.360400199890137
-0.733817994594574
-14.27079963684082
-1.2897299528121948
-14.181300163269043
-1.8456300497055054
-14.091699600219727
-2.4015400409698486
-14.00220012664795
-2.9574499130249023
-13.912699699401855
-3.513360023498535
-13.823100090026855
-4.069270133972168
-13.733599662780762
-4.625179767608643
-13.644000053405762
-5.181089878082275
-13.554499626159668
-5.736999988555908
-13.46500015258789
-6.292900085449219
-13.375399589538574
-6.848810195922852
-13.285900115966797
-7.404719829559326
-13.19629955291748
-7.960629940032959
-13.106800079345703
-8.516539573669434
-13.01729965209961
-9.072449684143066
-12.92770004272461
-9.6283597946167
-12.838199615478516
-10.184300422668457
-12.748600006103516
-10.74020004272461
-12.659099578857422
-11.296099662780762
-12.569600105285645
-11.85200023651123
-12.479999542236328
-12.407899856567383
-12.39050006866455
-12.963800430297852
-12.30090045928955
-13.519700050354004
-12.211400032043457
-14.075599670410156
-12.121800422668457
-14.631500244140625
-12.032299995422363
-15.187399864196777
-11.94279956817627
-15.743399620056152
-11.85319995880127
-16.299299240112305
-11.763699531555176
-16.855199813842773
-11.674099922180176
-17.411100387573242
-11.584600448608398
-17.966999053955078
-11.495100021362305
-18.522899627685547
-11.405500411987305
-19.078800201416016
-11.315999984741211
-19.634700775146484
