-19.230100631713867
-17.82819938659668
-19.220500946044922
-17.269500732421875
-19.211000442504883
-16.710800170898438
-19.201400756835938
-16.152099609375
-19.1919002532959
-15.593500137329102
-19.18239974975586
-15.034799575805664
-19.172800064086914
-14.476099967956543
-19.163299560546875
-13.917400360107422
-19.15369987487793
-13.358799934387207
-19.14419937133789
-12.800100326538086
-19.134599685668945
-12.241399765014648
-19.125099182128906
-11.682700157165527
-19.11549949645996
-11.12399959564209
-19.106000900268555
-10.565400123596191
-19.096399307250977
-10.006699562072754
-19.08690071105957
-9.448019981384277
-19.077299118041992
-8.8893404006958
-19.067800521850586
-8.330659866333008
-19.05820083618164
-7.771989822387695
-19.0487003326416
-7.2133097648620605
-19.039100646972656
-6.654630184173584
-19.029600143432617
-6.095950126647949
-19.020000457763672
-5.537280082702637
-19.010499954223633
-4.978600025177002
-19.000999450683594
-4.419919967651367
-18.99139976501465
-3.8612499237060547
-18.98189926147461
-3.302570104598999
-18.972299575805664
-2.7438900470733643
-18.962799072265625
-2.1852099895477295
-18.95319938659668
-1.626539945602417
-18.943700790405273
-1.0678600072860718
-18.934099197387695
-0.5091840028762817
-18.92460060119629
0.04949349910020828
-18.915000915527344
0.6081709861755371
-18.905500411987305
1.166849970817566
-18.89590072631836
1.7255200147628784
-18.88640022277832
2.2841999530792236
-18.876800537109375
2.8428800106048584
-18.867300033569336
3.401560068130493
-18.85770034790039
3.9602301120758057
-18.84819984436035
4.518909931182861
-18.838600158691406
5.077589988708496
-18.829099655151367
5.636260032653809
-18.819599151611328
6.194940090179443
-18.809999465942383
6.753620147705078
-18.800500869750977
7.312300205230713
-18.7908992767334
7.870969772338867
-18.781400680541992
8.42965030670166
-18.771799087524414
8.988329887390137
-18.762300491333008
9.54699993133545
-18.752700805664062
10.10569953918457
-18.743200302124023
10.664400100708008
-18.733600616455078
11.222999572753906
-18.72410011291504
11.781700134277344
-18.714500427246094
12.340399742126465
-18.704999923706055
12.899100303649902
-18.69540023803711
13.4576997756958
-18.68589973449707
14.016400337219238
-18.676300048828125
14.57509994506836
-18.666799545288086
15.13379955291748
-18.65719985961914
15.692500114440918
