8.70376968383789
-1.6837799549102783
8.668930053710938
-1.1218700408935547
8.634090423583984
-0.5599619746208191
8.599249839782715
0.001946880016475916
8.564410209655762
0.5638560056686401
8.529569625854492
1.1257699728012085
8.494729995727539
1.6876699924468994
8.459890365600586
2.249579906463623
8.425049781799316
2.811490058898926
8.390210151672363
3.3733999729156494
8.355369567871094
3.935309886932373
8.32052993774414
4.497220039367676
8.285690307617188
5.0591301918029785
8.250849723815918
5.621039867401123
8.216010093688965
6.182950019836426
8.181170463562012
6.7448601722717285
8.146329879760742
7.306769847869873
8.111490249633789
7.868680000305176
8.07664966583252
8.430580139160156
8.041810035705566
8.9924898147583
8.006970405578613
9.554400444030762
7.972129821777344
10.116299629211426
7.937290191650391
10.678199768066406
7.902450084686279
11.240099906921387
7.867609977722168
11.802000045776367
7.832769870758057
12.363900184631348
7.797929763793945
12.92590045928955
7.763090133666992
13.487799644470215
7.728250026702881
14.049699783325195
7.6934099197387695
14.611599922180176
7.658569812774658
15.173500061035156
7.623730182647705
15.735400199890137
7.588890075683594
16.297300338745117
7.554049968719482
16.85919952392578
