1.345639944076538
19.326799392700195
1.3882299661636353
18.7632999420166
1.4308300018310547
18.199800491333008
1.4734200239181519
17.63629913330078
1.516010046005249
17.072799682617188
1.5585999488830566
16.509300231933594
1.6011899709701538
15.945799827575684
1.6437900066375732
15.38230037689209
1.6863800287246704
14.81879997253418
1.7289700508117676
14.25529956817627
1.7715599536895752
13.691800117492676
1.8141499757766724
13.128299713134766
1.8567500114440918
12.564800262451172
1.899340033531189
12.001299858093262
1.9419300556182861
11.437800407409668
1.9845199584960938
10.874300003051758
2.0271100997924805
10.310799598693848
2.069700002670288
9.747320175170898
2.112299919128418
9.183819770812988
2.1548900604248047
8.620320320129395
2.1974799633026123
8.056819915771484
2.240070104598999
7.493319988250732
2.2826600074768066
6.9298200607299805
2.3252599239349365
6.366310119628906
2.3678500652313232
5.802810192108154
2.410439968109131
5.239309787750244
2.4530301094055176
4.675809860229492
2.495620012283325
4.11230993270874
2.538219928741455
3.5488100051879883
2.580810070037842
2.9853100776672363
2.6233999729156494
2.421799898147583
2.665990114212036
1.858299970626831
2.7085800170898438
1.294800043106079
2.7511799335479736
0.7312999963760376
2.7937700748443604
0.1677989959716797
2.836359977722168
-0.395702987909317
2.8789501190185547
-0.9592040181159973
2.9215400218963623
-1.5227099657058716
2.964139938354492
-2.086210012435913
3.006730079650879
-2.649709939956665
3.0493199825286865
-3.213210105895996
3.091909885406494
-3.776710033416748
3.134500026702881
-4.3402099609375
3.1770899295806885
-4.903709888458252
3.2196900844573975
-5.467219829559326
3.262279987335205
-6.030720233917236
3.3048698902130127
-6.594220161437988
