6.940549850463867
4.900259971618652
6.437719821929932
4.662499904632568
5.934899806976318
4.424739837646484
5.432069778442383
4.1869797706604
4.9292402267456055
3.9492199420928955
4.42641019821167
3.7114601135253906
3.9235899448394775
3.4737000465393066
3.420759916305542
3.2359399795532227
2.9179298877716064
2.998189926147461
2.41510009765625
2.760430097579956
1.9122799634933472
2.522670030593872
1.4094500541687012
2.284909963607788
0.9066200256347656
2.047149896621704
0.40379199385643005
1.8093899488449097
-0.09903530031442642
1.5716300010681152
-0.6018630266189575
1.3338700532913208
-1.1046899557113647
1.0961099863052368
-1.6075199842453003
0.8583509922027588
-2.1103498935699463
0.6205909848213196
-2.6131699085235596
0.38283199071884155
-3.115999937057495
0.14507199823856354
-3.6188299655914307
-0.09268710017204285
-4.121660232543945
-0.3304469883441925
-4.6244797706604
-0.5682060122489929
-5.127309799194336
-0.805965006351471
-5.6301398277282715
-1.043720006942749
-6.132969856262207
-1.2814799547195435
-6.63578987121582
-1.5192400217056274
-7.138619899749756
-1.7569999694824219
-7.641449928283691
-1.9947600364685059
-8.144280433654785
-2.23252010345459
-8.647109985351562
-2.4702799320220947
-9.149930000305176
-2.7080399990081787
-9.652759552001953
-2.9458000659942627
-10.155599594116211
-3.1835598945617676
-10.65839958190918
-3.4213199615478516
-11.161199569702148
-3.6590800285339355
-11.66409969329834
-3.8968400955200195
-12.166899681091309
-4.1346001625061035
-12.669699668884277
-4.3723602294921875
-13.172599792480469
-4.610119819641113
-13.675399780273438
-4.847879886627197
-14.178199768066406
-5.085639953613281
