-2.8695099353790283
-2.502500057220459
-3.3951001167297363
-2.651789903640747
-3.920680046081543
-2.801069974899292
-4.446269989013672
-2.950350046157837
-4.971859931945801
-3.099630117416382
-5.49744987487793
-3.24891996383667
-6.023039817810059
-3.398200035095215
-6.548630237579346
-3.5474801063537598
-7.074220180511475
-3.696769952774048
-7.599800109863281
-3.8460500240325928
-8.12539005279541
-3.9953300952911377
-8.650979995727539
-4.144619941711426
-9.176569938659668
-4.293900012969971
-9.702159881591797
-4.443180084228516
-10.227700233459473
-4.592470169067383
-10.753299713134766
-4.7417497634887695
-11.278900146484375
-4.8910298347473145
-11.804499626159668
-5.040319919586182
-12.330100059509277
-5.189599990844727
-12.85569953918457
-5.3388800621032715
-13.38129997253418
-5.488160133361816
-13.906900405883789
-5.637450218200684
-14.432499885559082
-5.78672981262207
-14.958000183105469
-5.936009883880615
-15.483599662780762
-6.085299968719482
-16.009199142456055
-6.234580039978027
-16.534799575805664
-6.383860111236572
-17.060400009155273
-6.5331501960754395
-17.586000442504883
-6.682429790496826
-18.111600875854492
-6.831709861755371
