19.095800399780273
-4.932449817657471
18.690900802612305
-4.542699813842773
18.285900115966797
-4.152949810028076
17.881000518798828
-3.7632100582122803
17.47610092163086
-3.373460054397583
17.07110023498535
-2.9837100505828857
16.666200637817383
-2.5939600467681885
16.261199951171875
-2.204210042953491
15.856300354003906
-1.814460039138794
15.451299667358398
-1.4247100353240967
15.04640007019043
-1.0349600315093994
14.641500473022461
-0.6452119946479797
14.236499786376953
-0.25546300411224365
13.831600189208984
0.13428600132465363
13.426600456237793
0.5240349769592285
13.021699905395508
0.9137840270996094
12.616700172424316
1.303529977798462
12.211799621582031
1.6932799816131592
11.80679988861084
2.0830299854278564
11.401900291442871
2.4727799892425537
10.996999740600586
2.862529993057251
10.592000007629395
3.2522799968719482
10.187100410461426
3.6420300006866455
9.782119750976562
4.031779766082764
9.377180099487305
4.421529769897461
8.972240447998047
4.811279773712158
8.567290306091309
5.2010297775268555
8.162349700927734
5.5907697677612305
7.757400035858154
5.980519771575928
7.352459907531738
6.370269775390625
6.947519779205322
6.760019779205322
6.542570114135742
7.1497697830200195
6.137629985809326
7.539519786834717
5.732679843902588
7.929269790649414
5.32774019241333
8.31902027130127
4.922800064086914
8.708769798278809
4.517849922180176
9.098520278930664
4.11290979385376
9.488269805908203
3.7079598903656006
9.878020286560059
3.3030200004577637
10.267800331115723
2.8980801105499268
10.657500267028809
2.4931299686431885
11.047300338745117
2.0881900787353516
11.437000274658203
