-9.784629821777344
-14.933899879455566
-10.341699600219727
-15.018799781799316
-10.898799896240234
-15.103799819946289
-11.455900192260742
-15.188699722290039
-12.012999534606934
-15.273699760437012
-12.570099830627441
-15.358599662780762
-13.12720012664795
-15.443499565124512
-13.684300422668457
-15.528499603271484
-14.241299629211426
-15.61340045928955
-14.798399925231934
-15.698399543762207
-15.355500221252441
-15.783300399780273
-15.912599563598633
-15.868300437927246
-16.46969985961914
-15.953200340270996
-17.02680015563965
-16.03809928894043
-17.583900451660156
-16.12310028076172
