0.5544049739837646
-3.8453800678253174
1.1153700351715088
-3.8432199954986572
1.6763399839401245
-3.841059923171997
2.237299919128418
-3.8388900756835938
2.798259973526001
-3.8367300033569336
3.3592300415039062
-3.8345699310302734
3.9201900959014893
-3.8324100971221924
4.4811601638793945
-3.8302500247955322
5.042119979858398
-3.82807993888855
5.603089809417725
-3.8259201049804688
6.164050102233887
-3.8237600326538086
6.725019931793213
-3.8215999603271484
7.285980224609375
-3.8194398880004883
7.846950054168701
-3.817270040512085
8.407910346984863
-3.815109968185425
8.968879699707031
-3.8129498958587646
9.529840469360352
-3.8107900619506836
10.090800285339355
-3.8086299896240234
10.651800155639648
-3.806459903717041
11.212699890136719
-3.80430006980896
11.773699760437012
-3.8021399974823
12.334699630737305
-3.7999799251556396
12.895600318908691
-3.7978100776672363
13.456600189208984
-3.795650005340576
14.017600059509277
-3.793489933013916
14.578499794006348
-3.791330099105835
15.13949966430664
-3.789170026779175
15.700499534606934
-3.7869999408721924
