12.782600402832031
10.6072998046875
12.714099884033203
10.058699607849121
12.645700454711914
9.510160446166992
12.577199935913086
8.961589813232422
12.50879955291748
8.413009643554688
12.440299987792969
7.864429950714111
12.371899604797363
7.315859794616699
12.303500175476074
6.767280101776123
12.234999656677246
6.218709945678711
12.166600227355957
5.670129776000977
12.098099708557129
5.121560096740723
12.02970027923584
4.572979927062988
11.961199760437012
4.024409770965576
11.892800331115723
3.475830078125
11.824299812316895
2.927259922027588
11.755900382995605
2.3786799907684326
11.6875
1.83010995388031
11.619000434875488
1.2815300226211548
11.550600051879883
0.7329559922218323
11.482099533081055
0.18438099324703217
11.413700103759766
-0.36419400572776794
11.345199584960938
-0.9127699732780457
11.276800155639648
-1.4613399505615234
11.208399772644043
-2.0099198818206787
11.139900207519531
-2.558500051498413
11.071499824523926
-3.107069969177246
11.003000259399414
-3.6556499004364014
10.934599876403809
-4.204219818115234
10.866100311279297
-4.752799987792969
10.797699928283691
-5.301370143890381
10.72920036315918
-5.849949836730957
10.660799980163574
-6.398519992828369
10.592399597167969
-6.9471001625061035
10.523900032043457
-7.495669841766357
10.455499649047852
-8.044249534606934
10.38700008392334
-8.592820167541504
10.318599700927734
-9.141400337219238
10.250100135803223
-9.689970016479492
10.181699752807617
-10.238499641418457
10.113200187683105
-10.787099838256836
