-4.038790225982666
-14.918700218200684
-3.817049980163574
-14.40779972076416
-3.5952999591827393
-13.896900177001953
-3.3735599517822266
-13.38599967956543
-3.151819944381714
-12.875200271606445
-2.930079936981201
-12.364299774169922
-2.708329916000366
-11.853400230407715
-2.4865899085998535
-11.342499732971191
-2.264849901199341
-10.831700325012207
-2.043109893798828
-10.320799827575684
-1.8213599920272827
-9.809900283813477
-1.59961998462677
-9.299019813537598
-1.3778799772262573
-8.788140296936035
-1.1561399698257446
-8.277270317077637
-0.9343929886817932
-7.766389846801758
-0.7126500010490417
-7.255509853363037
-0.4909079968929291
-6.744629859924316
-0.2691650092601776
-6.233759880065918
-0.04742240160703659
-5.722879886627197
0.17431999742984772
-5.211999893188477
0.3960629999637604
-4.701119899749756
0.617805004119873
-4.190239906311035
0.8395479917526245
-3.6793699264526367
1.0612900257110596
-3.168489933013916
1.2830300331115723
-2.6576099395751953
1.5047800540924072
-2.1467299461364746
1.7265199422836304
-1.635849952697754
1.948259949684143
-1.1249799728393555
2.1700000762939453
-0.6140980124473572
2.3917500972747803
-0.10322000086307526
2.613490104675293
0.40765801072120667
2.8352301120758057
0.9185360074043274
3.0569698810577393
1.4294099807739258
3.278719902038574
1.9402899742126465
3.500459909439087
2.451169967651367
3.7221999168395996
2.962049961090088
3.9439399242401123
3.4729299545288086
4.165689945220947
3.983799934387207
4.387430191040039
4.494679927825928
4.609169960021973
5.005559921264648
4.830920219421387
5.516439914703369
5.05265998840332
6.02731990814209
5.274400234222412
6.538189888000488
5.496140003204346
7.049069881439209
5.717889785766602
7.55994987487793
5.939630031585693
8.070830345153809
6.161369800567627
8.581700325012207
6.383110046386719
9.09257984161377
