15.072999954223633
2.257730007171631
14.572400093078613
2.011159896850586
14.071900367736816
1.7645900249481201
13.57129955291748
1.518030047416687
13.070699691772461
1.2714600563049316
12.570199966430664
1.0248899459838867
12.069600105285645
0.7783200144767761
11.569000244140625
0.5317509770393372
11.068499565124512
0.28518301248550415
10.567899703979492
0.038613900542259216
10.067399978637695
-0.207955002784729
9.566780090332031
-0.4545240104198456
9.0662202835083
-0.701092004776001
8.56564998626709
-0.9476609826087952
8.06509017944336
-1.1942299604415894
7.564519882202148
-1.4407999515533447
7.063960075378418
-1.6873699426651
6.563389778137207
-1.933940052986145
6.062829971313477
-2.180500030517578
5.562260150909424
-2.427069902420044
5.061699867248535
-2.673640012741089
4.561130046844482
-2.9202098846435547
4.06056022644043
-3.1667799949645996
3.559999942779541
-3.4133501052856445
3.059429883956909
-3.6599199771881104
2.5588700771331787
-3.9064900875091553
2.058300018310547
-4.153049945831299
1.5577399730682373
-4.399620056152344
1.057170033454895
-4.646190166473389
0.5566049814224243
-4.892759799957275
0.05603979900479317
-5.13932991027832
-0.44452598690986633
-5.385900020599365
-0.9450910091400146
-5.63247013092041
-1.4456599950790405
-5.879039764404297
-1.94622004032135
-6.1255998611450195
-2.4467899799346924
-6.3721699714660645
-2.947350025177002
-6.618740081787109
-3.447920083999634
-6.865310192108154
-3.9484798908233643
-7.111879825592041
-4.449049949645996
-7.358449935913086
-4.949619770050049
-7.605020046234131
-5.4501800537109375
-7.851590156555176
-5.95074987411499
-8.098150253295898
-6.451310157775879
-8.344719886779785
-6.951879978179932
-8.591290473937988
-7.452439785003662
-8.837860107421875
-7.953010082244873
-9.084429740905762
-8.453570365905762
-9.331000328063965
-8.954139709472656
-9.577569961547852
-9.454710006713867
-9.824130058288574
-9.955269813537598
-10.070699691772461
