-12.795000076293945
19.952899932861328
-12.971500396728516
19.43670082092285
-13.14799976348877
18.920400619506836
-13.324399948120117
18.404199600219727
-13.500900268554688
17.88800048828125
-13.677399635314941
17.37179946899414
-13.853799819946289
16.855600357055664
-14.03030014038086
16.339399337768555
-14.20680046081543
15.823200225830078
-14.383199691772461
15.307000160217285
-14.559700012207031
14.79069995880127
-14.736200332641602
14.274499893188477
-14.912599563598633
13.758299827575684
-15.089099884033203
13.24209976196289
-15.265600204467773
12.725899696350098
