4.413129806518555
0.30214300751686096
4.629590034484863
-0.21699999272823334
4.846049785614014
-0.7361429929733276
5.0625200271606445
-1.2552900314331055
5.278979778289795
-1.7744300365447998
5.4954400062561035
-2.293570041656494
5.711900234222412
-2.8127100467681885
5.928369998931885
-3.331860065460205
6.144830226898193
-3.8510000705718994
6.361289978027344
-4.370140075683594
6.577750205993652
-4.889289855957031
6.794209957122803
-5.408430099487305
7.010680198669434
-5.92756986618042
7.227139949798584
-6.446720123291016
7.443600177764893
-6.965859889984131
7.660059928894043
-7.485000133514404
7.876520156860352
-8.004150390625
8.092989921569824
-8.523289680480957
8.309450149536133
-9.04242992401123
8.525910377502441
-9.561570167541504
8.742369651794434
-10.080699920654297
8.958840370178223
-10.599900245666504
