-2.8692400455474854
12.455100059509277
-2.550950050354004
11.995200157165527
-2.2326600551605225
11.535300254821777
-1.9143600463867188
11.075400352478027
-1.5960700511932373
10.615500450134277
-1.2777700424194336
10.155699729919434
-0.9594789743423462
9.69579029083252
-0.6411849856376648
9.235910415649414
-0.3228909969329834
8.776040077209473
-0.00459644990041852
8.316160202026367
0.3136979937553406
7.8562798500061035
0.631991982460022
7.39640998840332
0.9502859711647034
6.936530113220215
1.2685799598693848
6.476650238037109
1.5868699550628662
6.016769886016846
1.90516996383667
5.5569000244140625
2.2234599590301514
5.097020149230957
2.541759967803955
4.637139797210693
2.8600499629974365
4.17726993560791
3.178339958190918
3.7173900604248047
3.4966399669647217
3.25750994682312
3.814929962158203
2.7976300716400146
4.133230209350586
2.3377599716186523
4.451519966125488
1.8778799772262573
4.769820213317871
1.4179999828338623
5.088109970092773
0.9581249952316284
5.406400203704834
0.49824801087379456
5.724699974060059
0.03837050125002861
6.042990207672119
-0.42150700092315674
6.361289978027344
-0.881384015083313
6.679580211639404
-1.3412599563598633
6.997869968414307
-1.8011399507522583
7.3161702156066895
-2.2610199451446533
7.634459972381592
-2.7208900451660156
7.952760219573975
-3.180769920349121
8.271050453186035
-3.6406500339508057
8.589349746704102
-4.100520133972168
8.90764045715332
-4.560400009155273
9.225930213928223
-5.020279884338379
9.544230461120605
-5.480160236358643
9.862520217895508
-5.940030097961426
10.180800437927246
-6.399909973144531
10.499099731445312
-6.859789848327637
10.817399978637695
-7.319660186767578
11.135700225830078
-7.779540061950684
11.454000473022461
-8.239419937133789
11.772299766540527
-8.699299812316895
12.09060001373291
-9.159170150756836
12.408900260925293
-9.619050025939941
12.72719955444336
-10.078900337219238
13.045499801635742
-10.538800239562988
13.363800048828125
-10.998700141906738
13.682100296020508
-11.458600044250488
14.000300407409668
-11.918399810791016
14.318599700927734
-12.378299713134766
14.636899948120117
-12.838199615478516
14.9552001953125
-13.298100471496582
15.273500442504883
-13.75790023803711
15.59179973602295
-14.21780014038086
