17.98509979248047
-18.041500091552734
17.561199188232422
-17.685800552368164
17.137399673461914
-17.3302001953125
16.713600158691406
-16.974599838256836
16.2898006439209
-16.618999481201172
15.866000175476074
-16.263399124145508
15.44219970703125
-15.907699584960938
15.018400192260742
-15.55210018157959
14.594599723815918
-15.196499824523926
14.17080020904541
-14.840900421142578
13.746999740600586
-14.485300064086914
13.323200225830078
-14.12969970703125
12.899399757385254
-13.77400016784668
12.475600242614746
-13.418399810791016
12.051799774169922
-13.062800407409668
11.628000259399414
-12.707200050354004
11.20419979095459
-12.35159969329834
10.780400276184082
-11.99590015411377
10.356599807739258
-11.640299797058105
9.93274974822998
-11.284700393676758
9.508939743041992
-10.929100036621094
9.085129737854004
-10.57349967956543
8.661330223083496
-10.217900276184082
8.237520217895508
-9.862239837646484
7.813720226287842
-9.506620407104492
7.3899102210998535
-9.151000022888184
6.9661102294921875
-8.795379638671875
6.542300224304199
-8.439769744873047
6.118500232696533
-8.084150314331055
5.694690227508545
-7.728529930114746
5.270880222320557
-7.372910022735596
4.847080230712891
-7.017290115356445
4.423270225524902
-6.661680221557617
3.9994699954986572
-6.306059837341309
3.575659990310669
-5.950439929962158
3.151859998703003
-5.594820022583008
2.7280499935150146
-5.239200115203857
2.3042500019073486
-4.883590221405029
1.8804399967193604
-4.527969837188721
1.4566400051116943
-4.17234992980957
1.032829999923706
-3.81673002243042
0.6090239882469177
-3.4611101150512695
