-2.274319887161255
-15.110300064086914
-2.388580083847046
-14.560700416564941
-2.502840042114258
-14.011099815368652
-2.6170899868011475
-13.46150016784668
-2.7313499450683594
-12.91189956665039
-2.845599889755249
-12.362299919128418
-2.95986008644104
-11.812700271606445
-3.074120044708252
-11.263099670410156
-3.1883699893951416
-10.713500022888184
-3.3026299476623535
-10.163900375366211
-3.4168899059295654
-9.614290237426758
-3.531140089035034
-9.064689636230469
-3.645400047302246
-8.515089988708496
-3.7596499919891357
-7.9654998779296875
-3.8739099502563477
-7.415900230407715
-3.9881699085235596
-6.866300106048584
-4.102419853210449
-6.316699981689453
-4.21668004989624
-5.767099857330322
-4.330939769744873
-5.217510223388672
-4.445189952850342
-4.667910099029541
-4.559450149536133
-4.11830997467041
-4.673699855804443
-3.5687100887298584
-4.787960052490234
-3.0191099643707275
-4.902219772338867
-2.469520092010498
-5.016469955444336
-1.9199199676513672
-5.130730152130127
-1.3703199625015259
-5.24498987197876
-0.8207219839096069
-5.3592400550842285
-0.271124005317688
-5.473499774932861
0.27847400307655334
-5.58774995803833
0.8280730247497559
-5.702010154724121
1.3776700496673584
-5.816269874572754
1.9272700548171997
-5.930520057678223
2.476870059967041
-6.0447797775268555
3.0264599323272705
-6.1590399742126465
3.5760600566864014
-6.273290157318115
4.125659942626953
-6.387549877166748
4.675260066986084
-6.501800060272217
5.224860191345215
-6.61605978012085
5.7744598388671875
-6.730319976806641
6.324049949645996
-6.844570159912109
6.873650074005127
-6.958829879760742
7.423250198364258
-7.073090076446533
7.9728498458862305
-7.187339782714844
8.52245044708252
-7.301599979400635
9.072039604187012
-7.4158501625061035
9.6216402053833
-7.530109882354736
10.171199798583984
-7.644370079040527
10.720800399780273
-7.758619785308838
11.270400047302246
-7.872879981994629
11.819999694824219
-7.98714017868042
12.369600296020508
-8.10138988494873
12.91919994354248
-8.215649604797363
13.468799591064453
-8.329899787902832
14.018400192260742
-8.444160461425781
14.567999839782715
-8.558420181274414
15.117600440979004
