-14.518099784851074
14.67549991607666
-14.12720012664795
14.270500183105469
-13.736300468444824
13.865500450134277
-13.345399856567383
13.46049976348877
-12.95460033416748
13.055500030517578
-12.563699722290039
12.650500297546387
-12.172800064086914
12.245499610900879
-11.781900405883789
11.840499877929688
-11.39109992980957
11.435500144958496
-11.000200271606445
11.030500411987305
-10.609299659729004
10.625499725341797
-10.218500137329102
10.220499992370605
-9.827580451965332
9.815469741821289
-9.436710357666016
9.410470008850098
-9.0458402633667
9.005459785461426
-8.654970169067383
8.600460052490234
-8.264089584350586
8.195449829101562
-7.873219966888428
7.790450096130371
-7.482349872589111
7.3854498863220215
-7.091479778289795
6.980440139770508
-6.7006001472473145
6.575439929962158
-6.309730052947998
6.170440196990967
-5.918859958648682
5.765429973602295
-5.527989864349365
5.360429763793945
-5.137110233306885
4.955420017242432
-4.746240139007568
4.550419807434082
-4.355370044708252
4.145420074462891
-3.9644999504089355
3.740410089492798
-3.573620080947876
3.3354101181030273
-3.1827499866485596
2.9304099082946777
-2.791879892349243
2.525399923324585
-2.4010000228881836
2.1203999519348145
-2.010129928588867
1.715399980545044
-1.6192599534988403
1.3103899955749512
-1.2283899784088135
0.9053879976272583
-0.8375139832496643
0.5003839731216431
-0.4466420114040375
0.09538020193576813
-0.05576910078525543
-0.30962398648262024
0.33510398864746094
-0.7146270275115967
0.7259759902954102
-1.119629979133606
1.1168500185012817
-1.5246299505233765
1.5077199935913086
-1.9296400547027588
1.8985899686813354
-2.3346400260925293
2.2894699573516846
-2.739650011062622
2.680340051651001
-3.1446499824523926
3.0712099075317383
-3.549649953842163
3.4620800018310547
-3.954659938812256
3.8529601097106934
-4.3596601486206055
4.24383020401001
-4.764659881591797
4.634699821472168
-5.169670104980469
5.025569915771484
-5.57466983795166
5.416450023651123
-5.979680061340332
5.8073201179504395
-6.384679794311523
6.198190212249756
-6.789680004119873
6.589069843292236
-7.194690227508545
6.979939937591553
-7.599689960479736
7.370810031890869
-8.004690170288086
7.7616801261901855
-8.409700393676758
8.152560234069824
-8.81470012664795
8.54343032836914
-9.219710350036621
8.934300422668457
-9.624710083007812
9.325169563293457
-10.02970027923584
9.716050148010254
-10.434700012207031
10.106900215148926
-10.839699745178223
10.49779987335205
-11.24470043182373
10.888699531555176
-11.649700164794922
