-3.704349994659424
-5.415070056915283
-4.068130016326904
-5.006969928741455
-4.431920051574707
-4.598879814147949
-4.7957000732421875
-4.190780162811279
-5.15949010848999
-3.7826900482177734
-5.523280143737793
-3.3745899200439453
-5.887060165405273
-2.9664900302886963
-6.250850200653076
-2.5583999156951904
-6.614640235900879
-2.1503000259399414
-6.978419780731201
-1.742210030555725
-7.342209815979004
-1.3341100215911865
-7.705999851226807
-0.9260159730911255
-8.069780349731445
-0.517920970916748
-8.43356990814209
-0.109825000166893
-8.79736042022705
0.2982710003852844
-9.161140441894531
0.7063660025596619
-9.524930000305176
1.1144599914550781
-9.888710021972656
1.5225600004196167
-10.2524995803833
1.930649995803833
-10.616299629211426
2.338749885559082
-10.98009967803955
2.746840000152588
-11.343899726867676
3.154939889907837
-11.707599639892578
3.563040018081665
-12.071399688720703
3.971129894256592
-12.435199737548828
4.37923002243042
-12.798999786376953
4.787320137023926
