-4.133840084075928
5.0096001625061035
-4.213180065155029
4.460440158843994
-4.292510032653809
3.9112699031829834
-4.37185001373291
3.3620998859405518
-4.4511799812316895
2.812930107116699
-4.530509948730469
2.26377010345459
-4.60984992980957
1.7145999670028687
-4.68917989730835
1.165429949760437
-4.768519878387451
0.6162629723548889
-4.8478498458862305
0.0670958012342453
-4.927189826965332
-0.48207199573516846
-5.006519794464111
-1.0312399864196777
-5.085849761962891
-1.5804100036621094
-5.16519021987915
-2.1295700073242188
-5.24452018737793
-2.6787400245666504
-5.323860168457031
-3.227910041809082
-5.4031901359558105
-3.7770800590515137
-5.482530117034912
-4.326240062713623
-5.561860084533691
-4.875410079956055
-5.641190052032471
-5.424580097198486
-5.720530033111572
-5.973750114440918
-5.799860000610352
-6.522910118103027
-5.879199981689453
-7.072080135345459
-5.958529949188232
-7.621250152587891
-6.037869930267334
-8.170419692993164
-6.117199897766113
-8.719579696655273
-6.196529865264893
-9.268750190734863
-6.275869846343994
-9.817919731140137
