13.530200004577637
17.70050048828125
13.395000457763672
17.15850067138672
13.25979995727539
16.616500854492188
13.124600410461426
16.074499130249023
12.989500045776367
15.532600402832031
12.854299545288086
14.990599632263184
12.719099998474121
14.448599815368652
12.583900451660156
13.906700134277344
12.448800086975098
13.364700317382812
12.313599586486816
12.822699546813965
12.178400039672852
12.280699729919434
12.04319953918457
11.738800048828125
11.908100128173828
11.196800231933594
11.772899627685547
10.654800415039062
11.637700080871582
10.112899780273438
11.5024995803833
9.570899963378906
11.367300033569336
9.02892017364502
11.232199668884277
8.486949920654297
11.097000122070312
7.944980144500732
10.961799621582031
7.40300989151001
10.826600074768066
6.861040115356445
10.691499710083008
6.319069862365723
10.556300163269043
5.777100086212158
10.421099662780762
5.2351298332214355
10.285900115966797
4.693160057067871
10.150799751281738
4.151189804077148
10.015600204467773
3.609220027923584
9.880410194396973
3.0672500133514404
9.745229721069336
2.525279998779297
9.61005973815918
1.9833099842071533
9.47488021850586
1.4413399696350098
9.339710235595703
0.8993690013885498
9.204529762268066
0.35739800333976746
9.069350242614746
-0.1845719963312149
8.93418025970459
-0.7265419960021973
8.798999786376953
-1.2685099840164185
8.663820266723633
-1.810479998588562
8.528650283813477
-2.352449893951416
8.39346981048584
-2.8944199085235596
8.258299827575684
-3.436389923095703
8.123120307922363
-3.9783599376678467
7.987939834594727
-4.5203399658203125
7.85276985168457
-5.062310218811035
7.717589855194092
-5.6042799949646
7.582409858703613
-6.146249771118164
7.447239875793457
-6.688220024108887
7.3120598793029785
-7.230189800262451
7.1768798828125
-7.772160053253174
7.041709899902344
-8.314129829406738
6.906529903411865
-8.856100082397461
