13.567399978637695
-3.6697399616241455
13.048600196838379
-3.529639959335327
12.529800415039062
-3.389539957046509
12.01099967956543
-3.2494399547576904
11.492199897766113
-3.10932993888855
10.973400115966797
-2.9692299365997314
10.45460033416748
-2.829129934310913
9.935839653015137
-2.6890299320220947
9.4170503616333
-2.548919916152954
8.898249626159668
-2.4088199138641357
8.379460334777832
-2.2687199115753174
7.86067008972168
-2.128619909286499
7.341869831085205
-1.988510012626648
6.823080062866211
-1.8484100103378296
6.304279804229736
-1.7083100080490112
5.785490036010742
-1.5682100057601929
5.26669979095459
-1.4280999898910522
4.722670078277588
-1.277269959449768
4.178639888763428
-1.1264300346374512
3.634619951248169
-0.9755939841270447
3.090590000152588
-0.8247569799423218
2.546560049057007
-0.6739209890365601
2.002530097961426
-0.5230849981307983
1.4585100412368774
-0.37224799394607544
0.9144799709320068
-0.22141200304031372
0.37045300006866455
-0.07057540118694305
-0.17357400059700012
0.08026090264320374
-0.7176010012626648
0.2310969978570938
-1.2616300582885742
0.3819339871406555
-1.8056600093841553
0.5327699780464172
-2.349679946899414
0.6836069822311401
-2.893709897994995
0.8344429731369019
-3.4377400875091553
0.9852790236473083
-3.981760025024414
1.1361199617385864
-4.525790214538574
1.2869499921798706
-5.069819927215576
1.437790036201477
-5.613850116729736
1.5886199474334717
-6.157869815826416
1.7394599914550781
-6.701900005340576
1.8903000354766846
-7.245930194854736
2.0411300659179688
-7.789949893951416
2.191970109939575
-8.333979606628418
2.3428099155426025
-8.878009796142578
2.4936399459838867
-9.422039985656738
2.644479990005493
-9.966059684753418
2.7953200340270996
-10.510100364685059
2.946150064468384
-11.054100036621094
3.0969901084899902
-11.598099708557129
3.2478299140930176
-12.142200469970703
3.3986599445343018
-12.686200141906738
3.549499988555908
-13.230199813842773
3.7003300189971924
-13.774299621582031
3.851170063018799
-14.318300247192383
4.002009868621826
-14.862299919128418
4.1528401374816895
-15.406299591064453
4.303679943084717
-15.950400352478027
4.454520225524902
-16.494400024414062
4.605350017547607
-17.038400650024414
4.756189823150635
-17.582399368286133
4.90703010559082
-18.12649917602539
5.057859897613525
-18.670499801635742
5.208700180053711
