-17.986299514770508
-10.147600173950195
-17.449499130249023
-10.302300453186035
-16.912599563598633
-10.456999778747559
-16.37579917907715
-10.611700057983398
-15.83899974822998
-10.766500473022461
-15.30210018157959
-10.921199798583984
-14.765299797058105
-11.075900077819824
-14.228400230407715
-11.230600357055664
-13.69159984588623
-11.38539981842041
-13.15470027923584
-11.54010009765625
-12.617899894714355
-11.69480037689209
-12.081100463867188
-11.849499702453613
-11.54419994354248
-12.004199981689453
-11.007399559020996
-12.159000396728516
-10.470499992370605
-12.313699722290039
-9.933679580688477
-12.468400001525879
-9.39684009552002
-12.623100280761719
-8.859999656677246
-12.777899742126465
-8.323149681091309
-12.932600021362305
-7.786310195922852
-13.087300300598145
-7.249470233917236
-13.241999626159668
-6.712619781494141
-13.39680004119873
-6.175779819488525
-13.55150032043457
-5.63893985748291
-13.706199645996094
-5.102089881896973
-13.860899925231934
-4.565249919891357
-14.015600204467773
-4.028409957885742
-14.17039966583252
-3.4915599822998047
-14.32509994506836
-2.9547200202941895
-14.4798002243042
-2.417880058288574
-14.634499549865723
-1.8810299634933472
-14.789299964904785
-1.344190001487732
-14.944000244140625
-0.807345986366272
-15.098699569702148
-0.2705030143260956
-15.253399848937988
0.2663399875164032
-15.40820026397705
0.8031839728355408
-15.562899589538574
1.3400299549102783
-15.717599868774414
1.876870036125183
-15.872300148010254
2.413710117340088
-16.027000427246094
2.9505600929260254
-16.181800842285156
3.4874000549316406
-16.33650016784668
4.024240016937256
-16.491199493408203
4.561089992523193
-16.64590072631836
5.097929954528809
-16.80069923400879
5.634769916534424
-16.955400466918945
6.171619892120361
-17.11009979248047
6.708459854125977
-17.264799118041992
7.245299816131592
-17.41950035095215
7.782149791717529
-17.57430076599121
8.318989753723145
-17.729000091552734
8.855830192565918
-17.883699417114258
9.392680168151855
-18.038400650024414
9.929519653320312
-18.193199157714844
10.466400146484375
-18.347900390625
11.003199577331543
-18.502599716186523
11.539999961853027
-18.65730094909668
12.076899528503418
-18.81209945678711
12.613699913024902
-18.966800689697266
13.15060043334961
-19.12150001525879
13.687399864196777
-19.276199340820312
14.224300384521484
-19.43090057373047
