12.687000274658203
-12.668700218200684
12.143799781799316
-12.814399719238281
11.600600242614746
-12.960000038146973
11.05739974975586
-13.10569953918457
10.514200210571289
-13.251299858093262
9.971039772033691
-13.397000312805176
9.427849769592285
-13.54259967803955
8.884650230407715
-13.688300132751465
8.341460227966309
-13.833900451660156
7.798270225524902
-13.979499816894531
7.255070209503174
-14.125200271606445
6.711880207061768
-14.27079963684082
6.168690204620361
-14.416500091552734
5.625490188598633
-14.562100410461426
5.082300186157227
-14.707799911499023
4.539100170135498
-14.853400230407715
3.9959099292755127
-14.999099731445312
