-14.937299728393555
17.625999450683594
-14.378800392150879
17.635000228881836
-13.820300102233887
17.643999099731445
-13.261799812316895
17.652999877929688
-12.703399658203125
17.662099838256836
-12.14490032196045
17.671100616455078
-11.586400032043457
17.680099487304688
-11.027899742126465
17.68910026550293
-10.469400405883789
17.69809913635254
-9.910920143127441
17.707199096679688
-9.35243034362793
17.71619987487793
-8.793939590454102
17.725200653076172
-8.23546028137207
17.73419952392578
-7.6769700050354
17.74329948425293
-7.118480205535889
17.752300262451172
-6.559999942779541
17.76129913330078
-6.001510143280029
17.770299911499023
-5.443019866943359
17.779300689697266
-4.88454008102417
17.788400650024414
-4.3260498046875
17.797399520874023
-3.7675600051879883
17.806400299072266
-3.2090799808502197
17.815399169921875
-2.650589942932129
17.824499130249023
-2.092099905014038
17.833499908447266
-1.5336099863052368
17.842500686645508
-0.9751279950141907
17.851499557495117
-0.4166409969329834
17.86050033569336
0.14184600114822388
17.869600296020508
0.7003329992294312
17.878599166870117
1.2588200569152832
17.88759994506836
1.8173099756240845
17.8966007232666
2.3757901191711426
17.90570068359375
2.9342799186706543
17.91469955444336
3.492769956588745
17.9237003326416
4.051249980926514
17.93269920349121
4.609739780426025
17.941699981689453
5.168230056762695
17.9507999420166
5.726719856262207
17.959800720214844
6.285200119018555
17.968799591064453
6.843689918518066
17.977800369262695
7.402180194854736
17.986900329589844
7.960659980773926
17.995899200439453
8.519149780273438
18.004899978637695
9.07763957977295
18.013900756835938
9.636119842529297
18.022899627685547
10.194600105285645
18.031999588012695
10.753100395202637
18.041000366210938
11.311599731445312
18.049999237060547
11.870100021362305
18.05900001525879
12.428600311279297
18.068099975585938
12.987000465393066
18.07710075378418
13.545499801635742
18.08609962463379
14.104000091552734
18.09510040283203
14.662500381469727
18.10409927368164
15.220999717712402
18.11319923400879
15.779500007629395
18.12220001220703
