-2.2613699436187744
-12.642900466918945
-1.7526600360870361
-12.401399612426758
-1.2439500093460083
-12.15999984741211
-0.7352460026741028
-11.918499946594238
-0.2265390008687973
-11.67710018157959
0.28216901421546936
-11.435600280761719
0.7908769845962524
-11.194199562072754
1.2995799779891968
-10.952699661254883
1.8082900047302246
-10.711199760437012
2.316999912261963
-10.469799995422363
2.8257100582122803
-10.228300094604492
3.3344199657440186
-9.986889839172363
3.8431200981140137
-9.745429992675781
4.351830005645752
-9.503979682922363
4.86053991317749
-9.262519836425781
5.3692498207092285
-9.021069526672363
5.877950191497803
-8.779609680175781
6.386660099029541
-8.53816032409668
6.895370006561279
-8.296699523925781
7.404079914093018
-8.05525016784668
7.912789821624756
-7.8137898445129395
8.421489715576172
-7.57234001159668
8.93019962310791
-7.33089017868042
9.438909530639648
-7.08942985534668
9.947620391845703
-6.84798002243042
10.456299781799316
-6.606520175933838
10.96500015258789
-6.36506986618042
11.473699569702148
-6.123610019683838
11.982399940490723
-5.882160186767578
12.49120044708252
-5.640699863433838
12.999899864196777
-5.399250030517578
13.508600234985352
-5.157790184020996
14.01729965209961
-4.916339874267578
14.526000022888184
-4.674890041351318
15.034700393676758
-4.433430194854736
15.543399810791016
-4.191979885101318
16.052099227905273
-3.9505200386047363
16.560800552368164
-3.7090699672698975
17.069499969482422
-3.4676098823547363
17.57819938659668
-3.2261600494384766
18.08690071105957
-2.9846999645233154
18.595600128173828
-2.7432498931884766
19.104400634765625
-2.5017900466918945
19.613100051879883
-2.2603399753570557
