17.858800888061523
17.22330093383789
17.296499252319336
17.273700714111328
16.73419952392578
17.324100494384766
16.17180061340332
17.37459945678711
15.60949993133545
17.424999237060547
15.047200202941895
17.475400924682617
14.48490047454834
17.52589988708496
13.922599792480469
17.5762996673584
13.360199928283691
17.626699447631836
12.797900199890137
17.677200317382812
12.235600471496582
17.72760009765625
11.673299789428711
17.777999877929688
11.111000061035156
17.828500747680664
10.548600196838379
17.8789005279541
9.986310005187988
17.92930030822754
9.423990249633789
17.979799270629883
8.861669540405273
18.03019905090332
8.299349784851074
18.08060073852539
7.737030029296875
18.131099700927734
7.174709796905518
18.181499481201172
