-1.3784500360488892
-5.498300075531006
-1.917449951171875
-5.66795015335083
-2.4564499855041504
-5.837609767913818
-2.995450019836426
-6.007259845733643
-3.534450054168701
-6.176909923553467
-4.073460102081299
-6.346560001373291
-4.612460136413574
-6.5162200927734375
-5.15146017074585
-6.685870170593262
-5.690460205078125
-6.855519771575928
-6.229459762573242
-7.025169849395752
-6.768459796905518
-7.194829940795898
-7.307469844818115
-7.364480018615723
-7.846469879150391
-7.534130096435547
-8.385470390319824
-7.703790187835693
-8.924469947814941
-7.873439788818359
-9.463470458984375
-8.043089866638184
-10.0024995803833
-8.212739944458008
-10.541500091552734
-8.382399559020996
-11.080499649047852
-8.55204963684082
-11.619500160217285
-8.721699714660645
-12.158499717712402
-8.891349792480469
-12.697500228881836
-9.061010360717773
-13.236499786376953
-9.230660438537598
-13.775500297546387
-9.400309562683105
-14.314499855041504
-9.56995964050293
-14.853500366210938
-9.739620208740234
