-19.447099685668945
-8.371919631958008
-19.36949920654297
-7.82213020324707
-19.29199981689453
-7.272339820861816
-19.214500427246094
-6.722549915313721
-19.136999130249023
-6.172760009765625
-19.05940055847168
-5.622980117797852
-18.98189926147461
-5.073190212249756
-18.904399871826172
-4.523399829864502
-18.826799392700195
-3.9736099243164062
-18.749300003051758
-3.4238200187683105
-18.67180061340332
-2.874030113220215
-18.594200134277344
-2.32423996925354
-18.516700744628906
-1.774459958076477
-18.439199447631836
-1.2246700525283813
-18.361600875854492
-0.6748790144920349
-18.284099578857422
-0.12509000301361084
-18.206600189208984
0.42469799518585205
-18.129100799560547
0.9744870066642761
-18.05150032043457
1.5242799520492554
-17.974000930786133
2.0740599632263184
-17.896499633789062
2.623850107192993
-17.818899154663086
3.173640012741089
-17.74139976501465
3.7234299182891846
-17.66390037536621
4.273220062255859
-17.586299896240234
4.823009967803955
-17.508800506591797
5.372799873352051
-17.431299209594727
5.922579765319824
-17.353700637817383
6.472370147705078
-17.276199340820312
7.022160053253174
-17.198699951171875
7.5719499588012695
-17.121200561523438
8.121740341186523
-17.04360008239746
8.671529769897461
-16.966100692749023
9.221309661865234
-16.888599395751953
9.771100044250488
-16.81100082397461
10.320899963378906
-16.73349952697754
10.870699882507324
-16.6560001373291
11.420499801635742
-16.578399658203125
11.97029972076416
-16.500900268554688
12.520000457763672
-16.42340087890625
13.06980037689209
-16.345800399780273
13.619600296020508
-16.268299102783203
14.169400215148926
-16.190799713134766
14.719200134277344
-16.113300323486328
15.269000053405762
-16.03569984436035
15.81879997253418
-15.958200454711914
16.368600845336914
-15.88070011138916
16.918399810791016
-15.803099632263184
17.46809959411621
-15.725600242614746
18.017900466918945
-15.648099899291992
18.567699432373047
-15.570500373840332
19.11750030517578
