5.797410011291504
-17.932600021362305
5.246409893035889
-17.96470069885254
4.695409774780273
-17.996700286865234
4.144420146942139
-18.02869987487793
3.5934200286865234
-18.060699462890625
3.0424299240112305
-18.09269905090332
2.4914300441741943
-18.124799728393555
1.9404300451278687
-18.15679931640625
1.3894399404525757
-18.188800811767578
0.838441014289856
-18.220800399780273
0.2874450087547302
-18.252899169921875
-0.2635509967803955
-18.284900665283203
-0.8145480155944824
-18.3169002532959
-1.3655400276184082
-18.348899841308594
-1.9165400266647339
-18.38089942932129
-2.4675400257110596
-18.413000106811523
-3.0185298919677734
-18.44499969482422
-3.5695300102233887
-18.476999282836914
-4.120530128479004
-18.509000778198242
-4.671520233154297
-18.541099548339844
-5.222519874572754
-18.57309913635254
-5.773509979248047
-18.605100631713867
