-12.600600242614746
8.091300010681152
-12.188400268554688
7.730169773101807
-11.776300430297852
7.369040012359619
-11.364100456237793
7.007919788360596
-10.95199966430664
6.646790027618408
-10.539899826049805
6.2856597900390625
-10.127699851989746
5.924530029296875
-9.715579986572266
5.563399791717529
-9.30344009399414
5.202270030975342
-8.891300201416016
4.841149806976318
-8.47916030883789
4.480020046234131
-8.067020416259766
4.118889808654785
-7.654880046844482
3.7577600479125977
-7.242740154266357
3.396630048751831
-6.830599784851074
3.0355000495910645
-6.418459892272949
2.67438006401062
-6.006319999694824
2.3132500648498535
-5.594180107116699
1.9521199464797974
-5.182040214538574
1.5909899473190308
-4.769899845123291
1.2298599481582642
