-10.024100303649902
4.9261698722839355
-9.494970321655273
4.745039939880371
-8.965869903564453
4.563920021057129
-8.43677043914795
4.3827900886535645
-7.907670021057129
4.201670169830322
-7.378570079803467
4.020549774169922
-6.849470138549805
3.8394200801849365
-6.320370197296143
3.6582999229431152
-5.791269779205322
3.477169990539551
-5.26216983795166
3.2960500717163086
-4.733069896697998
3.114919900894165
-4.203969955444336
2.933799982070923
-3.674870014190674
2.7526700496673584
-3.1457700729370117
2.571549892425537
-2.6166698932647705
2.3904199600219727
-2.087559938430786
2.2093000411987305
-1.558459997177124
2.028179883956909
-1.029360055923462
1.8470499515533447
-0.500262975692749
1.6659300327301025
0.02883709967136383
1.4847999811172485
0.5579379796981812
1.3036799430847168
1.0870399475097656
1.1225500106811523
1.6161400079727173
0.941428005695343
2.145240068435669
0.7603030204772949
2.674340009689331
0.5791789889335632
3.203439950942993
0.39805400371551514
3.7325398921966553
0.21693000197410583
4.2616400718688965
0.035805001854896545
4.790740013122559
-0.14531999826431274
5.319839954376221
-0.32644400000572205
5.848939895629883
-0.5075690150260925
6.378039836883545
-0.6886929869651794
6.907139778137207
-0.8698179721832275
7.436240196228027
-1.0509400367736816
7.9653401374816895
-1.232069969177246
8.494449615478516
-1.4131900072097778
9.023550033569336
-1.5943200588226318
9.552650451660156
-1.775439977645874
10.081700325012207
-1.956570029258728
10.610799789428711
-2.1376900672912598
11.139900207519531
-2.318809986114502
11.668999671936035
-2.4999399185180664
