-3.9728500843048096
-7.238409996032715
-3.4185099601745605
-7.267899990081787
-2.8641700744628906
-7.297389984130859
-2.3098299503326416
-7.326879978179932
-1.7554899454116821
-7.356369972229004
-1.2011499404907227
-7.385859966278076
-0.6468070149421692
-7.415349960327148
-0.09246599674224854
-7.444839954376221
0.46187499165534973
-7.474329948425293
1.016219973564148
-7.503819942474365
1.5705599784851074
-7.5333099365234375
2.1249001026153564
-7.56279993057251
2.6792399883270264
-7.592289924621582
3.2335801124572754
-7.621779918670654
3.7879199981689453
-7.651269912719727
4.342259883880615
-7.680759906768799
4.896599769592285
-7.710249900817871
5.450940132141113
-7.739739894866943
6.005280017852783
-7.769229888916016
6.559629917144775
-7.798719882965088
7.113969802856445
-7.82820987701416
7.668310165405273
-7.857699871063232
8.222649574279785
-7.887189865112305
8.776989936828613
-7.916679859161377
9.331330299377441
-7.946169853210449
9.885669708251953
-7.9756598472595215
10.4399995803833
-8.005149841308594
10.994400024414062
-8.034640312194824
11.548700332641602
-8.064120292663574
12.102999687194824
-8.093609809875488
