-10.145999908447266
-16.228300094604492
-9.746919631958008
-15.862600326538086
-9.347840309143066
-15.496999740600586
-8.948749542236328
-15.131400108337402
-8.549670219421387
-14.765800476074219
-8.150580406188965
-14.400199890136719
-7.751500129699707
-14.034500122070312
-7.352419853210449
-13.668899536132812
-6.953330039978027
-13.303299903869629
-6.5542497634887695
-12.937700271606445
-6.15516996383667
-12.572099685668945
-5.756080150604248
-12.206399917602539
-5.35699987411499
-11.840800285339355
-4.957920074462891
-11.475199699401855
-4.5588297843933105
-11.109600067138672
-4.159749984741211
-10.744000434875488
-3.76065993309021
-10.378399848937988
-3.3615798950195312
-10.012700080871582
-2.9625000953674316
-9.647120475769043
-2.5634100437164307
-9.281499862670898
-2.164330005645752
-8.91588020324707
-1.7652499675750732
-8.550259590148926
-1.3661600351333618
-8.184639930725098
-0.9670789837837219
-7.819019794464111
