12.286800384521484
9.265439987182617
11.987099647521973
8.786760330200195
11.687399864196777
8.308079719543457
11.387700080871582
7.829400062561035
11.088000297546387
7.350719928741455
10.788299560546875
6.872049808502197
10.488499641418457
6.393370151519775
10.188799858093262
5.914690017700195
9.889120101928711
5.436009883880615
9.589409828186035
4.957330226898193
9.289690017700195
4.478650093078613
8.98997974395752
3.999969959259033
8.69027042388916
3.5212900638580322
8.390549659729004
3.042609930038452
8.090840339660645
2.563930034637451
7.791130065917969
2.0852599143981934
7.491419792175293
1.6065800189971924
7.191699981689453
1.1279000043869019
6.8919901847839355
0.6492189764976501
6.59227991104126
0.1705400049686432
6.29256010055542
-0.30813899636268616
5.992849826812744
-0.7868180274963379
5.693140029907227
-1.2654999494552612
5.393420219421387
-1.7441799640655518
5.093709945678711
-2.222860097885132
4.794000148773193
-2.7015299797058105
4.494279861450195
-3.1802101135253906
4.194570064544678
-3.6588900089263916
3.894860029220581
-4.137569904327393
3.595139980316162
-4.616250038146973
3.2954299449920654
-5.094930171966553
2.9957199096679688
-5.573609828948975
2.696000099182129
-6.052289962768555
2.3962900638580322
-6.530970096588135
2.0965800285339355
-7.009640216827393
1.7968599796295166
-7.4883198738098145
1.49714994430542
-7.9670000076293945
1.1974400281906128
-8.445679664611816
0.8977239727973938
-8.924360275268555
0.5980100035667419
-9.403039932250977
0.2982969880104065
-9.881719589233398
-0.0014161600265651941
-10.360400199890137
-0.301129013299942
-10.839099884033203
-0.6008430123329163
-11.31779956817627
-0.9005560278892517
-11.79640007019043
-1.2002700567245483
-12.275099754333496
-1.4999799728393555
-12.753800392150879
-1.7997000217437744
-13.232500076293945
-2.099410057067871
-13.711199760437012
-2.3991200923919678
-14.189800262451172
-2.6988399028778076
-14.668499946594238
-2.9985499382019043
-15.147199630737305
-3.298259973526001
-15.625900268554688
-3.59798002243042
-16.10449981689453
-3.8976900577545166
-16.583200454711914
-4.197400093078613
-17.061899185180664
-4.497109889984131
-17.540599822998047
-4.796830177307129
-18.01930046081543
-5.0965399742126465
-18.497900009155273
