-12.746600151062012
-14.004899978637695
-12.891799926757812
-13.471099853515625
-13.03689956665039
-12.937199592590332
-13.182100296020508
-12.403400421142578
-13.327300071716309
-11.869600296020508
-13.472399711608887
-11.335800170898438
-13.617600440979004
-10.802000045776367
-13.762800216674805
-10.268099784851074
-13.907999992370605
-9.734310150146484
-14.053099632263184
-9.20048999786377
-14.1983003616333
-8.666669845581055
-14.343500137329102
-8.13284969329834
-14.48859977722168
-7.599020004272461
-14.63379955291748
-7.065199851989746
-14.779000282287598
-6.5313801765441895
-14.924200057983398
-5.997560024261475
-15.069299697875977
-5.46373987197876
-15.214500427246094
-4.929920196533203
-15.359700202941895
-4.396100044250488
-15.504899978637695
-3.8622701168060303
-15.649999618530273
-3.3284499645233154
-15.79520034790039
-2.7946300506591797
-15.940400123596191
-2.260809898376465
-16.085500717163086
-1.726989984512329
-16.23069953918457
-1.1931699514389038
-16.375900268554688
-0.6593449711799622
-16.521099090576172
-0.12552300095558167
-16.666200637817383
0.4082989990711212
-16.811399459838867
0.9421200156211853
-16.956600189208984
1.4759399890899658
-17.101699829101562
2.0097599029541016
-17.24690055847168
2.5435800552368164
