2.477479934692383
-9.664939880371094
2.424720048904419
-9.106240272521973
2.371959924697876
-8.547550201416016
2.319200038909912
-7.988850116729736
2.266439914703369
-7.430160045623779
2.2136900424957275
-6.871469974517822
2.1609299182891846
-6.312769889831543
2.1081700325012207
-5.754079818725586
2.0554099082946777
-5.195390224456787
2.002650022506714
-4.636690139770508
1.9498900175094604
-4.078000068664551
1.8971400260925293
-3.5192999839782715
1.8443800210952759
-2.9606099128723145
1.7916200160980225
-2.4019200801849365
1.738860011100769
-1.8432199954986572
1.6861000061035156
-1.2845300436019897
1.6333500146865845
-0.7258350253105164
1.580590009689331
-0.16714100539684296
1.5278300046920776
0.39155301451683044
1.4750699996948242
0.9502469897270203
1.4223099946975708
1.5089399814605713
1.3695600032806396
2.0676300525665283
1.3167999982833862
2.6263298988342285
1.2640399932861328
3.1850199699401855
1.2112799882888794
3.743720054626465
1.158519983291626
4.302410125732422
1.1057599782943726
4.861100196838379
1.0530099868774414
5.4197998046875
1.000249981880188
5.978489875793457
0.9474899768829346
6.537189960479736
0.8947319984436035
7.095880031585693
0.8419740200042725
7.65457010269165
0.7892159819602966
8.21327018737793
0.7364569902420044
8.771960258483887
0.6836990118026733
9.330650329589844
0.6309409737586975
9.889349937438965
0.5781829953193665
10.447999954223633
0.5254250168800354
11.006699562072754
0.47266700863838196
11.565400123596191
0.4199090003967285
12.124099731445312
0.3671500086784363
12.68280029296875
0.31439200043678284
13.241499900817871
0.2616339921951294
13.800200462341309
0.20887599885463715
14.35890007019043
0.1561180055141449
14.91759967803955
0.10335999727249146
15.476300239562988
0.05060169845819473
16.03499984741211
-0.002156489994376898
16.593700408935547
-0.054914601147174835
17.15239906311035
-0.10767299681901932
17.71109962463379
-0.16043099761009216
18.269800186157227
