6.313819885253906
-18.271299362182617
6.185269832611084
-17.740400314331055
6.056719779968262
-17.209400177001953
5.928170204162598
-16.678499221801758
5.799630165100098
-16.147499084472656
5.671080112457275
-15.616600036621094
5.542530059814453
-15.085700035095215
5.413990020751953
-14.554699897766113
5.285439968109131
-14.023799896240234
5.156889915466309
-13.492899894714355
5.028339862823486
-12.961899757385254
4.899799823760986
-12.430999755859375
4.771249771118164
-11.899999618530273
4.6427001953125
-11.369099617004395
4.51416015625
-10.838199615478516
4.385610103607178
-10.30720043182373
4.2570600509643555
-9.776300430297852
4.1285200119018555
-9.245360374450684
