-18.506999969482422
15.236300468444824
-17.985700607299805
15.032400131225586
-17.464500427246094
14.828399658203125
-16.943300247192383
14.624500274658203
-16.422000885009766
14.420499801635742
-15.900799751281738
14.216500282287598
-15.379599571228027
14.01259994506836
-14.85830020904541
13.808600425720215
-14.3371000289917
13.604700088500977
-13.815899848937988
13.400699615478516
-13.294599533081055
13.196800231933594
-12.77340030670166
12.992799758911133
-12.25220012664795
12.788900375366211
-11.730899810791016
12.58489990234375
-11.209699630737305
12.380999565124512
-10.68850040435791
12.177000045776367
-10.167200088500977
11.973099708557129
-9.646010398864746
11.769100189208984
-9.12477970123291
11.565099716186523
-8.603540420532227
11.361200332641602
-8.08230972290039
11.15719985961914
-7.561069965362549
10.953300476074219
-7.039840221405029
10.749300003051758
-6.518610000610352
10.54539966583252
-5.997369766235352
10.341400146484375
-5.476140022277832
10.137499809265137
-4.954909801483154
9.933520317077637
-4.4336700439453125
9.729559898376465
-3.912440061569214
9.525609970092773
-3.391200065612793
9.321660041809082
-2.8699700832366943
9.11769962310791
-2.3487401008605957
8.913749694824219
-1.8274999856948853
8.709799766540527
-1.3062700033187866
8.505840301513672
-0.785036027431488
8.30189037322998
-0.2638019919395447
8.097929954528809
0.2574320137500763
7.893980026245117
0.7786650061607361
7.690030097961426
1.2999000549316406
7.486070156097412
1.8211300373077393
7.282120227813721
2.34237003326416
7.078169822692871
2.863600015640259
6.874209880828857
3.3848299980163574
6.670259952545166
3.9060699939727783
6.466310024261475
4.427299976348877
6.262350082397461
