3.089400053024292
3.222320079803467
3.520440101623535
2.8677899837493896
3.9514899253845215
2.5132598876953125
4.382540225982666
2.1587400436401367
4.81358003616333
1.8042099475860596
5.244629859924316
1.449679970741272
5.675680160522461
1.0951499938964844
6.106719970703125
0.7406259775161743
6.537769794464111
0.3860990107059479
6.968810081481934
0.031571999192237854
7.39985990524292
-0.32295501232147217
7.8309102058410645
-0.677482008934021
8.26194953918457
-1.0320099592208862
8.692999839782715
-1.3865400552749634
9.12405014038086
-1.7410600185394287
9.555089950561523
-2.095590114593506
9.986140251159668
-2.450119972229004
10.417200088500977
-2.804650068283081
10.848199844360352
-3.159169912338257
11.27929973602295
-3.513700008392334
11.71030044555664
-3.868230104446411
12.141400337219238
-4.222750186920166
12.572400093078613
-4.577280044555664
13.003499984741211
-4.931809902191162
13.434499740600586
-5.286340236663818
13.865599632263184
-5.640860080718994
14.296600341796875
-5.995389938354492
14.72760009765625
-6.34991979598999
15.158699989318848
-6.704440116882324
15.589699745178223
-7.058969974517822
16.02079963684082
-7.41349983215332
16.451799392700195
-7.768030166625977
16.88290023803711
-8.122550010681152
17.313899993896484
-8.477080345153809
17.7450008392334
-8.831609725952148
