16.5137996673584
-19.572200775146484
15.985099792480469
-19.393299102783203
15.456399917602539
-19.214399337768555
14.927800178527832
-19.035600662231445
14.399100303649902
-18.856700897216797
13.870400428771973
-18.677900314331055
13.34179973602295
-18.499000549316406
12.81309986114502
-18.320100784301758
12.28439998626709
-18.141300201416016
11.75570011138916
-17.962400436401367
11.227100372314453
-17.78350067138672
10.698399543762207
-17.604700088500977
10.169699668884277
-17.425800323486328
9.641070365905762
-17.246999740600586
9.11240005493164
-17.068099975585938
8.583740234375
-16.88920021057129
8.055069923400879
-16.710399627685547
7.526400089263916
-16.5314998626709
6.997729778289795
-16.35260009765625
6.469059944152832
-16.173799514770508
5.940390110015869
-15.99489974975586
5.41172981262207
-15.815999984741211
4.883059978485107
-15.637200355529785
4.3543901443481445
-15.45829963684082
3.8257200717926025
-15.279500007629395
3.2970499992370605
-15.100600242614746
2.7683799266815186
-14.921699523925781
2.2397100925445557
-14.742899894714355
1.711050033569336
-14.564000129699707
1.182379961013794
-14.385100364685059
0.6537089943885803
-14.206299781799316
0.1250399947166443
-14.027400016784668
-0.40362799167633057
-13.848600387573242
-0.9322969913482666
-13.669699668884277
-1.4609700441360474
-13.490799903869629
-1.9896299839019775
-13.312000274658203
-2.5183000564575195
-13.133099555969238
-3.0469698905944824
-12.95419979095459
-3.5756399631500244
-12.775400161743164
-4.104310035705566
-12.596500396728516
-4.632979869842529
-12.41759967803955
-5.161640167236328
-12.238800048828125
-5.690310001373291
-12.059900283813477
-6.218979835510254
-11.881099700927734
-6.747650146484375
-11.702199935913086
-7.276319980621338
-11.523300170898438
-7.804989814758301
-11.344499588012695
-8.333660125732422
-11.165599822998047
