-11.613300323486328
-14.749799728393555
-11.067399978637695
-14.679900169372559
-10.521499633789062
-14.610099792480469
-9.975549697875977
-14.540300369262695
-9.429630279541016
-14.470499992370605
-8.883709907531738
-14.400699615478516
-8.337789535522461
-14.330900192260742
-7.7918701171875
-14.261099815368652
-7.245950222015381
-14.191200256347656
-6.7000298500061035
-14.121399879455566
-6.154109954833984
-14.051600456237793
-5.608190059661865
-13.981800079345703
-5.062270164489746
-13.911999702453613
-4.516349792480469
-13.84220027923584
-3.9704298973083496
-13.77239990234375
-3.4245100021362305
-13.702500343322754
-2.8785901069641113
-13.632699966430664
-2.332669973373413
-13.562899589538574
-1.7867499589920044
-13.4931001663208
-1.2408299446105957
-13.423299789428711
-0.6949099898338318
-13.353500366210938
-0.14899000525474548
-13.283699989318848
0.3969300091266632
-13.213899612426758
0.9428499937057495
-13.144000053405762
1.4887700080871582
-13.074199676513672
2.0346899032592773
-13.004400253295898
2.5806100368499756
-12.934599876403809
3.1265299320220947
-12.864800453186035
3.672450065612793
-12.795000076293945
