-7.750279903411865
-11.180100440979004
-7.225210189819336
-11.38599967956543
-6.700150012969971
-11.59179973602295
-6.175079822540283
-11.797699928283691
-5.650020122528076
-12.003600120544434
-5.124949932098389
-12.209400177001953
-4.599880218505859
-12.415300369262695
-4.074820041656494
-12.621100425720215
-3.5497500896453857
-12.82699966430664
-3.0246798992156982
-13.032899856567383
-2.499619960784912
-13.238699913024902
-1.9745500087738037
-13.444600105285645
-1.4494800567626953
-13.650400161743164
-0.9244170188903809
-13.856300354003906
-0.39935100078582764
-14.062199592590332
0.12571600079536438
-14.267999649047852
0.6507819890975952
-14.473899841308594
1.1758500337600708
-14.679699897766113
1.7009199857711792
-14.885600090026855
2.225980043411255
-15.091500282287598
2.7510499954223633
-15.297300338745117
3.2761099338531494
-15.503199577331543
3.801179885864258
-15.709099769592285
4.326250076293945
-15.914899826049805
4.851309776306152
-16.120800018310547
5.37637996673584
-16.32659912109375
5.901450157165527
-16.532499313354492
6.426509857177734
-16.738399505615234
