8.925990104675293
16.52519989013672
8.627650260925293
16.047399520874023
8.329319953918457
15.569499969482422
8.030980110168457
15.09160041809082
7.732639789581299
14.613800048828125
7.434299945831299
14.135899543762207
7.135960102081299
13.657999992370605
6.837629795074463
13.18019962310791
6.539289951324463
12.702300071716309
6.240950107574463
12.22439956665039
5.942609786987305
11.746600151062012
5.644279956817627
11.268699645996094
5.345940113067627
10.790800094604492
5.047599792480469
10.312999725341797
4.749259948730469
9.83508014678955
4.450920104980469
9.357210159301758
4.152589797973633
8.879349708557129
3.854249954223633
8.401479721069336
3.555910110473633
7.923610210418701
3.2575700283050537
7.445740222930908
2.959239959716797
6.967879772186279
2.660900115966797
6.490009784698486
2.3625600337982178
6.012139797210693
2.0642199516296387
5.5342698097229
1.7658900022506714
5.056399822235107
1.4675500392913818
4.578539848327637
1.1692099571228027
4.100669860839844
0.8708720207214355
3.62280011177063
0.5725340247154236
3.144929885864258
0.27419599890708923
2.667059898376465
-0.024141300469636917
2.189199924468994
-0.3224790096282959
1.7113300561904907
-0.6208170056343079
1.2334599494934082
-0.9191550016403198
0.7555919885635376
-1.2174899578094482
0.2777239978313446
-1.5158300399780273
-0.2001439929008484
-1.814170002937317
-0.6780120134353638
-2.1125099658966064
-1.1558799743652344
-2.4108400344848633
-1.6337499618530273
-2.7091801166534424
-2.1116199493408203
-3.0075199604034424
-2.589479923248291
-3.3058600425720215
-3.067349910736084
-3.6041901111602783
-3.545219898223877
-3.9025299549102783
-4.02308988571167
-4.200870037078857
-4.500959873199463
-4.499209880828857
-4.978819847106934
