11.525799751281738
-18.593599319458008
11.200400352478027
-18.13170051574707
10.875
-17.669700622558594
10.549599647521973
-17.207700729370117
10.224200248718262
-16.745800018310547
9.898819923400879
-16.28380012512207
9.573430061340332
-15.821800231933594
9.248040199279785
-15.359800338745117
8.922639846801758
-14.897899627685547
8.597249984741211
-14.43589973449707
8.271860122680664
-13.973899841308594
7.946469783782959
-13.51200008392334
7.62106990814209
-13.050000190734863
7.295680046081543
-12.588000297546387
6.970290184020996
-12.126099586486816
6.644899845123291
-11.66409969329834
6.319499969482422
-11.202099800109863
5.994110107421875
-10.74020004272461
5.66871976852417
-10.278200149536133
5.343329906463623
-9.816229820251465
5.017930030822754
-9.354260444641113
4.692540168762207
-8.892290115356445
4.367149829864502
-8.430319786071777
4.041759967803955
-7.968349933624268
3.716360092163086
-7.506380081176758
3.39096999168396
-7.044419765472412
3.065579891204834
-6.582449913024902
2.740190029144287
-6.120480060577393
2.414789915084839
-5.658510208129883
2.089400053024292
-5.196539878845215
1.764009952545166
-4.734570026397705
1.4386199712753296
-4.272610187530518
1.113219976425171
-3.8106400966644287
0.7878299951553345
-3.34867000579834
0.4624379873275757
-2.886699914932251
0.1370449960231781
-2.424730062484741
-0.18834799528121948
-1.9627599716186523
-0.5137400031089783
-1.5008000135421753
-0.8391330242156982
-1.038830041885376
-1.1645300388336182
-0.5768600106239319
-1.4899200201034546
-0.11489199846982956
-1.815310001373291
0.34707701206207275
-2.140700101852417
0.8090450167655945
-2.466099977493286
1.2710100412368774
-2.791490077972412
1.7329800128936768
-3.116879940032959
2.1949501037597656
-3.442270040512085
2.6569199562072754
-3.767669916152954
3.1188900470733643
-4.09306001663208
3.5808498859405518
-4.418449878692627
4.042819976806641
-4.743840217590332
4.50478982925415
-5.069240093231201
4.966760158538818
-5.394629955291748
5.428730010986328
-5.720019817352295
5.890699863433838
-6.04541015625
6.352660179138184
-6.370810031890869
6.814630031585693
-6.696199893951416
7.276599884033203
-7.021590232849121
7.738570213317871
-7.346980094909668
8.200539588928223
-7.672379970550537
8.66250991821289
