16.22260093688965
9.001859664916992
15.714500427246094
9.204350471496582
15.206500053405762
9.406829833984375
14.698399543762207
9.609319686889648
14.190299987792969
9.811800003051758
13.682299613952637
10.014300346374512
13.174200057983398
10.21679973602295
12.666099548339844
10.419300079345703
12.158100128173828
10.621700286865234
11.649999618530273
10.824199676513672
11.142000198364258
11.026700019836426
10.633899688720703
11.22920036315918
10.125800132751465
11.431699752807617
9.617770195007324
11.634200096130371
9.109700202941895
11.836700439453125
8.601639747619629
12.03909969329834
8.09358024597168
12.241600036621094
7.585509777069092
12.444100379943848
7.077449798583984
12.646599769592285
6.569389820098877
12.849100112915039
6.061319828033447
13.051600456237793
5.55325984954834
13.253999710083008
5.045199871063232
13.456500053405762
4.537129878997803
13.659000396728516
4.029069900512695
13.861499786376953
3.521009922027588
14.064000129699707
3.012939929962158
14.266500473022461
