-16.869699478149414
15.492600440979004
-16.391399383544922
15.20259952545166
-15.913100242614746
14.912599563598633
-15.434800148010254
14.622599601745605
-14.956500053405762
14.332599639892578
-14.47819995880127
14.04259967803955
-13.999899864196777
13.752699851989746
-13.521499633789062
13.462699890136719
-13.04319953918457
13.172699928283691
-12.564900398254395
12.882699966430664
-12.086600303649902
12.592700004577637
-11.60830020904541
12.30270004272461
-11.130000114440918
12.012700080871582
-10.651700019836426
11.722700119018555
-10.173399925231934
11.432700157165527
-9.695070266723633
11.1427001953125
-9.21675968170166
10.852700233459473
-8.738450050354004
10.562700271606445
-8.260140419006348
10.272700309753418
-7.781829833984375
9.98274040222168
-7.303520202636719
9.692749977111816
-6.825210094451904
9.402750015258789
-6.34689998626709
9.112759590148926
-5.868589878082275
8.822770118713379
-5.390279769897461
8.532770156860352
-4.911970138549805
8.242779731750488
-4.43366003036499
7.952789783477783
-3.955349922180176
7.662789821624756
-3.4770400524139404
7.372799873352051
-2.998729944229126
7.082809925079346
-2.5204200744628906
6.792809963226318
-2.0421199798583984
6.502820014953613
-1.5638099908828735
6.212830066680908
-1.0855000019073486
5.922830104827881
-0.6071869730949402
5.632840156555176
-0.12887699902057648
5.342850208282471
0.34943199157714844
5.052849769592285
0.8277419805526733
4.76285982131958
1.3060499429702759
4.472869873046875
1.7843600511550903
4.182869911193848
2.2626700401306152
3.8928799629211426
2.7409799098968506
3.6028900146484375
3.219290018081665
3.31289005279541
3.6975998878479004
3.022900104522705
4.175909996032715
2.7328999042510986
4.654220104217529
2.4429099559783936
5.132530212402344
2.1529200077056885
5.61083984375
1.8629200458526611
6.0891499519348145
1.5729299783706665
6.567450046539307
1.2829400300979614
7.045760154724121
0.9929440021514893
7.524069786071777
0.7029510140419006
8.00238037109375
0.4129579961299896
8.480690002441406
0.12296400219202042
8.958999633789062
-0.1670289933681488
9.437310218811035
-0.4570229947566986
9.915619850158691
-0.7470160126686096
10.393899917602539
-1.0370099544525146
10.872200012207031
-1.3270000219345093
11.350500106811523
-1.6169999837875366
11.828900337219238
-1.9069900512695312
12.30720043182373
-2.1969799995422363
12.785499572753906
-2.4869799613952637
13.263799667358398
-2.7769699096679688
13.74209976196289
-3.066960096359253
