-4.81850004196167
12.920000076293945
-4.462530136108398
12.484800338745117
-4.106560230255127
12.049599647521973
-3.7506000995635986
11.614399909973145
-3.394629955291748
11.179200172424316
-3.038670063018799
10.744000434875488
-2.6826999187469482
10.308899879455566
-2.3267300128936768
9.873669624328613
-1.970770001411438
9.438480377197266
-1.614799976348877
9.003299713134766
-1.258829951286316
8.568110466003418
-0.9028670191764832
8.132929801940918
-0.5469009876251221
7.697750091552734
-0.19093500077724457
7.26255989074707
0.16503199934959412
6.827380180358887
0.5209980010986328
6.392189979553223
0.8769639730453491
5.957009792327881
1.2329299449920654
5.521820068359375
1.5888999700546265
5.086639881134033
1.9448599815368652
4.651450157165527
2.3008298873901367
4.2162699699401855
2.6568000316619873
3.7810800075531006
3.0127599239349365
3.345900058746338
3.368730068206787
2.910710096359253
3.7246999740600586
2.475529909133911
4.080659866333008
2.040339946746826
4.436629772186279
1.6051599979400635
4.792590141296387
1.1699700355529785
5.148560047149658
0.7347869873046875
5.50452995300293
0.2996020019054413
5.860489845275879
-0.13558299839496613
6.216460227966309
-0.5707679986953735
6.57243013381958
-1.0059499740600586
6.928390026092529
-1.441140055656433
7.284359931945801
-1.8763200044631958
7.640329837799072
-2.3115100860595703
7.99629020690918
-2.746690034866333
8.352259635925293
-3.181879997253418
8.708219528198242
-3.6170599460601807
9.064189910888672
-4.052249908447266
9.420160293579102
-4.487430095672607
9.77612018585205
-4.922619819641113
10.132100105285645
-5.357800006866455
10.488100051879883
-5.792990207672119
10.843999862670898
-6.228169918060303
11.199999809265137
-6.663360118865967
11.555999755859375
-7.09853982925415
