5.427619934082031
-10.474300384521484
5.410359859466553
-9.914950370788574
5.3931097984313965
-9.355560302734375
5.375850200653076
-8.796159744262695
5.35860013961792
-8.236769676208496
5.341340065002441
-7.677370071411133
5.324090003967285
-7.117980003356934
5.306829929351807
-6.558579921722412
5.289569854736328
-5.999189853668213
5.272319793701172
-5.439789772033691
5.255060195922852
-4.88040018081665
5.237810134887695
-4.321000099182129
5.220550060272217
-3.7616100311279297
5.203289985656738
-3.202209949493408
5.186039924621582
-2.642819881439209
5.1687798500061035
-2.0834200382232666
5.151529788970947
-1.5240299701690674
5.134270191192627
-0.9646310210227966
5.117020130157471
-0.40523600578308105
5.099760055541992
0.15415899455547333
5.082499980926514
0.7135540246963501
5.065249919891357
1.2729500532150269
5.047989845275879
1.8323400020599365
5.030739784240723
2.391740083694458
5.013480186462402
2.951129913330078
4.996230125427246
3.5105299949645996
4.978970050811768
4.069920063018799
4.961709976196289
4.62932014465332
4.944459915161133
5.188720226287842
4.927199840545654
5.748109817504883
4.909949779510498
6.307509899139404
4.892690181732178
6.8668999671936035
4.875430107116699
7.426300048828125
4.858180046081543
7.985690116882324
4.8409199714660645
8.545089721679688
4.823669910430908
9.104479789733887
4.80640983581543
9.663880348205566
4.789159774780273
10.223299980163574
4.771900177001953
10.782699584960938
4.754640102386475
11.342100143432617
4.737390041351318
11.90149974822998
4.72012996673584
12.46090030670166
4.702879905700684
13.0201997756958
4.685619831085205
13.57960033416748
4.668369770050049
14.138999938964844
4.6511101722717285
14.698399543762207
4.63385009765625
15.257800102233887
4.616600036621094
15.81719970703125
4.599339962005615
16.37660026550293
4.582089900970459
16.93600082397461
4.5648298263549805
17.495399475097656
4.54757022857666
18.054800033569336
