7.067230224609375
-1.2111200094223022
6.644889831542969
-1.5776599645614624
6.222539901733398
-1.9442100524902344
5.80019998550415
-2.3107500076293945
5.37785005569458
-2.6772899627685547
4.95550012588501
-3.043829917907715
4.533160209655762
-3.410370111465454
4.110809803009033
-3.7769200801849365
3.688469886779785
-4.143459796905518
3.266119956970215
-4.510000228881836
2.843780040740967
-4.876540184020996
2.4214301109313965
-5.2430901527404785
1.999079942703247
-5.609630107879639
1.576740026473999
-5.976170063018799
1.1543899774551392
-6.342710018157959
0.7320460081100464
-6.709259986877441
0.30970001220703125
-7.075799942016602
-0.11264599859714508
-7.442339897155762
-0.534991979598999
-7.808879852294922
-0.9573379755020142
-8.175419807434082
-1.3796800374984741
-8.541970252990723
-1.8020299673080444
-8.908510208129883
-2.2243800163269043
-9.275050163269043
-2.6467199325561523
-9.641590118408203
-3.0690701007843018
-10.008099555969238
-3.49141001701355
-10.374699592590332
