-9.09469985961914
-3.6600399017333984
-8.620360374450684
-3.3557400703430176
-8.14601993560791
-3.0514400005340576
-7.671669960021973
-2.7471399307250977
-7.197329998016357
-2.442840099334717
-6.722990036010742
-2.138540029525757
-6.248650074005127
-1.8342399597167969
-5.774310111999512
-1.5299400091171265
-5.299960136413574
-1.225640058517456
-4.825620174407959
-0.921334981918335
-4.351280212402344
-0.6170340180397034
-3.8769400119781494
-0.3127340078353882
-3.402600049972534
-0.008433249779045582
-2.9282500743865967
0.295866996049881
-2.4539101123809814
0.600167989730835
-1.9795700311660767
0.9044679999351501
-1.5052299499511719
1.2087700366973877
-1.0308899879455566
1.513069987297058
-0.5565450191497803
1.817370057106018
-0.08220270276069641
2.1216700077056885
0.3921389877796173
2.4259700775146484
0.8664810061454773
2.7302699089050293
1.3408199548721313
3.0345699787139893
1.8151700496673584
3.338870048522949
2.2895100116729736
3.643170118331909
2.763849973678589
3.94746994972229
3.238189935684204
4.25177001953125
3.7125298976898193
4.556079864501953
4.186880111694336
4.860380172729492
4.661220073699951
5.164680004119873
5.135560035705566
5.468979835510254
5.609899997711182
5.773280143737793
