5.335629940032959
17.410900115966797
5.0988898277282715
16.90329933166504
4.862150192260742
16.395700454711914
4.625400066375732
15.888099670410156
4.388659954071045
15.380399703979492
4.151919841766357
14.87279987335205
3.9151699542999268
14.36520004272461
3.6784300804138184
13.857500076293945
3.441689968109131
13.349900245666504
3.2049400806427
12.842300415039062
2.9681999683380127
12.334600448608398
2.7314600944519043
11.82699966430664
2.494719982147217
11.3193998336792
2.257970094680786
10.811699867248535
2.0212299823760986
10.304100036621094
1.7844899892807007
9.796480178833008
1.5477399826049805
9.288849830627441
1.3109999895095825
8.781220436096191
1.0742599964141846
8.273590087890625
0.8375149965286255
7.765960216522217
0.6007710099220276
7.25832986831665
0.3640280067920685
6.750699996948242
0.12728500366210938
6.243070125579834
-0.10945799946784973
5.735439777374268
-0.34620100259780884
5.227809906005859
-0.5829439759254456
4.720170021057129
-0.819687008857727
4.212540149688721
-1.0564299821853638
3.7049100399017334
-1.2931699752807617
3.197279930114746
-1.529919981956482
2.689650058746338
-1.7666599750518799
2.1820199489593506
-2.0034000873565674
1.6743899583816528
-2.240149974822998
1.166759967803955
-2.4768900871276855
0.6591259837150574
-2.713629961013794
0.15149499475955963
-2.9503700733184814
-0.3561359941959381
-3.187119960784912
-0.8637670278549194
-3.4238600730895996
-1.371399998664856
-3.660599946975708
-1.8790299892425537
-3.8973500728607178
-2.386660099029541
-4.134089946746826
-2.894289970397949
-4.370830059051514
-3.4019200801849365
-4.607580184936523
-3.9095499515533447
-4.844319820404053
-4.417180061340332
-5.08105993270874
-4.9248199462890625
-5.317800045013428
-5.432449817657471
-5.5545501708984375
-5.940080165863037
-5.791289806365967
-6.447710037231445
-6.028029918670654
-6.9553399085998535
-6.264780044555664
-7.462969779968262
-6.501520156860352
-7.970600128173828
-6.738259792327881
-8.478230476379395
-6.975009918212891
-8.985859870910645
-7.211750030517578
-9.493490219116211
-7.448490142822266
-10.001099586486816
-7.685229778289795
-10.50879955291748
-7.921979904174805
-11.016400337219238
