-9.195980072021484
-7.268479824066162
-8.940329551696777
-6.783820152282715
-8.684679985046387
-6.299170017242432
-8.42903995513916
-5.814509868621826
-8.17339038848877
-5.329850196838379
-7.9177398681640625
-4.845190048217773
-7.662099838256836
-4.36053991317749
-7.406449794769287
-3.875880002975464
-7.1508097648620605
-3.3912200927734375
-6.89516019821167
-2.906559944152832
-6.639510154724121
-2.421910047531128
-6.3838701248168945
-1.937250018119812
-6.128220081329346
-1.452589988708496
-5.872570037841797
-0.9679350256919861
-5.61693000793457
-0.48327699303627014
-5.3612799644470215
0.00138028000947088
-5.105629920959473
0.4860379993915558
-4.849989891052246
0.9706950187683105
-4.594339847564697
1.4553500413894653
-4.338689804077148
1.9400099515914917
-4.083049774169922
2.4246699810028076
-3.827399969100952
2.909329891204834
-3.5717499256134033
3.393980026245117
-3.3161098957061768
3.8786399364471436
-3.060460090637207
4.36329984664917
-2.804810047149658
4.847959995269775
-2.5491700172424316
5.332610130310059
-2.293519973754883
5.817269802093506
