-1.360509991645813
-5.544939994812012
-1.1255500316619873
-5.032939910888672
-0.8905869722366333
-4.52092981338501
-0.6556259989738464
-4.008930206298828
-0.42066600918769836
-3.496920108795166
-0.1857050061225891
-2.984910011291504
0.049255698919296265
-2.472909927368164
0.2842159867286682
-1.9608999490737915
0.5191770195960999
-1.448889970779419
0.7541369795799255
-0.9368889927864075
0.9890980124473572
-0.4248819947242737
1.22406005859375
0.08712360262870789
1.4590200185775757
0.5991299748420715
1.6939799785614014
1.1111400127410889
1.9289400577545166
1.6231399774551392
2.1638998985290527
2.1351499557495117
2.398859977722168
2.6471500396728516
2.633820056915283
3.1591598987579346
2.8687798976898193
3.6711699962615967
3.1037399768829346
4.183169841766357
3.33870005607605
4.6951799392700195
3.573659896850586
5.207180023193359
3.8086299896240234
5.7191901206970215
4.043590068817139
6.231200218200684
4.278550148010254
6.743199825286865
4.513510227203369
7.255209922790527
4.748469829559326
7.7672200202941895
4.983429908752441
8.279219627380371
5.218389987945557
8.791230201721191
5.453350067138672
9.303230285644531
5.688310146331787
9.815239906311035
5.923270225524902
10.327199935913086
6.158229827880859
10.839300155639648
6.393189907073975
11.351300239562988
6.62814998626709
11.863300323486328
6.863110065460205
12.375300407409668
7.09807014465332
12.887299537658691
7.3330302238464355
13.399299621582031
7.567989826202393
13.911299705505371
7.80295991897583
14.423299789428711
8.037919998168945
14.93529987335205
8.272879600524902
15.44729995727539
