11.668100357055664
6.794789791107178
11.652400016784668
6.232289791107178
11.636699676513672
5.669789791107178
11.621000289916992
5.1072797775268555
11.605299949645996
4.5447797775268555
11.589599609375
3.9822800159454346
11.57390022277832
3.4197700023651123
11.558199882507324
2.8572700023651123
11.542499542236328
2.2947700023651123
11.526800155639648
1.73225998878479
11.511099815368652
1.16975998878479
11.495400428771973
0.6072570085525513
11.479700088500977
0.044753801077604294
11.46399974822998
-0.517749011516571
11.4483003616333
-1.0802500247955322
11.432700157165527
-1.6427600383758545
11.416999816894531
-2.2052600383758545
11.401300430297852
-2.7677600383758545
11.385600090026855
-3.3302700519561768
11.36989974975586
-3.8927700519561768
11.35420036315918
-4.455269813537598
11.338500022888184
-5.01777982711792
11.322799682617188
-5.58027982711792
11.307100296020508
-6.14277982711792
11.291399955749512
-6.70527982711792
11.275699615478516
-7.267789840698242
11.260000228881836
-7.830289840698242
11.24429988861084
-8.392789840698242
11.228599548339844
-8.955300331115723
