-12.071200370788574
19.933300018310547
-11.66759967803955
19.545299530029297
-11.264100074768066
19.157400131225586
-10.860600471496582
18.769399642944336
-10.457099914550781
18.381399154663086
-10.053600311279297
17.993499755859375
-9.650059700012207
17.605499267578125
-9.246549606323242
17.217599868774414
-8.843029975891113
16.829599380493164
-8.439510345458984
16.441600799560547
-8.03600025177002
16.053699493408203
-7.632480144500732
15.66569995880127
-7.228970050811768
15.277799606323242
-6.8254499435424805
14.889800071716309
-6.421929836273193
14.501799583435059
-6.018420219421387
14.113900184631348
-5.6149001121521
13.725899696350098
-5.211390018463135
13.338000297546387
-4.807869911193848
12.949999809265137
-4.4043498039245605
12.562000274658203
-4.000840187072754
12.174099922180176
-3.597320079803467
11.786100387573242
-3.193809986114502
11.398200035095215
-2.790290117263794
11.010199546813965
-2.386780023574829
10.622200012207031
-1.9832600355148315
10.234299659729004
-1.579740047454834
9.846329689025879
-1.1762299537658691
9.458370208740234
-0.772711992263794
9.070409774780273
-0.36919599771499634
8.682450294494629
0.034320201724767685
8.294489860534668
0.4378359913825989
7.906529903411865
0.8413519859313965
7.5185699462890625
1.2448699474334717
7.13060998916626
1.6483800411224365
6.742650032043457
2.0518999099731445
6.354690074920654
2.4554200172424316
5.966730117797852
2.8589301109313965
5.578770160675049
3.2624499797821045
5.190810203552246
