-1.6492199897766113
17.749399185180664
-1.7750400304794312
17.207599639892578
-1.9008500576019287
16.6658992767334
-2.0266599655151367
16.124099731445312
-2.152470111846924
15.58240032196045
-2.278290033340454
15.04069995880127
-2.404099941253662
14.498900413513184
-2.529910087585449
13.957200050354004
-2.6557199954986572
13.415499687194824
-2.7815299034118652
12.873700141906738
-2.9073500633239746
12.331999778747559
-3.0331599712371826
11.790200233459473
-3.1589701175689697
11.248499870300293
-3.2847800254821777
10.70680046081543
-3.410599946975708
10.164999961853027
-3.536410093307495
9.623290061950684
-3.662220001220703
9.081549644470215
-3.788029909133911
8.539810180664062
-3.9138500690460205
7.998079776763916
-4.0396599769592285
7.4563398361206055
-4.165470123291016
6.914599895477295
-4.2912797927856445
6.372859954833984
-4.417099952697754
5.831130027770996
