-15.559300422668457
-3.1888198852539062
-15.153300285339355
-2.805959939956665
-14.747300148010254
-2.423110008239746
-14.34119987487793
-2.040250062942505
-13.935199737548828
-1.6574000120162964
-13.529199600219727
-1.274549961090088
-13.123200416564941
-0.8916910290718079
-12.71720027923584
-0.5088369846343994
-12.311200141906738
-0.12598200142383575
-11.905099868774414
0.2568719983100891
-11.499099731445312
0.6397259831428528
-11.093099594116211
1.0225800275802612
-10.687100410461426
1.4054299592971802
-10.281100273132324
1.788290023803711
-9.875049591064453
2.17113995552063
-9.469030380249023
2.553999900817871
-9.063010215759277
2.936850070953369
-8.656990051269531
3.3197100162506104
-8.250969886779785
3.7025599479675293
-7.8449602127075195
4.085410118103027
-7.438940048217773
4.4682698249816895
-7.032919883728027
4.8511199951171875
-6.6269001960754395
5.233980178833008
-6.220880031585693
5.616829872131348
-5.8148698806762695
5.999680042266846
-5.408850193023682
6.382540225982666
-5.0028300285339355
6.765389919281006
-4.5968098640441895
7.148250102996826
-4.190790176391602
7.531099796295166
-3.7847800254821777
7.913959980010986
-3.3787600994110107
8.296810150146484
-2.9727399349212646
8.679659843444824
-2.5667200088500977
9.062520027160645
-2.1607000827789307
9.445369720458984
-1.7546900510787964
9.828229904174805
-1.3486700057983398
10.211099624633789
-0.9426490068435669
10.593899726867676
-0.5366309881210327
10.976799964904785
-0.13061299920082092
11.359600067138672
0.27540498971939087
11.742500305175781
0.681423008441925
12.125399589538574
1.087440013885498
12.508199691772461
1.4934600591659546
12.89109992980957
1.8994799852371216
13.273900032043457
2.305500030517578
13.656800270080566
2.711509943008423
14.039600372314453
3.117530107498169
14.422499656677246
3.523550033569336
14.805299758911133
3.929569959640503
15.188199996948242
4.33558988571167
15.571000099182129
4.741600036621094
15.953900337219238
5.14762020111084
16.336700439453125
5.553639888763428
16.719600677490234
5.959660053253174
17.102500915527344
6.36568021774292
17.485300064086914
6.7716898918151855
17.868200302124023
7.177710056304932
18.250999450683594
7.583730220794678
18.633899688720703
7.989749908447266
19.016700744628906
8.395770072937012
19.399599075317383
