-13.192700386047363
-13.420000076293945
-12.808899879455566
-13.00469970703125
-12.425100326538086
-12.589400291442871
-12.041199684143066
-12.173999786376953
-11.657400131225586
-11.758700370788574
-11.273599624633789
-11.343400001525879
-10.889699935913086
-10.928099632263184
-10.505900382995605
-10.512800216674805
-10.122099876403809
-10.097399711608887
-9.73822021484375
-9.682120323181152
-9.354390144348145
-9.266799926757812
-8.970560073852539
-8.851479530334473
-8.586730003356934
-8.43616008758545
-8.202890396118164
-8.02083969116211
-7.8190598487854
-7.605519771575928
-7.435229778289795
-7.190199851989746
-7.051400184631348
-6.7748799324035645
-6.66756010055542
-6.359560012817383
-6.2837300300598145
-5.944240093231201
-5.899899959564209
-5.528910160064697
-5.5160698890686035
-5.113589763641357
-5.132229804992676
-4.698269844055176
-4.7484002113342285
-4.282949924468994
-4.364570140838623
-3.8676300048828125
-3.9807400703430176
-3.452310085296631
-3.59689998626709
-3.03698992729187
-3.2130699157714844
-2.6216700077056885
-2.829240083694458
-2.206350088119507
-2.4454100131988525
-1.7910300493240356
-2.061569929122925
-1.3757100105285645
-1.6777399778366089
-0.9603869915008545
-1.293910026550293
-0.5450659990310669
-0.9100769758224487
-0.1297450065612793
-0.5262439846992493
0.2855750024318695
-0.142412006855011
0.7008960247039795
0.24142099916934967
1.1162199974060059
0.6252530217170715
1.531540036201477
1.0090899467468262
1.9468599557876587
1.3929200172424316
2.36217999458313
1.7767499685287476
2.7774999141693115
2.1605799198150635
3.1928200721740723
2.544420003890991
3.608139991760254
2.9282500743865967
4.0234599113464355
3.312079906463623
4.438779830932617
3.6959099769592285
4.854100227355957
4.079750061035156
5.269420146942139
4.463580131530762
5.68474006652832
4.847410202026367
6.100069999694824
5.2312397956848145
6.515389919281006
5.615079879760742
6.9307098388671875
5.998909950256348
7.346030235290527
6.382740020751953
7.761350154876709
6.766570091247559
8.17667007446289
7.150410175323486
8.59199047088623
7.534239768981934
9.007309913635254
7.918069839477539
9.422630310058594
8.301899909973145
9.837949752807617
8.68574047088623
10.253299713134766
9.06956958770752
10.668600082397461
9.453399658203125
11.083900451660156
9.83722972869873
11.499199867248535
10.221099853515625
11.914600372314453
10.604900360107422
12.329899787902832
10.988699913024902
12.745200157165527
11.372599601745605
13.160499572753906
11.756400108337402
13.575799942016602
12.140199661254883
13.99120044708252
12.524100303649902
14.406499862670898
12.907899856567383
14.821800231933594
13.29170036315918
15.237099647521973
13.675600051879883
15.652400016784668
14.059399604797363
16.067800521850586
14.44320011138916
16.48310089111328
14.827099800109863
16.898399353027344
15.21090030670166
17.31369972229004
15.59469985961914
17.729000091552734
15.978599548339844
18.144399642944336
16.36240005493164
18.55970001220703
16.746200561523438
18.975000381469727
17.13010025024414
19.390300750732422
