1.767109990119934
2.7689199447631836
2.321039915084839
2.6624200344085693
2.874959945678711
2.5559298992156982
3.4288899898529053
2.449429988861084
3.9828200340270996
2.3429300785064697
4.536739826202393
2.2364299297332764
5.090670108795166
2.1299400329589844
5.644599914550781
2.023439884185791
6.198530197143555
1.9169399738311768
6.752449989318848
1.8104499578475952
7.306379795074463
1.703950047492981
7.860310077667236
1.5974500179290771
8.414230346679688
1.4909600019454956
8.968159675598145
1.3844599723815918
9.522089958190918
1.277959942817688
10.076000213623047
1.1714600324630737
10.629899978637695
1.0649700164794922
11.183899879455566
0.9584710001945496
11.737799644470215
0.8519740104675293
12.29170036315918
0.745477020740509
12.84570026397705
0.638979971408844
13.3996000289917
0.5324829816818237
13.953499794006348
0.42598599195480347
14.507399559020996
0.3194890022277832
15.061400413513184
0.21299199759960175
15.615300178527832
0.10649500042200089
16.169200897216797
-1.5127200185816037e-06
16.723100662231445
-0.10649800300598145
17.277099609375
-0.2129949927330017
17.83099937438965
-0.31949201226234436
