2.052949905395508
10.60509967803955
1.940119981765747
10.067500114440918
1.8272900581359863
9.529950141906738
1.714460015296936
8.99236011505127
1.6016299724578857
8.4547700881958
1.488800048828125
7.917180061340332
1.3759700059890747
7.379590034484863
1.2631399631500244
6.8420000076293945
1.1503100395202637
6.304409980773926
1.0374799966812134
5.766819953918457
0.9246479868888855
5.229229927062988
0.81181800365448
4.691649913787842
0.6989880204200745
4.154059886932373
0.5861579775810242
3.6164700984954834
0.47332799434661865
3.0788800716400146
0.36049801111221313
2.541290044784546
0.24766799807548523
2.003700017929077
0.14716500043869019
1.47160005569458
0.04666069895029068
0.9395009875297546
-0.05384309962391853
0.40740200877189636
-0.1543470025062561
-0.1246969997882843
-0.25485101342201233
-0.6567959785461426
-0.35535499453544617
-1.1888999938964844
-0.4558579921722412
-1.7209899425506592
-0.556361973285675
-2.2530899047851562
