-13.879400253295898
18.299699783325195
-13.468299865722656
17.935100555419922
-13.05720043182373
17.570499420166016
-12.646200180053711
17.205900192260742
-12.235099792480469
16.841299057006836
-11.824000358581543
16.476699829101562
-11.4128999710083
16.11210060119629
-11.001799583435059
15.7475004196167
-10.590700149536133
15.383000373840332
-10.179699897766113
15.018400192260742
-9.768580436706543
14.653800010681152
-9.357489585876465
14.289199829101562
-8.946410179138184
13.924599647521973
-8.535329818725586
13.5600004196167
-8.124250411987305
13.19540023803711
-7.713160037994385
12.83080005645752
-7.302080154418945
12.46619987487793
-6.890999794006348
12.101699829101562
-6.479909896850586
11.737099647521973
-6.0688300132751465
11.3725004196167
-5.657750129699707
11.00790023803711
