-2.0991899967193604
12.942099571228027
-1.5484800338745117
12.85949993133545
-0.9977660179138184
12.776900291442871
-0.447053998708725
12.694199562072754
0.10365699976682663
12.611599922180176
0.654367983341217
12.529000282287598
1.2050800323486328
12.446399688720703
1.7557899951934814
12.363800048828125
2.30649995803833
12.281200408935547
2.8572099208831787
12.198599815368652
3.4079198837280273
12.115900039672852
3.958630084991455
12.033300399780273
4.509349822998047
11.950699806213379
5.060060024261475
11.8681001663208
5.610770225524902
11.785499572753906
6.161479949951172
11.702899932861328
6.7121901512146
11.620200157165527
7.262899875640869
11.537599563598633
7.813610076904297
11.454999923706055
8.364319801330566
11.372400283813477
8.915040016174316
11.289799690246582
9.465749740600586
11.207200050354004
10.016500473022461
11.124500274658203
10.56719970703125
11.041899681091309
11.117899894714355
10.95930004119873
