-8.721710205078125
-7.874340057373047
-8.912639617919922
-7.363490104675293
-9.103569984436035
-6.852640151977539
-9.294500350952148
-6.341790199279785
-9.485429763793945
-5.830939769744873
-9.676360130310059
-5.320089817047119
-9.867289543151855
-4.809239864349365
-10.058199882507324
-4.298379898071289
-10.249099731445312
-3.787529945373535
-10.440099716186523
-3.2766799926757812
-10.630999565124512
-2.7658300399780273
-10.821900367736816
-2.2549800872802734
-11.012900352478027
-1.74413001537323
-11.203800201416016
-1.2332799434661865
-11.394700050354004
-0.7224259972572327
-11.585700035095215
-0.2115750014781952
-11.776599884033203
0.29927700757980347
-11.967499732971191
0.8101279735565186
-12.158499717712402
1.3209799528121948
-12.34939956665039
1.8318300247192383
-12.540300369262695
2.342679977416992
