-18.812599182128906
-6.297430038452148
-18.513999938964844
-5.831500053405762
-18.21540069580078
-5.365570068359375
-17.916799545288086
-4.899640083312988
-17.618099212646484
-4.433700084686279
-17.319499969482422
-3.9677700996398926
-17.02090072631836
-3.501840114593506
-16.722299575805664
-3.03590989112854
-16.423599243164062
-2.5699799060821533
-16.125
-2.1040499210357666
-15.826399803161621
-1.6381200551986694
-15.527799606323242
-1.1721800565719604
-15.22920036315918
-0.7062529921531677
-14.930500030517578
-0.24032099545001984
-14.6318998336792
0.22561000287532806
-14.33329963684082
0.6915420293807983
-14.034700393676758
1.1574699878692627
-13.736000061035156
1.6233999729156494
-13.437399864196777
2.0893399715423584
-13.138799667358398
2.555269956588745
-12.840200424194336
3.021199941635132
-12.541600227355957
3.4871299266815186
-12.242899894714355
3.9530599117279053
-11.944299697875977
4.418990135192871
-11.645700454711914
4.884920120239258
-11.347100257873535
5.350860118865967
-11.048399925231934
5.8167901039123535
-10.749799728393555
6.28272008895874
-10.451199531555176
6.748650074005127
-10.152600288391113
7.214580059051514
-9.853949546813965
7.6805100440979
-9.555330276489258
8.146439552307129
-9.256710052490234
8.612380027770996
-8.958089828491211
9.078310012817383
-8.659460067749023
9.54423999786377
