7.964700222015381
10.742500305175781
7.95596981048584
10.182299613952637
7.947229862213135
9.622119903564453
7.938499927520752
9.06194019317627
7.929769992828369
8.50175952911377
7.921030044555664
7.941589832305908
7.912300109863281
7.381410121917725
7.903570175170898
6.821229934692383
7.894839763641357
6.2610602378845215
7.886099815368652
5.70088005065918
7.8773698806762695
5.140699863433838
7.868639945983887
4.580520153045654
7.859899997711182
4.020349979400635
7.851170063018799
3.460170030593872
7.842440128326416
2.8999900817871094
7.833700180053711
2.33981990814209
7.82496976852417
1.7796399593353271
7.816239833831787
1.2194600105285645
7.807509899139404
0.6592869758605957
7.798769950866699
0.09911040216684341
7.790040016174316
-0.46106600761413574
7.781310081481934
-1.021239995956421
7.7725701332092285
-1.5814199447631836
7.763840198516846
-2.1415998935699463
7.755109786987305
-2.701770067214966
7.746379852294922
-3.2619500160217285
7.737639904022217
-3.822129964828491
7.728909969329834
-4.382299900054932
7.720180034637451
-4.942480087280273
7.711440086364746
-5.502659797668457
7.702710151672363
-6.062829971313477
7.6939802169799805
-6.623010158538818
7.6852498054504395
-7.183189868927002
7.676509857177734
-7.7433600425720215
7.667779922485352
-8.303540229797363
7.659049987792969
-8.863719940185547
7.650310039520264
-9.42389965057373
7.641580104827881
-9.98406982421875
7.632850170135498
-10.54419994354248
7.624110221862793
-11.104399681091309
7.615379810333252
-11.664600372314453
7.606649875640869
-12.224800109863281
7.597919940948486
-12.78499984741211
7.589179992675781
-13.345100402832031
7.580450057983398
-13.90530014038086
7.571720123291016
-14.465499877929688
7.5629801750183105
-15.025699615478516
