12.889300346374512
-11.75510025024414
12.436699867248535
-11.420000076293945
11.984000205993652
-11.084799766540527
11.531399726867676
-10.749600410461426
11.078800201416016
-10.414400100708008
10.626099586486816
-10.079299926757812
10.173500061035156
-9.744099617004395
9.720870018005371
-9.408929824829102
9.268230438232422
-9.073760032653809
8.815600395202637
-8.738590240478516
8.362970352172852
-8.403420448303223
7.910329818725586
-8.068249702453613
7.457699775695801
-7.73307991027832
7.005060195922852
-7.397910118103027
6.552430152893066
-7.062739849090576
6.099800109863281
-6.727570056915283
5.647160053253174
-6.392399787902832
5.194530010223389
-6.057229995727539
4.7418999671936035
-5.722060203552246
4.289259910583496
-5.386889934539795
3.83663010597229
-5.051720142364502
3.3839900493621826
-4.716549873352051
2.9313600063323975
-4.381380081176758
2.4787299633026123
-4.046209812164307
2.026089906692505
-3.7110400199890137
1.5734599828720093
-3.3758699893951416
1.1208200454711914
-3.0406999588012695
0.6681900024414062
-2.7055299282073975
0.21555599570274353
-2.3703598976135254
-0.237077996134758
-2.0351901054382324
-0.6897119879722595
-1.7000099420547485
-1.1423499584197998
-1.364840030670166
-1.594980001449585
-1.029670000076294
-2.04761004447937
-0.6945040225982666
-2.5002501010894775
-0.35933300852775574
-2.9528799057006836
-0.024163100868463516
-3.405519962310791
0.31100699305534363
-3.858150005340576
0.6461780071258545
-4.310780048370361
0.9813479781150818
-4.763420104980469
1.3165199756622314
-5.216050148010254
1.6516900062561035
-5.668680191040039
1.9868600368499756
-6.121319770812988
2.3220300674438477
-6.573949813842773
2.6572000980377197
-7.026589870452881
2.9923698902130127
-7.479219913482666
3.3275399208068848
-7.931849956512451
3.662709951400757
-8.384490013122559
3.997879981994629
-8.837120056152344
4.333049774169922
-9.289759635925293
4.668220043182373
-9.742389678955078
5.003389835357666
-10.194999694824219
5.338560104370117
-10.647700309753418
5.67372989654541
