4.310929775238037
0.11238899827003479
3.8166799545288086
0.38167598843574524
3.3224198818206787
0.6509640216827393
2.82817006111145
0.9202520251274109
2.3339200019836426
1.1895400285720825
1.8396600484848022
1.4588299989700317
1.3454099893569946
1.728119969367981
0.8511540293693542
1.9974000453948975
0.35690000653266907
2.2666900157928467
-0.13735400140285492
2.535979986190796
-0.6316080093383789
2.805269956588745
-1.1258599758148193
3.074549913406372
-1.6201200485229492
3.3438398838043213
-2.114370107650757
3.6131300926208496
-2.6086199283599854
3.882420063018799
-3.1028800010681152
4.151710033416748
-3.597130060195923
4.420989990234375
-4.091390132904053
4.690279960632324
-4.585639953613281
4.959569931030273
-5.07988977432251
5.228859901428223
-5.574150085449219
5.49813985824585
-6.068399906158447
5.767429828643799
-6.562660217285156
6.036719799041748
-7.056910037994385
6.306009769439697
-7.551159858703613
6.575290203094482
-8.045419692993164
6.844580173492432
-8.53966999053955
7.113870143890381
-9.033929824829102
7.38316011428833
-9.528180122375488
7.652450084686279
-10.02239990234375
7.921730041503906
-10.51669979095459
8.191020011901855
-11.010899543762207
8.460309982299805
-11.505200386047363
8.729599952697754
-11.999500274658203
8.998880386352539
-12.49370002746582
9.268170356750488
-12.98799991607666
9.537460327148438
