-18.556499481201172
9.687609672546387
-18.199399948120117
9.252699851989746
-17.842199325561523
8.817790031433105
-17.48509979248047
8.382880210876465
-17.128000259399414
7.947969913482666
-16.77079963684082
7.513050079345703
-16.413700103759766
7.078139781951904
-16.05660057067871
6.643229961395264
-15.69950008392334
6.208320140838623
-15.342300415039062
5.773399829864502
-14.985199928283691
5.338490009307861
-14.628100395202637
4.903580188751221
-14.270999908447266
4.468669891357422
-13.913800239562988
4.033750057220459
-13.556699752807617
3.5988399982452393
-13.199600219726562
3.1639299392700195
-12.842499732971191
2.729020118713379
-12.485300064086914
2.294110059738159
-12.128199577331543
1.8591899871826172
-11.771100044250488
1.424280047416687
-11.413999557495117
0.9893689751625061
-11.05679988861084
0.5544559955596924
-10.699700355529785
0.11954399943351746
-10.342599868774414
-0.31536799669265747
-9.98546028137207
-0.7502800226211548
-9.62833023071289
-1.185189962387085
-9.271200180053711
-1.6201000213623047
-8.914079666137695
-2.0550200939178467
-8.556949615478516
-2.4899299144744873
-8.199830055236816
-2.924839973449707
-7.842700004577637
-3.3597500324249268
-7.485569953918457
-3.7946701049804688
-7.1284499168396
-4.229579925537109
-6.77131986618042
-4.664490222930908
-6.4141998291015625
-5.099400043487549
-6.057069778442383
-5.534319877624512
-5.699940204620361
-5.9692301750183105
-5.342820167541504
-6.404139995574951
-4.985690116882324
-6.839049816131592
-4.628570079803467
-7.273960113525391
-4.271440029144287
-7.7088799476623535
-3.9143099784851074
-8.143790245056152
-3.55718994140625
-8.578700065612793
-3.2000598907470703
-9.013609886169434
-2.842940092086792
-9.448530197143555
-2.4858100414276123
-9.883440017700195
-2.1286799907684326
-10.318400382995605
-1.7715599536895752
-10.753299713134766
-1.414430022239685
-11.188199996948242
