16.245100021362305
17.103300094604492
15.695699691772461
16.98780059814453
15.146300315856934
16.872299194335938
14.59689998626709
16.756799697875977
14.047499656677246
16.641300201416016
13.498100280761719
16.52589988708496
12.948800086975098
16.410400390625
12.399399757385254
16.29490089416504
11.850000381469727
16.179399490356445
11.300600051879883
16.063899993896484
10.751199722290039
15.94849967956543
10.201800346374512
15.833000183105469
9.652440071105957
15.717499732971191
9.103059768676758
15.60200023651123
8.553669929504395
15.486599922180176
8.004289627075195
15.371100425720215
7.454899787902832
15.255599975585938
6.905509948730469
15.14009952545166
6.356130123138428
15.0246000289917
5.806739807128906
14.909199714660645
5.257349967956543
14.793700218200684
4.707970142364502
14.678199768066406
4.1585798263549805
14.562700271606445
3.6092000007629395
14.447199821472168
3.059809923171997
14.33180046081543
2.510420083999634
14.216300010681152
1.9610400199890137
14.100799560546875
1.4116499423980713
13.985300064086914
0.8622649908065796
13.869799613952637
0.3128789961338043
13.754400253295898
-0.23650699853897095
13.638899803161621
-0.785893976688385
13.52340030670166
-1.335279941558838
13.407899856567383
-1.8846700191497803
13.292400360107422
-2.4340500831604004
13.177000045776367
-2.9834399223327637
13.06149959564209
