3.4527599811553955
5.523970127105713
3.84906005859375
5.131569862365723
4.245359897613525
4.739160060882568
4.641660213470459
4.346759796142578
5.037970066070557
3.954360008239746
5.434269905090332
3.561959981918335
5.830570220947266
3.169559955596924
6.226870059967041
2.7771499156951904
6.623169898986816
2.3847498893737793
7.01947021484375
1.9923499822616577
7.415770053863525
1.5999499559402466
7.812069892883301
1.207550048828125
8.208370208740234
0.8151460289955139
8.604669570922852
0.4227440059185028
9.000969886779785
0.0303421001881361
