6.875410079956055
10.279899597167969
6.322710037231445
10.318599700927734
5.770009994506836
10.357199668884277
5.217309951782227
10.395899772644043
4.664609909057617
10.434599876403809
4.111909866333008
10.473199844360352
3.5592100620269775
10.511899948120117
3.006510019302368
10.550600051879883
2.453809976577759
10.589300155639648
1.901110053062439
10.627900123596191
1.3484100103378296
10.666600227355957
0.7957109808921814
10.705300331115723
0.2430099993944168
10.743900299072266
-0.309689998626709
10.782600402832031
-0.8623899817466736
10.82129955291748
-1.4150899648666382
10.85990047454834
-1.9677900075912476
10.898599624633789
-2.5204899311065674
10.937299728393555
-3.0731899738311768
10.97599983215332
-3.625890016555786
11.014599800109863
-4.178589820861816
11.053299903869629
-4.731289863586426
11.092000007629395
-5.283989906311035
11.130599975585938
-5.8366899490356445
11.169300079345703
-6.389389991760254
11.208000183105469
-6.942090034484863
11.246700286865234
-7.494790077209473
11.285300254821777
-8.047490119934082
11.324000358581543
-8.600190162658691
11.362700462341309
-9.1528902053833
11.401300430297852
-9.70559024810791
11.4399995803833
-10.258299827575684
11.478699684143066
-10.810999870300293
11.517399787902832
-11.363699913024902
11.555999755859375
-11.916399955749512
11.59469985961914
-12.469099998474121
11.633399963378906
-13.02180004119873
11.67199993133545
-13.57450008392334
11.710700035095215
-14.12720012664795
11.74940013885498
-14.679900169372559
11.788000106811523
-15.232600212097168
11.826700210571289
-15.785300254821777
11.865400314331055
-16.33799934387207
11.90410041809082
-16.89069938659668
11.942700386047363
-17.44339942932129
11.981399536132812
