-7.0596699714660645
-18.53230094909668
-7.219029903411865
-17.99220085144043
-7.378389835357666
-17.45199966430664
-7.537740230560303
-16.91189956665039
-7.6971001625061035
-16.371700286865234
-7.856450080871582
-15.831600189208984
-8.015810012817383
-15.291500091552734
-8.175169944763184
-14.751299858093262
-8.33452033996582
-14.211199760437012
-8.493880271911621
-13.670999526977539
-8.653229713439941
-13.130900382995605
-8.812589645385742
-12.590700149536133
-8.971949577331543
-12.050600051879883
-9.13129997253418
-11.510499954223633
-9.29065990447998
-10.97029972076416
-9.450010299682617
-10.43019962310791
-9.609370231628418
-9.890029907226562
-9.768730163574219
-9.34988021850586
-9.928079605102539
-8.80974006652832
-10.087400436401367
-8.269599914550781
-10.246800422668457
-7.729450225830078
-10.406200408935547
-7.189310073852539
-10.565500259399414
-6.649169921875
-10.724900245666504
-6.109029769897461
-10.884200096130371
-5.568880081176758
-11.043600082397461
-5.028739929199219
-11.202899932861328
-4.48859977722168
-11.362299919128418
-3.9484500885009766
-11.521599769592285
-3.4083099365234375
-11.680999755859375
-2.8681700229644775
-11.840399742126465
-2.3280200958251953
-11.999699592590332
-1.7878799438476562
-12.159099578857422
-1.2477400302886963
-12.318400382995605
-0.7075949907302856
-12.477800369262695
-0.16745199263095856
-12.637100219726562
0.37269100546836853
-12.796500205993652
0.9128339886665344
-12.95580005645752
1.4529800415039062
-13.11520004272461
1.9931199550628662
-13.2746000289917
2.5332601070404053
-13.433899879455566
3.0734100341796875
-13.593299865722656
3.6135499477386475
-13.752599716186523
4.153689861297607
-13.911999702453613
4.693840026855469
-14.07129955291748
5.233980178833008
-14.23069953918457
5.774119853973389
-14.39009952545166
6.314260005950928
-14.549400329589844
6.854410171508789
-14.708800315856934
7.39454984664917
-14.8681001663208
7.934689998626709
-15.02750015258789
8.47484016418457
-15.186800003051758
9.01498031616211
-15.346199989318848
9.555120468139648
-15.505499839782715
10.09529972076416
-15.664899826049805
10.63539981842041
-15.824299812316895
11.175600051879883
-15.983599662780762
11.715700149536133
