-11.310400009155273
18.3710994720459
-10.777400016784668
18.201900482177734
-10.244400024414062
18.032800674438477
-9.711440086364746
17.86359977722168
-9.178460121154785
17.694499969482422
-8.645480155944824
17.525400161743164
-8.112509727478027
17.356199264526367
-7.579529762268066
17.18709945678711
-7.046559810638428
17.017900466918945
-6.513579845428467
16.848800659179688
-5.980599880218506
16.67959976196289
-5.447629928588867
16.510499954223633
-4.914649963378906
16.341400146484375
-4.381680011749268
16.172199249267578
-3.8487000465393066
16.00309944152832
-3.315730094909668
15.833900451660156
-2.782749891281128
15.664799690246582
-2.249769926071167
15.495699882507324
-1.7167999744415283
15.326499938964844
-1.1838200092315674
15.157400131225586
-0.6508470177650452
14.988200187683105
-0.1178710013628006
14.819100379943848
0.4151049852371216
14.649999618530273
0.9480800032615662
14.480799674987793
1.4810600280761719
14.311699867248535
2.0140299797058105
14.142499923706055
2.5470099449157715
13.973400115966797
3.07997989654541
13.804300308227539
3.61296010017395
13.635100364685059
4.145939826965332
13.465999603271484
4.678909778594971
13.296799659729004
5.21189022064209
13.127699851989746
5.7448601722717285
12.958499908447266
6.2778401374816895
12.789400100708008
6.810810089111328
12.62030029296875
7.343790054321289
12.45110034942627
7.87677001953125
12.281999588012695
8.409740447998047
12.112799644470215
8.942720413208008
11.943699836730957
9.475689888000488
11.7746000289917
10.008700370788574
11.605400085449219
10.541600227355957
11.436300277709961
11.074600219726562
11.26710033416748
11.607600212097168
11.097999572753906
12.140600204467773
10.928899765014648
12.673500061035156
10.759699821472168
13.206500053405762
10.59060001373291
13.739500045776367
10.42140007019043
14.272500038146973
10.252300262451172
14.805500030517578
10.083200454711914
15.338399887084961
9.914010047912598
15.871399879455566
9.74487018585205
