18.362300872802734
-13.72189998626709
17.891700744628906
-14.000300407409668
17.421100616455078
-14.278599739074707
16.950599670410156
-14.556900024414062
16.479999542236328
-14.83530044555664
16.0093994140625
-15.11359977722168
15.538900375366211
-15.391900062561035
15.068300247192383
-15.670299530029297
14.597700119018555
-15.948599815368652
14.12720012664795
-16.226900100708008
13.656599998474121
-16.505199432373047
13.185999870300293
-16.783599853515625
12.715499877929688
-17.061899185180664
12.24489974975586
-17.340200424194336
11.774399757385254
-17.618600845336914
11.303799629211426
-17.896900177001953
10.833200454711914
-18.175199508666992
