11.647199630737305
12.614800453186035
11.34469985961914
12.145000457763672
11.042099952697754
11.675100326538086
10.73960018157959
11.205300331115723
10.437000274658203
10.73550033569336
10.134499549865723
10.265600204467773
9.83197021484375
9.79578971862793
9.529430389404297
9.325960159301758
9.226889610290527
8.856120109558105
8.924360275268555
8.386289596557617
8.621820449829102
7.916450023651123
8.319279670715332
7.446619987487793
8.016739845275879
6.976779937744141
7.714210033416748
6.5069499015808105
7.411670207977295
6.037109851837158
7.109129905700684
5.567279815673828
6.806600093841553
5.097439765930176
6.504059791564941
4.627610206604004
6.201519966125488
4.157770156860352
5.898990154266357
3.6879398822784424
5.596449851989746
3.218100070953369
5.293910026550293
2.748270034790039
4.99137020111084
2.2784299850463867
4.688839912414551
1.8085999488830566
4.386300086975098
1.3387600183486938
4.083759784698486
0.8689290285110474
3.7812299728393555
0.39909398555755615
3.4786899089813232
-0.07074149698019028
3.17615008354187
-0.5405759811401367
2.873610019683838
-1.010409951210022
2.571079969406128
-1.4802500009536743
2.2685399055480957
-1.9500800371170044
1.965999960899353
-2.419919967651367
1.6634700298309326
-2.8897500038146973
1.3609299659729004
-3.3595900535583496
1.0583900213241577
-3.8294200897216797
0.7558540105819702
-4.299260139465332
0.45331698656082153
-4.769090175628662
0.15078000724315643
-5.2389302253723145
-0.15175700187683105
-5.708759784698486
-0.45429399609565735
-6.178599834442139
-0.7568309903144836
-6.648429870605469
-1.0593700408935547
-7.118269920349121
-1.3619099855422974
-7.588099956512451
-1.6644400358200073
-8.057939529418945
-1.96697998046875
-8.527770042419434
-2.2695200443267822
-8.997610092163086
-2.572050094604492
-9.467439651489258
-2.8745899200439453
-9.93727970123291
-3.1771299839019775
-10.407099723815918
-3.4796700477600098
-10.876899719238281
-3.7822000980377197
-11.346799850463867
-4.084740161895752
-11.81659984588623
-4.387279987335205
-12.286499977111816
-4.689809799194336
-12.75629997253418
-4.992350101470947
-13.226099967956543
-5.2948899269104
-13.696000099182129
-5.597430229187012
-14.165800094604492
-5.899960041046143
-14.635600090026855
-6.202499866485596
-15.105500221252441
-6.505040168762207
-15.575300216674805
-6.807569980621338
-16.04509925842285
-7.110109806060791
-16.514999389648438
-7.412650108337402
-16.984800338745117
-7.715179920196533
-17.454599380493164
-8.017720222473145
-17.92449951171875
-8.320260047912598
-18.39430046081543
