-1.373579978942871
-8.617549896240234
-1.2380399703979492
-8.089229583740234
-1.1025099754333496
-7.5609002113342285
-0.96697998046875
-7.0325798988342285
-0.8314480185508728
-6.5042500495910645
-0.6959159970283508
-5.975930213928223
-0.56038498878479
-5.4475998878479
-0.42485299706459045
-4.919270038604736
-0.28932100534439087
-4.3909502029418945
-0.1537889987230301
-3.8626201152801514
-0.01825769990682602
-3.3343000411987305
0.11727400124073029
-2.8059699535369873
0.25280600786209106
-2.2776501178741455
0.38833799958229065
-1.7493200302124023
0.523868978023529
-1.2209999561309814
0.659400999546051
-0.6926689743995667
0.794933021068573
-0.16434399783611298
0.9304649829864502
0.3639819920063019
1.065999984741211
0.8923069834709167
1.2015299797058105
1.4206299781799316
1.3370599746704102
1.9489599466323853
1.4725899696350098
2.4772799015045166
1.6081199645996094
3.0056099891662598
1.7447999715805054
3.5371599197387695
1.881469964981079
4.068709850311279
2.0181500911712646
4.600259780883789
2.154819965362549
5.131800174713135
2.291490077972412
5.6633501052856445
2.4281699657440186
6.194900035858154
2.564840078353882
6.726449966430664
2.7015199661254883
7.257999897003174
2.8381900787353516
7.789549827575684
2.9748599529266357
8.321100234985352
3.1115400791168213
8.852640151977539
3.2482099533081055
9.38418960571289
3.384890079498291
9.915740013122559
3.521559953689575
10.44729995727539
3.6582300662994385
10.978799819946289
3.794909954071045
11.51039981842041
3.931580066680908
12.041899681091309
