19.702499389648438
-12.520000457763672
19.293699264526367
-12.130399703979492
18.885000228881836
-11.740799903869629
18.476299285888672
-11.351200103759766
18.06760025024414
-10.961600303649902
17.65880012512207
-10.571999549865723
17.250099182128906
-10.18239974975586
16.841400146484375
-9.792770385742188
16.43269920349121
-9.403160095214844
16.02389907836914
-9.013540267944336
15.61520004272461
-8.623929977416992
15.206500053405762
-8.234319686889648
14.797699928283691
-7.844709873199463
14.388999938964844
-7.455100059509277
13.980299949645996
-7.065489768981934
13.571599960327148
-6.675879955291748
13.162799835205078
-6.28626012802124
12.75409984588623
-5.8966498374938965
12.345399856567383
-5.507040023803711
11.936699867248535
-5.117430210113525
11.527899742126465
-4.727819919586182
11.119199752807617
-4.338210105895996
10.71049976348877
-3.9486000537872314
10.301799774169922
-3.5589799880981445
9.893030166625977
-3.16936993598938
9.484310150146484
-2.7797598838806152
9.075579643249512
-2.3901500701904297
8.666850090026855
-2.000540018081665
8.258130073547363
-1.6109299659729004
7.849400043487549
-1.2213200330734253
7.440680027008057
-0.8317040205001831
7.031949996948242
-0.44209301471710205
6.623219966888428
-0.05248109996318817
6.2144999504089355
0.33713001012802124
5.805769920349121
0.7267420291900635
5.397039890289307
1.1163500547409058
4.9883198738098145
1.5059599876403809
4.57958984375
1.8955800533294678
4.170869827270508
2.2851901054382324
3.7621400356292725
2.674799919128418
3.353410005569458
3.0644099712371826
2.944689989089966
3.4540200233459473
2.5359599590301514
3.843630075454712
2.127229928970337
4.233250141143799
1.7185100317001343
4.622859954833984
1.3097800016403198
5.01246976852417
0.9010549783706665
5.402080059051514
0.4923290014266968
5.791689872741699
0.08360269665718079
6.181300163269043
-0.32512399554252625
6.5709099769592285
-0.7338500022888184
6.960529804229736
-1.1425800323486328
7.35014009475708
-1.551300048828125
7.739749908447266
-1.96002995967865
8.12936019897461
-2.368760108947754
8.518969535827637
-2.777479887008667
8.90857982635498
-3.1862099170684814
9.298190116882324
-3.5949299335479736
9.687809944152832
-4.003660202026367
10.077400207519531
-4.412390232086182
10.467000007629395
-4.821109771728516
10.856599807739258
-5.22983980178833
11.246299743652344
-5.6385698318481445
11.635899543762207
-6.047289848327637
12.025500297546387
