-13.892200469970703
14.317999839782715
-13.336600303649902
14.356399536132812
-12.781000137329102
14.394800186157227
-12.2253999710083
14.433199882507324
-11.6697998046875
14.471599578857422
-11.1141996383667
14.510000228881836
-10.558600425720215
14.548399925231934
-10.003000259399414
14.586799621582031
-9.447420120239258
14.625200271606445
-8.891819953918457
14.66349983215332
-8.336210250854492
14.701899528503418
-7.780610084533691
14.740300178527832
-7.224999904632568
14.77869987487793
-6.669400215148926
14.817099571228027
-6.113800048828125
14.855500221252441
-5.558189868927002
14.893899917602539
-5.002590179443359
14.932299613952637
-4.446990013122559
14.97070026397705
-3.8913800716400146
15.009099960327148
-3.335779905319214
15.047499656677246
-2.780179977416992
15.08590030670166
-2.2245700359344482
15.124300003051758
-1.668969988822937
15.162699699401855
-1.1133699417114258
15.20110034942627
-0.5577620267868042
15.239500045776367
-0.0021582499612122774
15.277899742126465
0.5534449815750122
15.316300392150879
1.1090500354766846
15.354700088500977
1.6646499633789062
15.393099784851074
2.22025990486145
15.431500434875488
2.775860071182251
15.469900131225586
3.3314599990844727
15.508299827575684
3.8870699405670166
15.546699523925781
4.442669868469238
15.585100173950195
4.998270034790039
15.623499870300293
5.553880214691162
15.66189956665039
6.109479904174805
15.700300216674805
6.6650800704956055
15.738699913024902
7.22068977355957
15.777099609375
7.776289939880371
15.815500259399414
8.331899642944336
15.853899955749512
8.887499809265137
15.89229965209961
9.443099975585938
15.930700302124023
9.998709678649902
15.969099998474121
10.554300308227539
16.00749969482422
11.10990047454834
16.045900344848633
11.665499687194824
16.084299087524414
12.221099853515625
16.122699737548828
12.776700019836426
16.161100387573242
13.332300186157227
16.199499130249023
13.887900352478027
16.237899780273438
14.443499565124512
16.27630043029785
14.999099731445312
16.314699172973633
15.554699897766113
16.353099822998047
16.110300064086914
16.39150047302246
16.6658992767334
16.429899215698242
17.221599578857422
16.468299865722656
17.77720069885254
16.50670051574707
