-0.7548919916152954
-19.878400802612305
-0.5586810111999512
-19.34819984436035
-0.36247000098228455
-18.81800079345703
-0.16625800728797913
-18.287799835205078
0.0299529992043972
-17.75749969482422
0.22616399824619293
-17.2273006439209
0.42237600684165955
-16.697099685668945
0.6185870170593262
-16.166799545288086
0.8147979974746704
-15.63659954071045
1.0110100507736206
-15.106399536132812
1.2072199583053589
-14.57610034942627
1.4034299850463867
-14.045900344848633
1.5996400117874146
-13.515700340270996
1.7958500385284424
-12.98550033569336
1.992069959640503
-12.4552001953125
2.1882801055908203
-11.925000190734863
2.3844900131225586
-11.394800186157227
2.580699920654297
-10.864500045776367
2.7769100666046143
-10.33430004119873
2.9731199741363525
-9.804070472717285
3.169329881668091
-9.273839950561523
3.3655500411987305
-8.743610382080078
3.5617599487304688
-8.213379859924316
3.757970094680786
-7.683149814605713
3.9541800022125244
-7.152919769287109
4.150390148162842
-6.622690200805664
4.34660005569458
-6.0924601554870605
4.542809963226318
-5.562230110168457
4.739019870758057
-5.0320000648498535
4.935239791870117
-4.501760005950928
5.131450176239014
-3.971529960632324
5.327660083770752
-3.4412999153137207
5.52386999130249
-2.9110701084136963
5.7200798988342285
-2.3808400630950928
5.916289806365967
-1.8506100177764893
6.112500190734863
-1.3203799724578857
6.308720111846924
-0.7901510000228882
6.504930019378662
-0.25992101430892944
6.7011399269104
0.2703090012073517
6.897349834442139
0.8005399703979492
7.093560218811035
1.3307700157165527
7.289770126342773
1.8609999418258667
7.485980033874512
2.3912301063537598
7.68218994140625
2.921459913253784
7.8784098625183105
3.4516899585723877
8.074620246887207
3.981920003890991
8.270830154418945
4.512149810791016
8.467040061950684
5.042379856109619
8.663249969482422
5.572609901428223
8.85945987701416
6.102839946746826
9.055669784545898
6.633080005645752
9.251890182495117
7.1633100509643555
9.448100090026855
7.693540096282959
9.644309997558594
8.223770141601562
9.840519905090332
8.753999710083008
10.036700248718262
9.28423023223877
10.23289966583252
9.814459800720215
10.429200172424316
10.34469985961914
