2.855299949645996
-2.193160057067871
2.9028100967407227
-1.6321699619293213
2.950309991836548
-1.0711899995803833
2.9978199005126953
-0.5101950168609619
3.0453200340270996
0.05079460144042969
3.092819929122925
0.6117839813232422
3.1403300762176514
1.1727700233459473
3.1878299713134766
1.7337599992752075
3.235340118408203
2.2947499752044678
3.2828400135040283
2.8557400703430176
3.3303399085998535
3.4167299270629883
3.37785005569458
3.977720022201538
3.4253499507904053
4.538710117340088
3.4728500843048096
5.099699974060059
3.520359992980957
5.660689830780029
3.5678598880767822
6.221680164337158
3.615370035171509
6.782670021057129
3.662869930267334
7.3436598777771
3.7103700637817383
7.9046502113342285
3.7578799724578857
8.4656400680542
3.80538010597229
9.026630401611328
3.8528900146484375
9.58761978149414
3.9003899097442627
10.148599624633789
3.947890043258667
10.709600448608398
3.9953999519348145
11.270600318908691
4.042900085449219
11.831600189208984
4.090400218963623
12.392600059509277
4.137909889221191
12.95359992980957
4.185410022735596
13.514599800109863
4.232920169830322
14.075499534606934
4.280419826507568
14.636500358581543
4.327919960021973
15.197500228881836
4.375430107116699
15.758500099182129
