-16.242599487304688
5.93064022064209
-15.839200019836426
5.545929908752441
-15.435799598693848
5.161220073699951
-15.032400131225586
4.776500225067139
-14.628999710083008
4.39178991317749
-14.225600242614746
4.007080078125
-13.822199821472168
3.6223700046539307
-13.418800354003906
3.2376599311828613
-13.01550006866455
2.852950096130371
-12.612099647521973
2.4682400226593018
-12.208700180053711
2.0835299491882324
-11.805299758911133
1.6988199949264526
-11.401900291442871
1.3141100406646729
-10.998499870300293
0.9293959736824036
-10.595100402832031
0.5446850061416626
-10.191800117492676
0.15997399389743805
-9.788359642028809
-0.2247370034456253
-9.384980201721191
-0.6094480156898499
-8.981590270996094
-0.9941580295562744
-8.578200340270996
-1.3788700103759766
-8.174819946289062
-1.7635799646377563
-7.771430015563965
-2.148289918899536
-7.368040084838867
-2.5329999923706055
-6.964660167694092
-2.917710065841675
-6.561270236968994
-3.302419900894165
-6.157879829406738
-3.6871299743652344
-5.754499912261963
-4.071849822998047
-5.351109981536865
-4.456560134887695
-4.947720050811768
-4.8412699699401855
-4.54433012008667
-5.225979804992676
-4.1409502029418945
-5.610690116882324
-3.7375600337982178
-5.9953999519348145
-3.33417010307312
-6.380109786987305
-2.9307899475097656
-6.764820098876953
-2.527400016784668
-7.149529933929443
-2.1240100860595703
-7.534239768981934
-1.7206300497055054
-7.918950080871582
-1.3172399997711182
-8.303669929504395
-0.9138529896736145
-8.688380241394043
-0.5104659795761108
-9.073089599609375
-0.10707899928092957
-9.457799911499023
0.2963080108165741
-9.842510223388672
0.6996949911117554
-10.22719955444336
1.1030800342559814
-10.611900329589844
1.506469964981079
-10.996600151062012
1.9098600149154663
-11.381400108337402
2.3132400512695312
-11.76609992980957
2.716629981994629
-12.150799751281738
3.1200199127197266
-12.535499572753906
3.523400068283081
-12.92020034790039
3.9267899990081787
-13.304900169372559
4.3301801681518555
-13.689599990844727
4.733560085296631
-14.074299812316895
5.1369500160217285
-14.458999633789062
5.540339946746826
-14.843799591064453
5.943719863891602
-15.228500366210938
6.347109794616699
-15.613200187683105
6.750500202178955
-15.997900009155273
