2.293299913406372
10.245599746704102
2.4920101165771484
9.722319602966309
2.6907200813293457
9.199029922485352
2.889430046081543
8.675740242004395
3.088129997253418
8.152449607849121
3.2868399620056152
7.629159927368164
3.4855499267578125
7.105860233306885
3.6842598915100098
6.5825700759887695
3.882970094680786
6.059279918670654
4.081679821014404
5.535990238189697
4.280379772186279
5.01269006729126
4.479090213775635
4.4893999099731445
4.677800178527832
3.9661099910736084
4.876510143280029
3.4428200721740723
5.075220108032227
2.9195199012756348
5.273930072784424
2.3962299823760986
5.472630023956299
1.872939944267273
5.671339988708496
1.3496500253677368
5.870049953460693
0.82635498046875
6.068759918212891
0.3030630052089691
6.267469882965088
-0.22022899985313416
6.466179847717285
-0.7435219883918762
6.66487979888916
-1.2668100595474243
6.863589763641357
-1.7901099920272827
7.062300205230713
-2.3134000301361084
7.26101016998291
-2.8366899490356445
7.459720134735107
-3.3599801063537598
7.658430099487305
-3.883280038833618
7.85713005065918
-4.406569957733154
8.055839538574219
-4.9298601150512695
8.254549980163574
-5.453149795532227
8.45326042175293
-5.976439952850342
8.651969909667969
-6.499740123748779
8.850680351257324
-7.023029804229736
9.0493803024292
-7.546319961547852
9.248089790344238
-8.069609642028809
9.446800231933594
-8.592909812927246
9.645509719848633
-9.11620044708252
9.844220161437988
-9.639490127563477
10.042900085449219
-10.162799835205078
10.241600036621094
-10.686100006103516
10.440299987792969
-11.209400177001953
10.639100074768066
-11.73270034790039
10.837800025939941
-12.255999565124512
11.036499977111816
-12.779199600219727
11.235199928283691
-13.302499771118164
11.433899879455566
-13.825799942016602
11.632599830627441
-14.349100112915039
11.831299781799316
-14.872400283813477
12.029999732971191
-15.395700454711914
12.228699684143066
-15.918999671936035
12.427399635314941
-16.44230079650879
