-4.523489952087402
-10.011099815368652
-4.041979789733887
-9.774140357971191
-3.5604701042175293
-9.537229537963867
-3.0789599418640137
-9.300310134887695
-2.597450017929077
-9.063400268554688
-2.115950107574463
-8.8264799118042
-1.6344399452209473
-8.589570045471191
-1.1529300212860107
-8.352660179138184
-0.6714209914207458
-8.115739822387695
-0.18991200625896454
-7.8788299560546875
0.291595995426178
-7.641910076141357
0.7731040120124817
-7.40500020980835
1.2546099424362183
-7.168079853057861
1.7361199855804443
-6.9311699867248535
2.217629909515381
-6.694260120391846
2.6991400718688965
-6.457339763641357
3.1806399822235107
-6.22042989730835
