14.51710033416748
-5.389840126037598
13.96969985961914
-5.300290107727051
13.422200202941895
-5.210740089416504
12.874799728393555
-5.121190071105957
12.327400207519531
-5.031630039215088
11.779899597167969
-4.942080020904541
11.232500076293945
-4.852530002593994
10.685099601745605
-4.762969970703125
10.13759994506836
-4.673419952392578
9.590180397033691
-4.583869934082031
9.042750358581543
-4.494319915771484
8.495309829711914
-4.404759883880615
7.947869777679443
-4.315209865570068
7.400440216064453
-4.2256598472595215
6.853000164031982
-4.136109828948975
6.305560111999512
-4.0465497970581055
5.758130073547363
-3.9570000171661377
5.210690021514893
-3.867449998855591
4.663249969482422
-3.7778899669647217
4.115819931030273
-3.688339948654175
3.568380117416382
-3.598789930343628
3.020940065383911
-3.509239912033081
2.4735100269317627
-3.419680118560791
1.926069974899292
-3.330130100250244
1.378640055656433
-3.2405800819396973
0.8311989903450012
-3.1510300636291504
0.28376200795173645
-3.0614700317382812
-0.2636739909648895
-2.9719200134277344
-0.8111109733581543
-2.8823699951171875
-1.358549952507019
-2.7928099632263184
-1.9059799909591675
-2.7032599449157715
-2.4534199237823486
-2.6137099266052246
