-19.57710075378418
15.730199813842773
-19.02560043334961
15.76360034942627
-18.47410011291504
15.797100067138672
-17.92259979248047
15.830599784851074
-17.3710994720459
15.86400032043457
-16.819599151611328
15.897500038146973
-16.26810073852539
15.930999755859375
-15.71660041809082
15.964400291442871
-15.16510009765625
15.997900009155273
-14.61359977722168
16.031400680541992
-14.062100410461426
16.064800262451172
-13.510600090026855
16.09830093383789
-12.959099769592285
16.13170051574707
-12.407600402832031
16.165199279785156
-11.856100082397461
16.198699951171875
-11.30459976196289
16.232099533081055
-10.753100395202637
16.265600204467773
-10.201600074768066
16.299100875854492
-9.650099754333496
16.332500457763672
-9.098600387573242
16.365999221801758
-8.547100067138672
16.399499893188477
-7.99560022354126
16.432899475097656
-7.4440999031066895
16.466400146484375
-6.8926100730896
16.499900817871094
-6.3411102294921875
16.533300399780273
-5.789609909057617
16.56679916381836
-5.238110065460205
16.600200653076172
-4.686610221862793
16.633699417114258
-4.135109901428223
16.667200088500977
-3.5836100578308105
16.700599670410156
-3.0321099758148193
16.734100341796875
-2.480609893798828
16.76759910583496
-1.929110050201416
16.801000595092773
-1.377619981765747
16.83449935913086
-0.8261160254478455
16.868000030517578
-0.2746169865131378
16.901399612426758
0.27688199281692505
16.934900283813477
0.8283810019493103
16.968299865722656
