-7.460770130157471
3.683180093765259
-7.054850101470947
4.0684099197387695
-6.648920059204102
4.453649997711182
-6.243000030517578
4.8388800621032715
-5.837080001831055
5.224110126495361
-5.431159973144531
5.609340190887451
-5.025239944458008
5.994569778442383
-4.619319915771484
6.379799842834473
-4.213399887084961
6.7650299072265625
-3.8074800968170166
7.150269985198975
-3.401560068130493
7.5355000495910645
-2.9956400394439697
7.920730113983154
-2.5897200107574463
8.305959701538086
-2.183799982070923
8.691189765930176
-1.7778799533843994
9.076419830322266
-1.3719600439071655
9.461649894714355
-0.9660390019416809
9.846879959106445
-0.5601189732551575
10.232099533081055
-0.15419800579547882
10.617300033569336
0.2517220079898834
11.002599716186523
