11.454899787902832
9.31624984741211
11.087200164794922
8.893369674682617
10.719499588012695
8.470479965209961
10.351900100708008
8.047599792480469
9.984160423278809
7.624720096588135
9.616470336914062
7.20182991027832
9.248780250549316
6.778950214385986
8.88109016418457
6.356060028076172
8.513400077819824
5.93317985534668
8.145709991455078
5.510300159454346
7.778019905090332
5.087409973144531
7.410329818725586
4.664529800415039
7.042640209197998
4.241650104522705
6.674950122833252
3.8187599182128906
6.307260036468506
3.3958799839019775
5.93956995010376
2.9730000495910645
5.571879863739014
2.550110101699829
5.204189777374268
2.127229928970337
4.83650016784668
1.7043499946594238
4.468810081481934
1.2814600467681885
4.1011199951171875
0.8585780262947083
3.7334299087524414
0.43569400906562805
3.3657400608062744
0.012810800224542618
2.9980499744415283
-0.41007301211357117
2.6303598880767822
-0.8329560160636902
2.2626700401306152
-1.2558399438858032
1.8949799537658691
-1.6787199974060059
1.5272899866104126
-2.101609945297241
1.159600019454956
-2.5244901180267334
0.7919139862060547
-2.9473700523376465
0.42422500252723694
-3.370260000228882
0.056534700095653534
-3.793139934539795
-0.3111549913883209
-4.216030120849609
-0.6788449883460999
-4.638909816741943
-1.0465400218963623
-5.0617899894714355
-1.4142199754714966
-5.48468017578125
-1.7819099426269531
-5.907559871673584
-2.149600028991699
-6.330440044403076
-2.5172901153564453
-6.753330230712891
-2.8849799633026123
-7.176209926605225
-3.2526700496673584
-7.599090099334717
-3.6203598976135254
-8.021980285644531
-3.9880499839782715
-8.444860458374023
-4.355740070343018
-8.8677396774292
-4.723430156707764
-9.290630340576172
-5.091119766235352
-9.713509559631348
-5.458809852600098
-10.13640022277832
-5.826499938964844
-10.559300422668457
-6.19419002532959
-10.982199668884277
-6.561880111694336
-11.404999732971191
-6.929570198059082
-11.827899932861328
-7.29725980758667
-12.250800132751465
-7.664949893951416
-12.673700332641602
-8.03264045715332
-13.096599578857422
-8.40032958984375
-13.519499778747559
-8.768019676208496
-13.942299842834473
-9.135709762573242
-14.36520004272461
-9.503399848937988
-14.788100242614746
-9.871089935302734
-15.211000442504883
