-1.1696100234985352
-16.53030014038086
-1.456529974937439
-16.04450035095215
-1.7434500455856323
-15.558699607849121
-2.030369997024536
-15.072799682617188
-2.3173000812530518
-14.586999893188477
-2.604219913482666
-14.101200103759766
-2.8911399841308594
-13.615300178527832
-3.1780600547790527
-13.129500389099121
-3.464979887008667
-12.643699645996094
-3.7518999576568604
-12.15779972076416
-4.038819789886475
-11.67199993133545
-4.32574987411499
-11.186200141906738
-4.612669944763184
-10.700400352478027
-4.899590015411377
-10.214500427246094
-5.18651008605957
-9.728699684143066
-5.473430156707764
-9.242870330810547
-5.760350227355957
-8.757040023803711
-6.0472798347473145
-8.271209716796875
-6.334199905395508
-7.785379886627197
-6.621119976043701
-7.2995500564575195
-6.9080400466918945
-6.813720226287842
-7.194960117340088
-6.327889919281006
-7.481880187988281
-5.842060089111328
-7.768799781799316
-5.356229782104492
-8.055729866027832
-4.8703999519348145
-8.342650413513184
-4.384570121765137
-8.629570007324219
-3.89874005317688
-8.916489601135254
-3.412909984588623
-9.203410148620605
-2.927079916000366
-9.49032974243164
-2.4412500858306885
-9.777259826660156
-1.9554200172424316
-10.064200401306152
-1.4695899486541748
-10.351099967956543
-0.9837610125541687
-10.637999534606934
-0.49793100357055664
-10.92490005493164
-0.01210159994661808
-11.211899757385254
0.4737280011177063
-11.498800277709961
0.9595580101013184
-11.785699844360352
1.445389986038208
-12.072600364685059
1.9312200546264648
-12.35949993133545
2.4170498847961426
-12.646499633789062
2.9028799533843994
-12.93340015411377
3.3887100219726562
-13.22029972076416
3.874540090560913
-13.507200241088867
4.36037015914917
-13.79419994354248
4.846199989318848
-14.081100463867188
5.332029819488525
-14.368000030517578
5.817850112915039
-14.654899597167969
6.303679943084717
-14.941800117492676
6.7895097732543945
-15.228799819946289
7.2753400802612305
-15.515700340270996
7.761169910430908
-15.802599906921387
8.246999740600586
-16.089500427246094
8.732830047607422
-16.37649917602539
9.218660354614258
-16.663400650024414
9.704489707946777
