-4.180910110473633
-4.178750038146973
-4.132719993591309
-4.741909980773926
-4.084519863128662
-5.305069923400879
-4.036330223083496
-5.868239879608154
-3.988140106201172
-6.431399822235107
-3.9399499893188477
-6.9945597648620605
-3.8917500972747803
-7.557730197906494
-3.843559980392456
-8.120889663696289
-3.795370101928711
-8.684049606323242
-3.7471799850463867
-9.247209548950195
-3.6989800930023193
-9.810379981994629
-3.650789976119995
-10.373499870300293
-3.60260009765625
-10.936699867248535
-3.5543999671936035
-11.499899864196777
-3.5062100887298584
-12.062999725341797
-3.458019971847534
-12.626199722290039
-3.409830093383789
-13.189399719238281
-3.3616299629211426
-13.7524995803833
-3.3134400844573975
-14.315699577331543
-3.2652499675750732
-14.878800392150879
-3.217060089111328
-15.442000389099121
-3.1688599586486816
-16.005199432373047
-3.1206700801849365
-16.568300247192383
-3.0724799633026123
-17.131500244140625
-3.024280071258545
-17.694700241088867
-2.9760899543762207
-18.25779914855957
