12.501799583435059
-0.1266310065984726
11.949899673461914
-0.23273499310016632
11.398099899291992
-0.33883801102638245
10.846199989318848
-0.44494199752807617
10.294300079345703
-0.5510460138320923
9.742460250854492
-0.6571499705314636
9.190589904785156
-0.7632539868354797
8.63871955871582
-0.8693580031394958
8.0868501663208
-0.975462019443512
7.534979820251465
-1.081570029258728
6.983109951019287
-1.1876699924468994
6.431240081787109
-1.2937699556350708
5.879370212554932
-1.399880051612854
5.327499866485596
-1.5059800148010254
4.775629997253418
-1.6120799779891968
4.22376012802124
-1.7181899547576904
3.6718900203704834
-1.8242900371551514
3.1200199127197266
-1.930400013923645
2.568150043487549
-2.0364999771118164
2.016279935836792
-2.1426000595092773
1.4644099473953247
-2.2487099170684814
0.9125360250473022
-2.3548099994659424
0.3606660068035126
-2.4609200954437256
-0.1912039965391159
-2.5670199394226074
-0.7430739998817444
-2.6731200218200684
-1.2949399948120117
-2.7792301177978516
-1.846809983253479
-2.8853299617767334
-2.3986799716949463
-2.9914300441741943
-2.950550079345703
-3.0975399017333984
-3.502419948577881
-3.2036399841308594
-4.054289817810059
-3.3097500801086426
-4.6061601638793945
-3.4158499240875244
-5.158030033111572
-3.5219500064849854
-5.70989990234375
-3.6280601024627686
-6.261769771575928
-3.7341599464416504
-6.813650131225586
-3.8402700424194336
-7.365520000457764
-3.9463698863983154
-7.917389869689941
-4.0524702072143555
-8.469260215759277
-4.1585798263549805
-9.021129608154297
-4.264679908752441
-9.572999954223633
-4.370779991149902
-10.124899864196777
-4.4768900871276855
-10.6766996383667
-4.5829901695251465
-11.228599548339844
-4.6890997886657715
-11.780500411987305
-4.795199871063232
-12.332300186157227
-4.901299953460693
