17.284799575805664
-7.244939804077148
16.74209976196289
-7.366759777069092
16.199399948120117
-7.488589763641357
15.656800270080566
-7.610420227050781
15.114100456237793
-7.732240200042725
14.571499824523926
-7.85407018661499
14.028800010681152
-7.975900173187256
13.486100196838379
-8.0977201461792
12.943499565124512
-8.219550132751465
12.400799751281738
-8.34138011932373
11.858200073242188
-8.463199615478516
11.315500259399414
-8.585029602050781
10.77280044555664
-8.706859588623047
10.230199813842773
-8.828680038452148
9.687520027160645
-8.950510025024414
9.14484977722168
-9.07234001159668
8.602190017700195
-9.194160461425781
8.059530258178711
-9.315990447998047
7.516870021820068
-9.437820434570312
6.974209785461426
-9.559639930725098
6.431550025939941
-9.681469917297363
5.888889789581299
-9.803299903869629
5.3462300300598145
-9.92512035369873
4.803569793701172
-10.046899795532227
4.260900020599365
-10.168800354003906
3.7182400226593018
-10.290599822998047
3.1755800247192383
-10.412400245666504
2.632920026779175
-10.534299850463867
2.0902600288391113
-10.656100273132324
1.5476000308990479
-10.777899742126465
1.0049400329589844
-10.899700164794922
0.46227699518203735
-11.021599769592285
-0.08038379997015
-11.143400192260742
-0.623045027256012
-11.265199661254883
-1.1657099723815918
-11.38700008392334
-1.7083699703216553
-11.508899688720703
-2.2510299682617188
-11.63070011138916
-2.7936899662017822
-11.7524995803833
-3.3363499641418457
-11.874300003051758
-3.879009962081909
-11.996199607849121
-4.421669960021973
-12.118000030517578
-4.964330196380615
-12.239800453186035
-5.5069899559021
-12.361700057983398
-6.0496602058410645
-12.483499526977539
-6.592319965362549
-12.605299949645996
-7.134980201721191
-12.727100372314453
-7.677639961242676
-12.848999977111816
-8.22029972076416
-12.970800399780273
-8.762960433959961
-13.092599868774414
-9.305620193481445
-13.214400291442871
-9.84827995300293
-13.336299896240234
-10.390899658203125
-13.458100318908691
