-8.511300086975098
-13.928000450134277
-7.951200008392334
-13.862799644470215
-7.391089916229248
-13.797599792480469
-6.830989837646484
-13.7322998046875
-6.270890235900879
-13.667099952697754
-5.710790157318115
-13.601900100708008
-5.150690078735352
-13.536700248718262
-4.590590000152588
-13.471500396728516
-4.030489921569824
-13.406200408935547
-3.4703900814056396
-13.340999603271484
-2.910290002822876
-13.275799751281738
-2.35017991065979
-13.210599899291992
-1.790079951286316
-13.145400047302246
-1.2299799919128418
-13.080100059509277
-0.6698809862136841
-13.014900207519531
-0.10977999866008759
-12.949700355529785
0.4503209888935089
-12.884499549865723
1.0104199647903442
-12.819299697875977
1.570520043373108
-12.75409984588623
2.130620002746582
-12.688799858093262
2.690730094909668
-12.623600006103516
3.2508299350738525
-12.55840015411377
3.810930013656616
-12.493200302124023
4.371029853820801
-12.428000450134277
4.9311299324035645
-12.362700462341309
5.491230010986328
-12.297499656677246
6.051330089569092
-12.2322998046875
6.6114301681518555
-12.167099952697754
7.171529769897461
-12.101900100708008
7.731639862060547
-12.036600112915039
8.291740417480469
-11.971400260925293
