-0.872177004814148
-4.826839923858643
-0.379474014043808
-4.566770076751709
0.11322899907827377
-4.306690216064453
0.6059309840202332
-4.046619892120361
1.0986299514770508
-3.7865500450134277
1.5913399457931519
-3.5264699459075928
2.0840399265289307
-3.266400098800659
2.576740026473999
-3.0063300132751465
3.0694499015808105
-2.7462499141693115
3.562150001525879
-2.486180067062378
4.054850101470947
-2.226099967956543
4.547550201416016
-1.9660300016403198
5.040259838104248
-1.7059600353240967
5.532959938049316
-1.4458800554275513
6.025660037994385
-1.1858099699020386
6.518370151519775
-0.9257360100746155
7.0110697746276855
-0.6656630039215088
7.503769874572754
-0.4055890142917633
7.996469974517822
-0.14551499485969543
8.489179611206055
0.11455799639225006
8.981880187988281
0.37463200092315674
9.474579811096191
0.6347060203552246
9.967280387878418
0.8947790265083313
10.460000038146973
1.1548500061035156
10.952699661254883
1.414929986000061
11.44540023803711
1.6749999523162842
11.93809986114502
1.9350700378417969
12.430800437927246
2.1951498985290527
12.923500061035156
2.4552199840545654
13.416199684143066
2.715290069580078
13.908900260925293
2.975369930267334
14.401599884033203
3.2354400157928467
14.89430046081543
3.4955201148986816
15.38700008392334
3.7555899620056152
15.87969970703125
4.015659809112549
