11.781599998474121
-0.9676060080528259
11.288900375366211
-0.7100300192832947
10.796299934387207
-0.4524550139904022
10.303600311279297
-0.19487899541854858
9.81089973449707
0.06269659847021103
9.318220138549805
0.3202719986438751
8.825539588928223
0.5778480172157288
8.332859992980957
0.8354229927062988
7.840179920196533
1.093000054359436
7.347499847412109
1.3505699634552002
6.8548197746276855
1.6081500053405762
6.36214017868042
1.8657300472259521
5.869460105895996
2.123300075531006
5.376780033111572
2.380880117416382
4.884099960327148
2.6384499073028564
4.391419887542725
2.8960299491882324
3.89874005317688
3.153599977493286
3.406059980392456
3.411180019378662
2.9133799076080322
3.668750047683716
2.4207000732421875
3.926330089569092
1.9280200004577637
4.183909893035889
1.4353400468826294
4.4414801597595215
0.9426640272140503
4.699059963226318
0.44998401403427124
4.956630229949951
-0.042695701122283936
5.214210033416748
-0.5353749990463257
5.471779823303223
-1.028059959411621
5.729360103607178
-1.520740032196045
5.986929893493652
-2.0134100914001465
6.244510173797607
-2.506089925765991
6.502089977264404
-2.998769998550415
6.759659767150879
-3.491450071334839
7.017240047454834
-3.9841299057006836
7.274809837341309
-4.476809978485107
7.532390117645264
-4.969490051269531
7.789959907531738
-5.462170124053955
8.047539710998535
-5.954850196838379
8.305109977722168
-6.4475297927856445
8.562689781188965
-6.940209865570068
8.820260047912598
-7.432889938354492
9.077839851379395
-7.925570011138916
9.335419654846191
-8.41825008392334
9.592989921569824
-8.910929679870605
9.850569725036621
-9.403610229492188
10.108099937438965
-9.896289825439453
10.365699768066406
-10.388999938964844
10.623299598693848
-10.881699562072754
10.880900382995605
-11.374300003051758
11.138400077819824
-11.866999626159668
11.395999908447266
-12.359700202941895
11.653599739074707
-12.852399826049805
11.911199569702148
-13.345100402832031
12.168700218200684
