-10.776200294494629
6.379809856414795
-10.214099884033203
6.366350173950195
-9.651949882507324
6.3528900146484375
-9.089810371398926
6.33942985534668
-8.527669906616211
6.32597017288208
-7.965529918670654
6.3125
-7.403389930725098
6.299039840698242
-6.841249942779541
6.285580158233643
-6.279109954833984
6.272119998931885
-5.716969966888428
6.258659839630127
-5.154829978942871
6.245200157165527
-4.5926899909973145
6.231729984283447
-4.030550003051758
6.2182698249816895
-3.468410015106201
6.20481014251709
-2.9062700271606445
6.191349983215332
-2.344130039215088
6.177889823913574
-1.781999945640564
6.164430141448975
-1.2198599576950073
6.1509599685668945
-0.6577169895172119
6.137499809265137
-0.09557739645242691
6.124040126800537
0.4665620028972626
6.110579967498779
1.0286999940872192
6.0971198081970215
1.5908399820327759
6.083660125732422
2.152980089187622
6.070189952850342
2.7151200771331787
6.056729793548584
3.2772600650787354
6.043270111083984
3.839400053024292
6.029809951782227
4.4015398025512695
6.016349792480469
4.963679790496826
6.002890110015869
5.525819778442383
5.989419937133789
6.087950229644775
5.975959777832031
6.650090217590332
5.962500095367432
7.212230205535889
5.949039936065674
7.774370193481445
5.935579776763916
8.336509704589844
5.922120094299316
8.898650169372559
5.908649921417236
9.460789680480957
5.8951897621154785
10.022899627685547
5.881730079650879
10.585100173950195
5.868269920349121
11.147199630737305
5.8548102378845215
11.70930004119873
5.841350078582764
12.271499633789062
5.827879905700684
12.833600044250488
5.814420223236084
13.39579963684082
5.800960063934326
13.957900047302246
5.787499904632568
14.520000457763672
5.774040222167969
15.082200050354004
5.760580062866211
