18.346500396728516
-19.50819969177246
17.947599411010742
-19.110700607299805
17.5487003326416
-18.713199615478516
17.149700164794922
-18.31570053100586
16.75079917907715
-17.91819953918457
16.3518009185791
-17.52079963684082
15.952899932861328
-17.123300552368164
15.553899765014648
-16.725799560546875
15.154999732971191
-16.32830047607422
14.755999565124512
-15.930800437927246
14.357099533081055
-15.53339958190918
13.958100318908691
-15.135899543762207
13.559200286865234
-14.73840045928955
13.160200119018555
-14.340900421142578
12.761300086975098
-13.943400382995605
12.362299919128418
-13.545900344848633
11.963399887084961
-13.148500442504883
11.564399719238281
-12.75100040435791
11.165499687194824
-12.353500366210938
10.766599655151367
-11.956000328063965
10.367600440979004
-11.558500289916992
9.968660354614258
-11.161100387573242
9.569709777832031
-10.76360034942627
9.170760154724121
-10.366100311279297
8.771820068359375
-9.968609809875488
8.372870445251465
-9.57112979888916
7.973919868469238
-9.173649787902832
7.57496976852417
-8.776169776916504
7.176030158996582
-8.378689765930176
6.777080059051514
-7.981210231781006
6.378129959106445
-7.5837202072143555
5.979189872741699
-7.186240196228027
5.580239772796631
-6.788760185241699
5.181290149688721
-6.391280174255371
4.782340049743652
-5.993800163269043
4.383399963378906
-5.596320152282715
3.984450101852417
-5.1988301277160645
3.5855000019073486
-4.801350116729736
3.1865599155426025
-4.403870105743408
2.7876100540161133
-4.00639009475708
2.388659954071045
-3.608910083770752
1.9897099733352661
-3.211430072784424
1.5907700061798096
-2.8139400482177734
1.1918200254440308
-2.4164600372314453
0.7928730249404907
-2.018980026245117
0.3939259946346283
-1.621500015258789
-0.005021329969167709
-1.224020004272461
-0.4039680063724518
-0.826537013053894
-0.8029159903526306
-0.42905500531196594
-1.201859951019287
-0.03157360106706619
-1.6008100509643555
0.3659079968929291
-1.9997600317001343
0.7633900046348572
-2.398699998855591
1.1608699560165405
-2.797650098800659
1.5583499670028687
-3.1965999603271484
1.9558299779891968
-3.595550060272217
2.3533198833465576
-3.994489908218384
2.7507998943328857
-4.393439769744873
3.148279905319214
-4.792389869689941
3.545759916305542
-5.1913299560546875
3.94323992729187
-5.590280055999756
4.340720176696777
-5.989230155944824
4.738210201263428
-6.388179779052734
5.135690212249756
-6.7871198654174805
5.533170223236084
-7.186069965362549
5.930650234222412
