10.488300323486328
6.69025993347168
10.590200424194336
6.139969825744629
10.692099571228027
5.589680194854736
10.793999671936035
5.0393900871276855
10.895899772644043
4.489099979400635
10.99779987335205
3.938810110092163
11.099699974060059
3.3885300159454346
11.201600074768066
2.838239908218384
11.303500175476074
2.287950038909912
11.405400276184082
1.7376600503921509
11.50730037689209
1.1873699426651
11.609199523925781
0.6370760202407837
11.711099624633789
0.08678629994392395
11.812999725341797
-0.46350398659706116
11.914899826049805
-1.0137900114059448
12.016799926757812
-1.564079999923706
12.11870002746582
-2.114370107650757
12.220600128173828
-2.6646599769592285
12.322500228881836
-3.2149500846862793
12.424500465393066
-3.765239953994751
12.526399612426758
-4.315529823303223
12.628299713134766
-4.865819931030273
12.730199813842773
-5.416110038757324
12.832099914550781
-5.966400146484375
12.934000015258789
-6.516689777374268
13.035900115966797
-7.066979885101318
13.137800216674805
-7.617269992828369
13.239700317382812
-8.167559623718262
13.34160041809082
-8.717849731445312
13.443499565124512
-9.268139839172363
13.54539966583252
-9.818429946899414
13.647299766540527
-10.36870002746582
13.749199867248535
-10.918999671936035
13.851099967956543
-11.469300270080566
13.95300006866455
-12.019599914550781
14.054900169372559
-12.569899559020996
14.156800270080566
-13.120200157165527
14.258700370788574
-13.670499801635742
14.360600471496582
-14.22070026397705
14.462499618530273
-14.770999908447266
14.564399719238281
-15.32129955291748
14.666299819946289
-15.871600151062012
14.768199920654297
-16.421899795532227
14.870100021362305
-16.972200393676758
14.972000122070312
-17.522499084472656
15.07390022277832
-18.072799682617188
