9.432530403137207
-7.097789764404297
9.667559623718262
-6.602499961853027
9.902589797973633
-6.10722017288208
10.13759994506836
-5.611939907073975
10.372699737548828
-5.116660118103027
10.60770034790039
-4.621379852294922
10.842700004577637
-4.126100063323975
11.077699661254883
-3.6308200359344482
11.312800407409668
-3.1355299949645996
11.547800064086914
-2.6402499675750732
11.78279972076416
-2.144969940185547
12.017900466918945
-1.64969003200531
12.252900123596191
-1.1544100046157837
12.487899780273438
-0.6591269969940186
12.722999572753906
-0.1638450026512146
12.958000183105469
0.33143600821495056
13.192999839782715
0.8267179727554321
13.428099632263184
1.3220000267028809
13.663100242614746
1.8172800540924072
13.898099899291992
2.3125600814819336
14.133199691772461
2.80784010887146
14.368200302124023
3.3031299114227295
14.60319995880127
3.798409938812256
14.838299751281738
4.293690204620361
15.0733003616333
4.788969993591309
15.308300018310547
5.284249782562256
15.543399810791016
5.779530048370361
15.778400421142578
6.274809837341309
16.013399124145508
6.770100116729736
