-10.206600189208984
-10.819100379943848
-10.72350025177002
-10.742500305175781
-11.240400314331055
-10.665800094604492
-11.75730037689209
-10.589200019836426
-12.274299621582031
-10.512499809265137
-12.791199684143066
-10.43589973449707
-13.308099746704102
-10.359199523925781
-13.824999809265137
-10.282600402832031
-14.342000007629395
-10.205900192260742
-14.85890007019043
-10.129300117492676
-15.375800132751465
-10.052599906921387
-15.8927001953125
-9.975979804992676
-16.409700393676758
-9.899330139160156
