-13.536399841308594
19.166099548339844
-13.11970043182373
18.78849983215332
-12.70300006866455
18.41080093383789
-12.286299705505371
18.033199310302734
-11.869600296020508
17.655500411987305
-11.452799797058105
17.27790069580078
-11.036100387573242
16.900299072265625
-10.619400024414062
16.522600173950195
-10.202699661254883
16.145000457763672
-9.78596019744873
15.76729965209961
-9.369239807128906
15.389699935913086
-8.952520370483398
15.012100219726562
-8.535799980163574
14.634400367736816
-8.11909008026123
14.256799697875977
-7.7023701667785645
13.87909984588623
-7.28564977645874
13.501500129699707
-6.868929862976074
13.123900413513184
-6.452209949493408
12.746199607849121
-6.035490036010742
12.368599891662598
-5.618770122528076
11.990900039672852
-5.20205020904541
11.613300323486328
-4.785329818725586
11.235699653625488
-4.36860990524292
10.857999801635742
-3.951889991760254
10.480400085449219
-3.535170078277588
10.102700233459473
-3.1184499263763428
9.725090026855469
-2.7017300128936768
9.347450256347656
-2.2850100994110107
8.969809532165527
-1.8682899475097656
8.592169761657715
-1.4515700340270996
8.214529991149902
-1.034850001335144
7.83689022064209
-0.6181340217590332
7.459249973297119
-0.20141400396823883
7.081610202789307
0.21530500054359436
6.703969955444336
0.6320250034332275
6.326330184936523
1.048740029335022
5.948689937591553
