-16.88909912109375
-13.25629997253418
-16.32900047302246
-13.239399909973145
-15.768799781799316
-13.222399711608887
-15.208700180053711
-13.205499649047852
-14.648599624633789
-13.188599586486816
-14.088500022888184
-13.171600341796875
-13.528400421142578
-13.15470027923584
-12.968199729919434
-13.137800216674805
-12.408100128173828
-13.12090015411377
-11.847999572753906
-13.103899955749512
-11.2878999710083
-13.086999893188477
-10.727800369262695
-13.070099830627441
-10.16759967803955
-13.053099632263184
-9.60752010345459
-13.036199569702148
-9.04740047454834
-13.01930046081543
-8.487279891967773
-13.002300262451172
-7.927159786224365
-12.985400199890137
-7.367040157318115
-12.968500137329102
-6.806920051574707
-12.951499938964844
-6.246799945831299
-12.934599876403809
-5.686679840087891
-12.917699813842773
-5.126560211181641
-12.900699615478516
-4.566440105438232
-12.88379955291748
-4.006319999694824
-12.866900444030762
-3.446199893951416
-12.849900245666504
-2.886080026626587
-12.833000183105469
-2.3259599208831787
-12.816100120544434
-1.7658400535583496
-12.799099922180176
-1.2057199478149414
-12.78219985961914
-0.645596981048584
-12.765299797058105
-0.08547720313072205
-12.748299598693848
0.4746429920196533
-12.731399536132812
1.0347599983215332
-12.714500427246094
1.5948799848556519
-12.697500228881836
2.1549999713897705
-12.6806001663208
2.7151200771331787
-12.663700103759766
3.275239944458008
-12.646699905395508
3.835360050201416
-12.629799842834473
4.395480155944824
-12.612899780273438
4.955599784851074
-12.59589958190918
5.515719890594482
-12.579000473022461
6.075839996337891
-12.562100410461426
6.635960102081299
-12.545100212097168
7.196080207824707
-12.528200149536133
7.756199836730957
-12.511300086975098
8.316320419311523
-12.49429988861084
8.876440048217773
-12.477399826049805
9.436559677124023
-12.46049976348877
9.99668025970459
-12.443499565124512
10.55679988861084
-12.426600456237793
11.116900444030762
-12.409700393676758
11.677000045776367
-12.3927001953125
12.237199783325195
-12.375800132751465
12.797300338745117
-12.35890007019043
13.357399940490723
-12.341899871826172
13.917499542236328
-12.324999809265137
14.47760009765625
-12.308099746704102
15.037799835205078
-12.291099548339844
15.597900390625
-12.274200439453125
16.158000946044922
-12.25730037689209
16.71809959411621
-12.240400314331055
17.278200149536133
-12.223400115966797
17.83839988708496
-12.206500053405762
