-12.519000053405762
-1.9770900011062622
-12.20930004119873
-1.5099200010299683
-11.8996000289917
-1.0427500009536743
-11.589900016784668
-0.5755810141563416
-11.280200004577637
-0.10841000080108643
-10.970499992370605
0.3587610125541687
-10.660799980163574
0.8259329795837402
-10.351099967956543
1.2930999994277954
-10.041399955749512
1.7602699995040894
-9.731749534606934
2.227449893951416
-9.422060012817383
2.69461989402771
-9.112369537353516
3.161789894104004
-8.802680015563965
3.628959894180298
-8.492989540100098
4.096129894256592
-8.183300018310547
4.563300132751465
-7.873600006103516
5.03046989440918
-7.563910007476807
5.497640132904053
-7.254220008850098
5.96481990814209
-6.944530010223389
6.431990146636963
-6.63484001159668
6.899159908294678
-6.325150012969971
7.366330146789551
-6.015460014343262
7.833499908447266
-5.7057600021362305
8.30066967010498
-5.3960700035095215
8.767840385437012
-5.0863800048828125
9.235010147094727
-4.7766900062561035
9.702190399169922
-4.4670000076293945
10.169400215148926
-4.1573100090026855
10.636500358581543
-3.8476200103759766
11.103699684143066
