1.8264199495315552
-9.975859642028809
1.78725004196167
-10.51509952545166
1.7480800151824951
-11.054300308227539
1.708899974822998
-11.593500137329102
1.6697299480438232
-12.132699966430664
1.630560040473938
-12.671899795532227
1.5913900136947632
-13.211199760437012
1.5522199869155884
-13.750399589538574
1.5130399465560913
-14.289600372314453
1.473870038986206
-14.828800201416016
1.4347000122070312
-15.368000030517578
1.3955299854278564
-15.90719985961914
1.3563499450683594
-16.446500778198242
1.3171800374984741
-16.985700607299805
1.2780100107192993
-17.524900436401367
1.2388399839401245
-18.06410026550293
1.1996699571609497
-18.603300094604492
1.1604900360107422
-19.142499923706055
1.1213200092315674
-19.681800842285156
