-11.795000076293945
17.08679962158203
-11.658499717712402
16.57509994506836
-11.522000312805176
16.063499450683594
-11.385499954223633
15.551799774169922
-11.249099731445312
15.040200233459473
-11.112600326538086
14.528499603271484
-10.976099967956543
14.016900062561035
-10.839599609375
13.50529956817627
-10.703100204467773
12.993599891662598
-10.56659984588623
12.482000350952148
-10.43019962310791
11.97029972076416
-10.293700218200684
11.458700180053711
-10.15719985961914
10.946999549865723
-10.020700454711914
10.435400009155273
