7.750589847564697
-18.5718994140625
7.5388898849487305
-18.063899993896484
7.327199935913086
-17.555999755859375
7.115509986877441
-17.04800033569336
6.903820037841797
-16.54010009765625
6.69212007522583
-16.032100677490234
6.4804301261901855
-15.524200439453125
6.268740177154541
-15.016200065612793
6.057040214538574
-14.508299827575684
5.8453497886657715
-14.000300407409668
5.633659839630127
-13.492400169372559
5.421969890594482
-12.98449993133545
5.210269927978516
-12.476499557495117
4.998579978942871
-11.968600273132324
4.786890029907227
-11.460599899291992
4.575200080871582
-10.952699661254883
4.363500118255615
-10.444700241088867
4.151810169219971
-9.93677043914795
3.940119981765747
-9.42881965637207
3.7284300327301025
-8.920869827270508
3.5167300701141357
-8.412919998168945
3.305039882659912
-7.904980182647705
3.0933499336242676
-7.397029876708984
2.881659984588623
-6.889080047607422
2.6699600219726562
-6.381130218505859
2.4582700729370117
-5.873179912567139
2.246579885482788
-5.365240097045898
2.0348799228668213
-4.857289791107178
1.8231899738311768
-4.349339962005615
1.6115000247955322
-3.8413898944854736
1.3998099565505981
-3.3334500789642334
1.1881099939346313
-2.825500011444092
0.9764209985733032
-2.31754994392395
