-6.0475897789001465
-9.029000282287598
-5.612979888916016
-8.68595027923584
-5.178369998931885
-8.342900276184082
-4.743760108947754
-7.999859809875488
-4.309150218963623
-7.6568098068237305
-3.874530076980591
-7.313769817352295
-3.439919948577881
-6.970719814300537
-3.00531005859375
-6.627679824829102
-2.57069993019104
-6.284629821777344
-2.136090040206909
-5.941589832305908
-1.7014800310134888
-5.59853982925415
-1.266860008239746
-5.255499839782715
-0.8322529792785645
-4.912449836730957
-0.39764198660850525
-4.5694098472595215
0.036970000714063644
-4.226359844207764
0.47158199548721313
-3.8833200931549072
0.9061930179595947
-3.5402700901031494
1.3408000469207764
-3.197230100631714
1.7754199504852295
-2.854180097579956
2.2100300788879395
-2.5111300945281982
2.6446399688720703
-2.1680901050567627
3.0792500972747803
-1.8250399827957153
3.513859987258911
-1.4819999933242798
3.948470115661621
-1.138949990272522
4.383090019226074
-0.7959079742431641
4.817699909210205
-0.4528619945049286
5.252309799194336
-0.10981699824333191
5.686920166015625
0.23322799801826477
6.121530055999756
0.5762730240821838
6.556139945983887
0.9193189740180969
6.99075984954834
1.2623599767684937
7.425370216369629
1.6054099798202515
7.85998010635376
1.948449969291687
8.29458999633789
2.2915000915527344
8.72920036315918
2.634550094604492
9.163809776306152
2.9775900840759277
9.598420143127441
3.3206400871276855
10.032999992370605
3.663680076599121
10.467599868774414
4.006730079650879
10.902299880981445
4.3497700691223145
11.336899757385254
4.692820072174072
11.771499633789062
5.035860061645508
12.206100463867188
5.378910064697266
12.640700340270996
5.721950054168701
13.075300216674805
6.065000057220459
