-1.0762300491333008
-10.312899589538574
-0.993802011013031
-9.754240036010742
-0.9113720059394836
-9.195599555969238
-0.8289409875869751
-8.636969566345215
-0.7465109825134277
-8.078339576721191
-0.664080023765564
-7.519710063934326
-0.5816500186920166
-6.961080074310303
-0.49921900033950806
-6.402450084686279
-0.4167880117893219
-5.843810081481934
-0.33435800671577454
-5.28518009185791
-0.251926988363266
-4.726550102233887
-0.16949699819087982
-4.167920112609863
-0.08706620335578918
-3.6092898845672607
-0.004635599907487631
-3.0506598949432373
0.07779499888420105
-2.492029905319214
0.1602260023355484
-1.9333900213241577
0.24265600740909576
-1.3747600317001343
0.3250870108604431
-0.8161309957504272
0.4075169861316681
-0.25749900937080383
0.48994800448417664
0.3011319935321808
0.5723779797554016
0.8597639799118042
0.6548089981079102
1.4184000492095947
0.7372390031814575
1.9770300388336182
0.8196700215339661
2.5356600284576416
0.9021009802818298
3.094290018081665
0.9845309853553772
3.6529200077056885
1.0669599771499634
4.211550235748291
1.1493899822235107
4.7701802253723145
1.231819987297058
5.32882022857666
1.3142499923706055
5.887450218200684
1.3966799974441528
6.446080207824707
1.4791100025177002
7.0047101974487305
