5.4639201164245605
-12.123700141906738
5.199570178985596
-11.646699905395508
4.935219764709473
-11.169699668884277
4.670869827270508
-10.692700386047363
4.406509876251221
-10.215700149536133
4.142159938812256
-9.738739967346191
3.877810001373291
-9.261750221252441
3.613460063934326
-8.784749984741211
3.3491098880767822
-8.307760238647461
3.0847599506378174
-7.8307600021362305
2.8204100131988525
-7.353769779205322
2.5560600757598877
-6.87677001953125
2.2917098999023438
-6.399779796600342
2.027359962463379
-5.9227800369262695
1.763010025024414
-5.445789813995361
1.4986599683761597
-4.968790054321289
1.2343100309371948
-4.491799831390381
0.9699580073356628
-4.014810085296631
0.705606997013092
-3.5378100872039795
0.4412569999694824
-3.0608201026916504
0.17690600454807281
-2.583820104598999
-0.08744420111179352
-2.106829881668091
-0.3517949879169464
-1.629830002784729
-0.6161450147628784
-1.1528400182724
-0.8804960250854492
-0.6758440136909485
-1.1448500156402588
-0.19885000586509705
-1.4091999530792236
0.2781449854373932
