-0.27173200249671936
8.005880355834961
0.2545959949493408
8.159059524536133
0.7809249758720398
8.312230110168457
1.3072500228881836
8.465410232543945
1.8335800170898438
8.618579864501953
2.359910011291504
8.771750450134277
2.886240005493164
8.92492961883545
3.412569999694824
9.078100204467773
3.9388999938964844
9.231269836425781
4.4652299880981445
9.38444995880127
4.991549968719482
9.537619590759277
5.517879962921143
9.690790176391602
6.044209957122803
9.84397029876709
6.570539951324463
9.997139930725098
7.096869945526123
10.150300025939941
7.623199939727783
10.303500175476074
8.149530410766602
10.456700325012207
8.675860404968262
10.609800338745117
9.202179908752441
10.762999534606934
9.728509902954102
10.916199684143066
10.254799842834473
11.0693998336792
10.781200408935547
11.22249984741211
11.307499885559082
11.375699996948242
11.833800315856934
11.528900146484375
