1.4431999921798706
5.857079982757568
0.9829109907150269
6.18011999130249
0.5226230025291443
6.50314998626709
0.062335699796676636
6.826189994812012
-0.39795199036598206
7.149219989776611
-0.858240008354187
7.472259998321533
-1.3185299634933472
7.795289993286133
-1.7788200378417969
8.118330001831055
-2.2390999794006348
8.441360473632812
-2.699389934539795
8.764389991760254
-3.159679889678955
9.087430000305176
-3.6199700832366943
9.410460472106934
-4.080249786376953
9.733499526977539
-4.5405402183532715
10.056500434875488
-5.000830173492432
10.379599571228027
-5.461120128631592
10.70259952545166
-5.921410083770752
11.02560043334961
-6.38169002532959
11.348699569702148
-6.84197998046875
11.671699523925781
-7.30226993560791
11.99470043182373
-7.76255989074707
12.31779956817627
-8.22284984588623
12.640800476074219
-8.683130264282227
12.963800430297852
-9.143420219421387
13.28689956665039
-9.603710174560547
13.60990047454834
-10.064000129699707
13.932900428771973
-10.524299621582031
14.255999565124512
-10.984600067138672
14.579000473022461
-11.444899559020996
14.902000427246094
-11.905099868774414
15.225099563598633
-12.365400314331055
15.548100471496582
-12.825699806213379
15.871199607849121
