-6.240580081939697
3.9227499961853027
-6.364349842071533
3.3834099769592285
-6.488110065460205
2.8440699577331543
-6.611879825592041
2.30472993850708
-6.735640048980713
1.7653900384902954
-6.859399795532227
1.2260500192642212
-6.983170032501221
0.6867089867591858
-7.106929779052734
0.14736899733543396
-7.230690002441406
-0.3919700086116791
-7.354459762573242
-0.9313099980354309
-7.478219985961914
-1.4706499576568604
-7.601990222930908
-2.0099899768829346
-7.725749969482422
-2.549329996109009
-7.849510192871094
-3.088670015335083
-7.97327995300293
-3.6280100345611572
-8.097040176391602
-4.167349815368652
-8.220809936523438
-4.706689834594727
-8.34457015991211
-5.246029853820801
-8.468330383300781
-5.785369873046875
-8.592100143432617
-6.324709892272949
-8.715860366821289
-6.864049911499023
-8.839630126953125
-7.403389930725098
-8.963390350341797
-7.942729949951172
-9.087149620056152
-8.482069969177246
-9.210920333862305
-9.02140998840332
-9.33467960357666
-9.560750007629395
-9.458439826965332
-10.100099563598633
-9.582209587097168
-10.639399528503418
-9.70596981048584
-11.178799629211426
-9.829739570617676
-11.718099594116211
-9.953499794006348
-12.257399559020996
-10.077300071716309
-12.796799659729004
-10.201000213623047
-13.336099624633789
-10.324799537658691
-13.875499725341797
-10.448599815368652
-14.414799690246582
-10.57229995727539
-14.954099655151367
-10.696100234985352
-15.493499755859375
-10.81980037689209
-16.032800674438477
-10.943599700927734
-16.572200775146484
