-19.550600051879883
9.9481201171875
-19.340700149536133
9.429349899291992
-19.130800247192383
8.910579681396484
-18.920900344848633
8.391819953918457
-18.71109962463379
7.873050212860107
-18.50119972229004
7.3542799949646
-18.29129981994629
6.835509777069092
-18.08139991760254
6.316740036010742
-17.87150001525879
5.797969818115234
-17.661699295043945
5.279200077056885
-17.451799392700195
4.760429859161377
-17.241899490356445
4.241660118103027
-17.031999588012695
3.722899913787842
-16.822099685668945
3.204129934310913
-16.612300872802734
2.6853599548339844
-16.40239906311035
2.1665899753570557
-16.1924991607666
1.647819995880127
-15.982600212097168
1.1290500164031982
-15.772700309753418
0.6102820038795471
-15.562899589538574
0.09151359647512436
-15.352999687194824
-0.4272550046443939
-15.143099784851074
-0.9460240006446838
-14.933199882507324
-1.4647899866104126
-14.723299980163574
-1.9835599660873413
-14.513500213623047
-2.5023300647735596
-14.303600311279297
-3.0211000442504883
-14.093700408935547
-3.539870023727417
-13.88379955291748
-4.058640003204346
-13.67389965057373
-4.5774102210998535
-13.464099884033203
-5.096169948577881
-13.254199981689453
-5.614940166473389
-13.044300079345703
-6.133709907531738
-12.834400177001953
-6.652480125427246
-12.624500274658203
-7.171249866485596
-12.41469955444336
-7.6900200843811035
-12.20479965209961
-8.208789825439453
-11.99489974975586
-8.727560043334961
-11.78499984741211
-9.246330261230469
-11.57509994506836
-9.765089988708496
