-14.51140022277832
-19.703500747680664
-14.1875
-19.24810028076172
-13.863499641418457
-18.792800903320312
-13.539600372314453
-18.337499618530273
-13.21560001373291
-17.882099151611328
-12.89169979095459
-17.426799774169922
-12.567700386047363
-16.971399307250977
-12.24370002746582
-16.51609992980957
-11.9197998046875
-16.060699462890625
-11.595800399780273
-15.605400085449219
-11.271900177001953
-15.149999618530273
-10.94789981842041
-14.694700241088867
-10.62399959564209
-14.239299774169922
-10.300000190734863
-13.784000396728516
-9.97603988647461
-13.328700065612793
-9.652090072631836
-12.873299598693848
-9.328129768371582
-12.418000221252441
-9.004170417785645
-11.962599754333496
-8.680219650268555
-11.50730037689209
-8.356260299682617
-11.051899909973145
-8.032299995422363
-10.596599578857422
-7.70835018157959
-10.141200065612793
-7.384389877319336
-9.68589973449707
-7.06043004989624
-9.230549812316895
-6.736480236053467
-8.7752103805542
-6.412519931793213
-8.319860458374023
-6.088560104370117
-7.864520072937012
-5.7646098136901855
-7.409170150756836
-5.44064998626709
-6.953829765319824
-5.116690158843994
-6.498479843139648
-4.7927398681640625
-6.043139934539795
-4.468780040740967
-5.587790012359619
-4.144820213317871
-5.132450103759766
-3.8208699226379395
-4.67710018157959
-3.4969100952148438
-4.221759796142578
-3.172950029373169
-3.7664198875427246
-2.8489999771118164
-3.311069965362549
-2.5250399112701416
-2.8557300567626953
-2.201080083847046
-2.4003798961639404
-1.8771300315856934
-1.945039987564087
-1.5531699657440186
-1.4896899461746216
-1.2292100191116333
-1.034350037574768
-0.905256986618042
-0.5790010094642639
-0.5813000202178955
-0.12365599721670151
-0.25734299421310425
0.3316890001296997
0.06661330163478851
0.7870339751243591
0.3905700147151947
1.2423800230026245
0.7145270109176636
1.6977200508117676
1.0384800434112549
2.1530699729919434
1.3624399900436401
2.608409881591797
1.686400055885315
3.0637600421905518
2.010349988937378
3.5190999507904053
2.3343100547790527
3.97445011138916
2.6582698822021484
4.429790019989014
2.982219934463501
4.8851399421691895
3.306180000305176
5.340479850769043
3.6301400661468506
5.795829772949219
3.954090118408203
6.2511701583862305
4.278049945831299
6.706520080566406
4.6020097732543945
7.16185998916626
4.925960063934326
7.6172099113464355
5.249919891357422
8.072549819946289
5.573880195617676
8.527899742126465
5.897830009460449
8.983240127563477
6.221789836883545
9.438590049743652
6.545750141143799
9.893930435180664
6.869699954986572
10.349300384521484
7.193659782409668
10.80459976196289
7.517620086669922
11.260000228881836
7.841569900512695
11.715299606323242
8.16553020477295
12.170700073242188
8.489489555358887
12.62600040435791
8.813440322875977
13.081299781799316
9.137399673461914
13.536700248718262
9.461359977722168
13.991999626159668
