-3.7422900199890137
8.851479530334473
-3.6512200832366943
9.386480331420898
-3.560149908065796
9.921480178833008
-3.4690799713134766
10.456500053405762
-3.3780200481414795
10.991499900817871
-3.28695011138916
11.52649974822998
-3.1958799362182617
12.06149959564209
-3.1048099994659424
12.596500396728516
-3.013740062713623
13.131500244140625
-2.9226698875427246
13.666500091552734
-2.8315999507904053
14.201399803161621
-2.740530014038086
14.73639965057373
-2.6494600772857666
15.271400451660156
-2.558389902114868
15.806400299072266
-2.467319965362549
16.341400146484375
-2.3762500286102295
16.876399993896484
-2.28518009185791
17.411399841308594
-2.1941099166870117
17.946399688720703
