-11.557900428771973
0.11880099773406982
-10.997200012207031
0.05432340130209923
-10.43649959564209
-0.010154400020837784
-9.875829696655273
-0.07463210076093674
-9.315150260925293
-0.1391099989414215
-8.754460334777832
-0.20358799397945404
-8.193770408630371
-0.2680650055408478
-7.633090019226074
-0.3325429856777191
-7.072400093078613
-0.39702099561691284
-6.511720180511475
-0.46149900555610657
-5.9510297775268555
-0.5259760022163391
-5.3903398513793945
-0.5904539823532104
-4.829659938812256
-0.6549320220947266
-4.268970012664795
-0.7194100022315979
-3.7082901000976562
-0.7838870286941528
-3.147599935531616
-0.8483650088310242
-2.5869100093841553
-0.9128429889678955
-2.0262300968170166
-0.9773210287094116
-1.4655400514602661
-1.0418000221252441
-0.9048539996147156
-1.106279969215393
-0.3441680073738098
-1.1707500219345093
0.21651799976825714
-1.2352299690246582
0.7772039771080017
-1.2997100353240967
1.3378900289535522
-1.3641899824142456
1.8985799551010132
-1.4286600351333618
2.4592599868774414
-1.4931399822235107
3.0199499130249023
-1.5576200485229492
3.5806400775909424
-1.6220999956130981
4.14132022857666
-1.686579942703247
4.702010154724121
-1.7510499954223633
5.26269006729126
-1.8155299425125122
5.823379993438721
-1.8800100088119507
6.384069919586182
-1.9444899559020996
6.94474983215332
-2.008960008621216
7.5054402351379395
-2.0734400749206543
8.066120147705078
-2.1379199028015137
8.626810073852539
-2.202399969100952
9.1875
-2.2668800354003906
9.748180389404297
-2.331350088119507
10.308899879455566
-2.395829916000366
10.869600296020508
-2.4603099822998047
11.43019962310791
-2.524790048599243
11.990900039672852
-2.5892601013183594
12.551600456237793
-2.6537399291992188
13.112299919128418
-2.7182199954986572
13.67300033569336
-2.7827000617980957
14.233699798583984
-2.847179889678955
14.794400215148926
-2.9116499423980713
15.354999542236328
-2.9761300086975098
15.91569995880127
-3.0406100749969482
16.47640037536621
-3.1050899028778076
17.037099838256836
-3.169559955596924
17.59779930114746
-3.2340400218963623
18.15850067138672
-3.298520088195801
18.719200134277344
-3.36299991607666
