8.495840072631836
-14.050600051879883
7.934999942779541
-14.110899925231934
7.374169826507568
-14.171199798583984
6.813330173492432
-14.231499671936035
6.252500057220459
-14.291799545288086
5.691659927368164
-14.35219955444336
5.130829811096191
-14.412500381469727
4.569990158081055
-14.472800254821777
4.009160041809082
-14.533100128173828
3.448319911956787
-14.593400001525879
2.8874900341033936
-14.65369987487793
2.326659917831421
-14.714099884033203
1.765820026397705
-14.774399757385254
1.204990029335022
-14.834699630737305
0.644150972366333
-14.895000457763672
0.08331649750471115
-14.955300331115723
-0.4775179922580719
-15.015700340270996
-1.038349986076355
-15.076000213623047
-1.5991899967193604
-15.136300086975098
-2.160020112991333
-15.196599960327148
-2.720860004425049
-15.2568998336792
-3.2816898822784424
-15.31719970703125
-3.8425300121307373
-15.377599716186523
-4.403359889984131
-15.437899589538574
-4.964200019836426
-15.498200416564941
-5.525030136108398
-15.558500289916992
-6.085859775543213
-15.618800163269043
-6.646699905395508
-15.679100036621094
-7.2075300216674805
-15.739500045776367
-7.768370151519775
-15.799799919128418
-8.32919979095459
-15.860099792480469
-8.890040397644043
-15.92039966583252
-9.4508695602417
-15.98069953918457
-10.011699676513672
-16.041099548339844
-10.572500228881836
-16.10140037536621
-11.133399963378906
-16.161699295043945
-11.694199562072754
-16.222000122070312
-12.255000114440918
-16.28230094909668
-12.815899848937988
-16.342599868774414
-13.376700401306152
-16.402999877929688
-13.9375
-16.463300704956055
-14.49839973449707
-16.52359962463379
