-8.630029678344727
-9.798009872436523
-8.20930004119873
-9.441060066223145
-7.788559913635254
-9.084110260009766
-7.367819786071777
-8.727149963378906
-6.947090148925781
-8.370200157165527
-6.526350021362305
-8.013250350952148
-6.105609893798828
-7.656290054321289
-5.684869766235352
-7.299339771270752
-5.2641401290893555
-6.942389965057373
-4.843400001525879
-6.585430145263672
-4.422659873962402
-6.228479862213135
-4.001930236816406
-5.871530055999756
-3.5811901092529297
-5.514570236206055
-3.160449981689453
-5.157619953155518
-2.739720106124878
-4.800670146942139
-2.3189799785614014
-4.443709850311279
-1.8982399702072144
-4.0867600440979
-1.4774999618530273
-3.7298099994659424
-1.0567699670791626
-3.372849941253662
-0.6360309720039368
-3.015899896621704
-0.2152940034866333
-2.658950090408325
0.20544299483299255
-2.301990032196045
0.6261799931526184
-1.945039987564087
1.0469199419021606
-1.588089942932129
1.467650055885315
-1.2311300039291382
1.8883899450302124
-0.8741809725761414
2.3091299533843994
-0.5172269940376282
2.729870080947876
-0.16027399897575378
3.150599956512451
0.1966789960861206
3.5713400840759277
0.5536320209503174
3.992079973220825
0.9105859994888306
4.4128098487854
1.2675399780273438
4.833549976348877
1.6244900226593018
5.2542901039123535
1.9814499616622925
5.675020217895508
2.338399887084961
6.095759868621826
2.695349931716919
6.516499996185303
3.052309989929199
6.937240123748779
3.4092600345611572
7.357970237731934
3.7662100791931152
7.778709888458252
4.123169898986816
