-3.0852699279785156
8.197070121765137
-2.996040105819702
8.740909576416016
-2.906820058822632
9.284749984741211
-2.8175899982452393
9.828590393066406
-2.7283599376678467
10.372400283813477
-2.639130115509033
10.916299819946289
-2.5499000549316406
11.460100173950195
-2.4606800079345703
12.003899574279785
-2.3714499473571777
12.547800064086914
-2.282219886779785
13.09160041809082
-2.1929900646209717
13.635499954223633
-2.1037700176239014
14.179300308227539
-2.014539957046509
14.723099708557129
-1.9253100156784058
15.267000198364258
-1.8360799551010132
15.810799598693848
-1.7468500137329102
16.354700088500977
-1.6576299667358398
16.898500442504883
-1.5684000253677368
17.44230079650879
-1.4791699647903442
17.9862003326416
-1.3899400234222412
18.530000686645508
