-13.713000297546387
-17.53890037536621
-13.30109977722168
-17.165800094604492
-12.889200210571289
-16.792699813842773
-12.477399826049805
-16.419599533081055
-12.065500259399414
-16.046499252319336
-11.653599739074707
-15.673500061035156
-11.241700172424316
-15.300399780273438
-10.829899787902832
-14.927300453186035
-10.418000221252441
-14.554200172424316
-10.006099700927734
-14.181099891662598
-9.594269752502441
-13.807999610900879
-9.18239974975586
-13.434900283813477
-8.770529747009277
-13.061800003051758
-8.358659744262695
-12.688699722290039
-7.9467902183532715
-12.315600395202637
-7.5349202156066895
-11.942500114440918
-7.123050212860107
-11.569499969482422
-6.711180210113525
-11.196399688720703
-6.299310207366943
-10.8233003616333
-5.887440204620361
-10.450200080871582
-5.475570201873779
-10.077099800109863
-5.063700199127197
-9.70398998260498
-4.651820182800293
-9.330900192260742
-4.239950180053711
-8.957810401916504
-3.82807993888855
-8.58471965789795
-3.4162099361419678
-8.211629867553711
-3.0043399333953857
-7.838540077209473
-2.5924699306488037
-7.465439796447754
-2.1805999279022217
-7.092350006103516
-1.7687300443649292
-6.719260215759277
-1.3568600416183472
-6.346169948577881
-0.9449939727783203
-5.973080158233643
-0.5331240296363831
-5.599989891052246
-0.12125399708747864
-5.226900100708008
0.2906169891357422
-4.853799819946289
0.7024869918823242
-4.480710029602051
1.114359974861145
-4.107619762420654
1.526229977607727
-3.734529972076416
1.938099980354309
-3.3614399433135986
2.3499701023101807
-2.9883499145507812
2.7618401050567627
-2.615259885787964
3.1737101078033447
-2.2421600818634033
3.5855801105499268
-1.869070053100586
3.997450113296509
-1.4959800243377686
4.409319877624512
-1.1228899955749512
4.821189880371094
-0.7497990131378174
5.233059883117676
-0.3767069876194
5.644929885864258
-0.003616000059992075
6.05679988861084
0.36947500705718994
6.468669891357422
0.7425670027732849
6.880539894104004
1.1156599521636963
7.292409896850586
1.4887499809265137
7.704279899597168
1.861840009689331
