-5.031509876251221
18.20170021057129
-4.4871602058410645
18.05780029296875
-3.9428200721740723
17.91390037536621
-3.398469924926758
17.770099639892578
-2.8541300296783447
17.62619972229004
-2.3097798824310303
17.4822998046875
-1.765429973602295
17.338499069213867
-1.2210899591445923
17.194599151611328
-0.6767420172691345
17.05069923400879
-0.13239599764347076
16.90690040588379
0.4119499921798706
16.76300048828125
0.9562960267066956
16.61910057067871
1.5006400346755981
16.475299835205078
2.044990062713623
16.33139991760254
2.589329957962036
16.1875
3.1336801052093506
16.043699264526367
3.678030014038086
15.899800300598145
4.222370147705078
15.755900382995605
4.766719818115234
15.612099647521973
5.311059951782227
15.468199729919434
5.855410099029541
15.324299812316895
6.399759769439697
15.180399894714355
6.9440999031066895
15.036600112915039
7.488450050354004
14.8927001953125
8.032790184020996
14.748800277709961
8.577139854431152
14.604999542236328
9.121489524841309
14.461099624633789
9.6658296585083
14.31719970703125
10.210200309753418
14.173399925231934
10.754500389099121
14.029500007629395
11.29889965057373
13.885600090026855
11.843199729919434
13.741800308227539
12.38759994506836
13.597900390625
12.931900024414062
13.454000473022461
13.476300239562988
13.310199737548828
14.020600318908691
13.166299819946289
14.564900398254395
13.02239990234375
15.109299659729004
12.878499984741211
15.653599739074707
12.734700202941895
16.197999954223633
12.590800285339355
