19.284799575805664
-13.921699523925781
19.130199432373047
-13.388799667358398
18.97559928894043
-12.855899810791016
18.82110023498535
-12.32289981842041
18.666500091552734
-11.789999961853027
18.511899948120117
-11.257100105285645
18.3572998046875
-10.724100112915039
18.202800750732422
-10.191200256347656
18.048200607299805
-9.658260345458984
17.893600463867188
-9.125320434570312
17.73900032043457
-8.592390060424805
17.58449935913086
-8.059450149536133
17.429899215698242
-7.526519775390625
17.275299072265625
-6.993579864501953
17.12070083618164
-6.4606499671936035
16.96619987487793
-5.927720069885254
16.811599731445312
-5.394780158996582
16.656999588012695
-4.861849784851074
16.502399444580078
-4.328909873962402
16.347900390625
-3.7959799766540527
16.193300247192383
-3.263040065765381
16.038700103759766
-2.730109930038452
15.884099960327148
-2.1971700191497803
15.729599952697754
-1.6642400026321411
15.574999809265137
-1.1312999725341797
15.42039966583252
-0.5983669757843018
15.265800476074219
-0.06543219834566116
15.111300468444824
0.46750301122665405
14.956700325012207
1.000440001487732
14.80210018157959
1.533370018005371
14.647500038146973
2.066309928894043
14.493000030517578
2.5992400646209717
14.338399887084961
3.1321799755096436
14.183799743652344
3.6651101112365723
14.02929973602295
4.198050022125244
13.874699592590332
4.730979919433594
13.720100402832031
5.263919830322266
13.565500259399414
5.796850204467773
13.41100025177002
6.329790115356445
13.256400108337402
6.862720012664795
13.101799964904785
7.395659923553467
12.947199821472168
7.928589820861816
12.792699813842773
8.461520195007324
