15.479999542236328
-0.45336300134658813
15.598199844360352
0.09921330213546753
15.716300010681152
0.6517900228500366
15.834500312805176
1.2043700218200684
15.95259952545166
1.7569400072097778
16.07080078125
2.3095200061798096
16.18899917602539
2.8620998859405518
16.307100296020508
3.414669990539551
16.42530059814453
3.967250108718872
16.543500900268555
4.519830226898193
16.66160011291504
5.072400093078613
16.779800415039062
5.6249799728393555
16.898000717163086
6.177559852600098
17.01609992980957
6.730130195617676
17.134300231933594
7.282710075378418
17.252500534057617
7.83528995513916
17.3705997467041
8.387860298156738
17.488800048828125
8.94044017791748
17.60700035095215
9.493020057678223
17.725099563598633
10.045599937438965
17.843299865722656
10.598199844360352
17.96150016784668
11.150699615478516
18.079599380493164
11.703300476074219
