-5.8956098556518555
13.611800193786621
-5.5424699783325195
13.181900024414062
-5.189340114593506
12.751899719238281
-4.83620023727417
12.321999549865723
-4.483059883117676
11.892000198364258
-4.12992000579834
11.4621000289917
-3.776779890060425
11.032099723815918
-3.423650026321411
10.60219955444336
-3.070509910583496
10.172200202941895
-2.71737003326416
9.742300033569336
-2.364229917526245
9.312350273132324
-2.011090040206909
8.882399559020996
-1.6579500436782837
8.452449798583984
-1.304819941520691
8.022500038146973
-0.9516779780387878
7.592549800872803
-0.5985400080680847
7.162600040435791
-0.245401993393898
6.732649803161621
0.1077359989285469
6.302700042724609
0.460875004529953
5.8727498054504395
0.8140130043029785
5.442800045013428
1.1671500205993652
5.012849807739258
1.5202900171279907
4.582900047302246
1.8734300136566162
4.152949810028076
2.226569890975952
3.7230000495910645
2.579699993133545
3.2930500507354736
2.93284010887146
2.863100051879883
3.285979986190796
2.433150053024292
3.639120101928711
2.003200054168701
