7.711639881134033
-1.1783100366592407
7.882589817047119
-0.6439099907875061
8.053540229797363
-0.10950999706983566
8.224499702453613
0.42489099502563477
8.3954496383667
0.9592909812927246
8.566410064697266
1.493690013885498
8.737360000610352
2.028090000152588
8.908309936523438
2.5624899864196777
9.079270362854004
3.0968899726867676
9.25022029876709
3.6312899589538574
9.42117977142334
4.165689945220947
9.592129707336426
4.700089931488037
9.763079643249512
5.234489917755127
9.934040069580078
5.768889904022217
10.104999542236328
6.303289890289307
10.275899887084961
6.8376898765563965
10.446900367736816
7.372089862823486
10.617899894714355
7.906499862670898
10.788800239562988
8.440899848937988
10.959799766540527
8.975299835205078
11.13070011138916
9.509699821472168
11.3016996383667
10.044099807739258
11.472599983215332
10.578499794006348
11.643600463867188
11.112899780273438
11.814499855041504
11.647299766540527
11.98550033569336
12.181699752807617
12.156399726867676
12.716099739074707
12.327400207519531
13.250499725341797
12.498299598693848
13.784899711608887
12.669300079345703
14.319299697875977
12.840299606323242
14.853699684143066
13.011199951171875
15.388099670410156
13.18220043182373
15.922499656677246
13.353099822998047
16.456899642944336
13.524100303649902
16.991300582885742
13.694999694824219
17.525699615478516
13.866000175476074
18.060100555419922
14.03689956665039
18.594499588012695
