19.207000732421875
3.9735798835754395
18.875499725341797
3.538569927215576
18.543899536132812
3.103569984436035
18.212299346923828
2.668560028076172
17.880800247192383
2.2335500717163086
17.5492000579834
1.798550009727478
17.21769905090332
1.3635400533676147
16.88610076904297
0.9285309910774231
16.55459976196289
0.4935239851474762
16.222999572753906
0.05851760134100914
15.891500473022461
-0.3764890134334564
15.559900283813477
-0.8114960193634033
15.228400230407715
-1.246500015258789
14.89680004119873
-1.6815099716186523
14.565299987792969
-2.1165199279785156
14.233699798583984
-2.5515201091766357
13.902199745178223
-2.986530065536499
13.570599555969238
-3.4215400218963623
13.239100456237793
-3.8565399646759033
12.907500267028809
-4.291550159454346
12.576000213623047
-4.726560115814209
12.244400024414062
-5.16156005859375
11.9128999710083
-5.596570014953613
11.581299781799316
-6.031579971313477
11.249799728393555
-6.46658992767334
10.91819953918457
-6.901589870452881
10.586700439453125
-7.336599826812744
10.25510025024414
-7.771609783172607
9.923589706420898
-8.206609725952148
9.592040061950684
-8.641619682312012
