-15.596599578857422
-19.891399383544922
-15.215900421142578
-19.47599983215332
-14.835200309753418
-19.060699462890625
-14.45460033416748
-18.64539909362793
-14.07390022277832
-18.229999542236328
-13.693300247192383
-17.814699172973633
-13.312600135803223
-17.39929962158203
-12.932000160217285
-16.983999252319336
-12.551300048828125
-16.568599700927734
-12.170700073242188
-16.15329933166504
-11.789999961853027
-15.737899780273438
-11.40939998626709
-15.322600364685059
-11.02869987487793
-14.90719985961914
-10.64799976348877
-14.491900444030762
-10.267399787902832
-14.076600074768066
-9.886739730834961
-13.661199569702148
-9.50607967376709
-13.24590015411377
-9.1254301071167
-12.830499649047852
-8.744770050048828
-12.415200233459473
-8.364119529724121
-11.999799728393555
-7.983459949493408
-11.584500312805176
-7.602809906005859
-11.169099807739258
-7.222149848937988
-10.753800392150879
-6.8414998054504395
-10.338500022888184
-6.460840225219727
-9.923110008239746
-6.080190181732178
-9.507769584655762
-5.699530124664307
-9.092419624328613
-5.318880081176758
-8.677080154418945
-4.938220024108887
-8.261739730834961
-4.557569980621338
-7.8463897705078125
-4.176909923553467
-7.431049823760986
-3.796260118484497
-7.015699863433838
-3.4156100749969482
-6.600359916687012
-3.034950017929077
-6.185009956359863
-2.6542999744415283
-5.769670009613037
-2.2736399173736572
-5.354320049285889
-1.892989993095398
-4.9389801025390625
-1.5123300552368164
-4.523630142211914
-1.1316800117492676
-4.108290195465088
-0.7510210275650024
-3.6929399967193604
-0.37036699056625366
-3.277600049972534
0.010288200341165066
-2.862260103225708
0.3909429907798767
-2.4469099044799805
0.7715979814529419
-2.0315699577331543
1.152250051498413
-1.6162199974060059
1.5329099893569946
-1.2008800506591797
1.9135600328445435
-0.7855330109596252
2.294219970703125
-0.37018799781799316
2.674870014190674
0.04515630006790161
3.055530071258545
0.4605009853839874
3.4361801147460938
0.8758460283279419
3.8168399333953857
1.2911900281906128
4.197490215301514
1.706529974937439
4.578149795532227
2.121880054473877
4.958799839019775
2.537220001220703
5.3394598960876465
2.9525699615478516
5.720109939575195
3.3679099082946777
6.100769996643066
3.7832601070404053
6.481420040130615
4.198599815368652
6.862080097198486
4.613949775695801
7.242730140686035
5.029290199279785
7.623380184173584
5.444640159606934
8.004039764404297
5.85998010635376
8.384690284729004
6.275330066680908
8.765350341796875
6.690670013427734
9.145999908447266
7.1060099601745605
9.526659965515137
7.521359920501709
9.907309532165527
7.936699867248535
10.288000106811523
8.352049827575684
10.668600082397461
8.767390251159668
11.049300193786621
9.182740211486816
11.429900169372559
9.598079681396484
11.810600280761719
10.013400077819824
12.191200256347656
10.428799629211426
12.571900367736816
10.844099998474121
12.95259952545166
11.259499549865723
13.333200454711914
11.674799919128418
13.713899612426758
12.090100288391113
14.094499588012695
12.505499839782715
14.475199699401855
12.92080020904541
14.855799674987793
13.336199760437012
15.236499786376953
13.751500129699707
15.61709976196289
14.166899681091309
15.99779987335205
14.582200050354004
16.378400802612305
14.997599601745605
16.75909996032715
15.4128999710083
17.139799118041992
15.828300476074219
