-0.2897149920463562
13.501899719238281
0.26433899998664856
13.495400428771973
0.8183919787406921
13.488800048828125
1.3724499940872192
13.4822998046875
1.9264999628067017
13.475799560546875
2.4805500507354736
13.469200134277344
3.0346100330352783
13.462699890136719
3.5886600017547607
13.456199645996094
4.142710208892822
13.449600219726562
4.696770191192627
13.443099975585938
5.250820159912109
13.436599731445312
5.804870128631592
13.430000305175781
6.3589301109313965
13.423500061035156
6.912980079650879
13.416999816894531
7.467030048370361
13.410400390625
8.021089553833008
13.403900146484375
8.575139999389648
13.39739990234375
9.129190444946289
13.390800476074219
9.683250427246094
13.384300231933594
10.237299919128418
13.377799987792969
10.791399955749512
13.371199607849121
11.345399856567383
13.364700317382812
11.899499893188477
13.358200073242188
12.453499794006348
13.35159969329834
13.007599830627441
13.345100402832031
13.561599731445312
13.338600158691406
