16.198200225830078
18.141599655151367
15.83530044555664
17.732099533081055
15.47249984741211
17.32270050048828
15.109600067138672
16.91320037841797
14.746700286865234
16.503799438476562
14.38379955291748
16.09429931640625
14.020999908447266
15.684800148010254
13.658100128173828
15.275400161743164
13.29520034790039
14.865900039672852
12.932299613952637
14.456500053405762
12.5693998336792
14.04699993133545
12.206600189208984
13.63759994506836
11.843700408935547
13.228099822998047
11.480799674987793
12.818699836730957
11.10890007019043
12.400199890136719
10.736900329589844
11.98169994354248
10.364899635314941
11.563300132751465
9.992989540100098
11.144800186157227
9.621040344238281
10.726400375366211
9.249079704284668
10.307900428771973
8.877129554748535
9.889419555664062
8.505169868469238
9.470959663391113
8.133219718933105
9.052499771118164
7.761270046234131
8.63403034210205
7.389309883117676
8.215570449829102
7.017360210418701
7.797100067138672
6.645400047302246
7.378640174865723
6.273449897766113
6.960169792175293
5.901490211486816
6.541709899902344
5.529540061950684
6.1232500076293945
5.1575798988342285
5.704780101776123
4.785630226135254
5.286320209503174
4.413680076599121
4.867849826812744
4.041719913482666
4.449389934539795
3.6697700023651123
4.030920028686523
3.2978100776672363
3.612459897994995
2.9258599281311035
3.194000005722046
2.5539000034332275
2.7755300998687744
2.181950092315674
2.357069969177246
1.8099900484085083
1.938599944114685
1.438040018081665
1.5201400518417358
1.0660899877548218
1.1016700267791748
0.6941319704055786
0.6832090020179749
0.322176992893219
0.26474499702453613
-0.04977729916572571
-0.1537189930677414
-0.42173200845718384
-0.5721840262413025
-0.7936859726905823
-0.9906479716300964
-1.1656399965286255
-1.4091099500656128
-1.537600040435791
-1.8275799751281738
-1.9095499515533447
-2.246040105819702
-2.2815001010894775
-2.6645100116729736
-2.6534600257873535
-3.082969903945923
-3.0254099369049072
-3.501430034637451
-3.3973701000213623
-3.9198999404907227
-3.769320011138916
-4.338359832763672
-4.141280174255371
-4.756830215454102
-4.513229846954346
-5.175290107727051
-4.8851799964904785
-5.593760013580322
-5.257140159606934
-6.0122199058532715
-5.629089832305908
-6.430679798126221
-6.001049995422363
-6.84915018081665
-6.373000144958496
-7.2676100730896
-6.744959831237793
-7.686079978942871
-7.116909980773926
-8.10453987121582
-7.488870143890381
-8.52301025390625
-7.8608198165893555
-8.9414701461792
-8.232769966125488
-9.359930038452148
-8.604729652404785
-9.778400421142578
-8.976679801940918
-10.196900367736816
-9.348640441894531
-10.615300178527832
-9.720589637756348
-11.03380012512207
-10.092499732971191
-11.452300071716309
-10.464500427246094
-11.870699882507324
-10.83650016784668
-12.289199829101562
-11.208399772644043
-12.707599639892578
-11.580400466918945
-13.126099586486816
-11.952300071716309
-13.544599533081055
-12.324299812316895
-13.963000297546387
-12.696200370788574
-14.381500244140625
-13.06820011138916
-14.800000190734863
-13.440099716186523
-15.218400001525879
