3.439110040664673
4.120790004730225
3.7350199222564697
4.589990139007568
4.030930042266846
5.059189796447754
4.326839923858643
5.528389930725098
4.6227498054504395
5.997590065002441
4.9186601638793945
6.466790199279785
5.214560031890869
6.935979843139648
5.510469913482666
7.405179977416992
5.806379795074463
7.874380111694336
6.102290153503418
8.34358024597168
6.398200035095215
8.812780380249023
6.694109916687012
9.28197956085205
6.990019798278809
9.751179695129395
7.285930156707764
10.220399856567383
7.5818400382995605
10.689599990844727
7.877749919891357
11.15880012512207
8.173660278320312
11.628000259399414
8.469559669494629
12.097200393676758
8.765469551086426
12.566399574279785
9.061380386352539
13.035599708557129
