14.796099662780762
-12.927900314331055
14.686100006103516
-12.391500473022461
14.576000213623047
-11.854999542236328
14.465999603271484
-11.318499565124512
14.355999946594238
-10.782099723815918
14.246000289916992
-10.245599746704102
14.13599967956543
-9.70911979675293
14.025899887084961
-9.172650337219238
13.915900230407715
-8.63617992401123
13.805899620056152
-8.099720001220703
13.695899963378906
-7.5632500648498535
13.58590030670166
-7.026780128479004
13.475799560546875
-6.490310192108154
13.365799903869629
-5.953849792480469
13.255800247192383
-5.417379856109619
13.14579963684082
-4.8809099197387695
13.035699844360352
-4.34443998336792
12.925700187683105
-3.8079800605773926
12.815699577331543
-3.271509885787964
12.705699920654297
-2.7350399494171143
12.59570026397705
-2.1985700130462646
12.485600471496582
-1.6621099710464478
12.37559986114502
-1.1256400346755981
12.265600204467773
-0.5891720056533813
12.155599594116211
-0.052704598754644394
12.045599937438965
0.4837630093097687
11.935500144958496
1.0202300548553467
11.825499534606934
1.5566999912261963
11.715499877929688
2.0931599140167236
11.605500221252441
2.6296300888061523
11.495499610900879
3.166100025177002
