-7.051290035247803
8.68120002746582
-6.5365800857543945
8.485210418701172
-6.021870136260986
8.289219856262207
-5.507160186767578
8.093230247497559
-4.992440223693848
7.897240161895752
-4.477729797363281
7.701250076293945
-3.963020086288452
7.505249977111816
-3.448309898376465
7.30925989151001
-2.9335999488830566
7.113269805908203
-2.4188899993896484
6.917280197143555
-1.9041800498962402
6.721290111541748
-1.3894699811935425
6.525300025939941
-0.8747609853744507
6.329309940338135
-0.3600499927997589
6.133319854736328
0.15466000139713287
5.9373297691345215
0.6693710088729858
5.741330146789551
1.1840800046920776
5.545340061187744
1.6987899541854858
5.3493499755859375
