9.442330360412598
-3.878340005874634
9.375020027160645
-3.3239998817443848
9.307720184326172
-2.7696499824523926
9.2404203414917
-2.2153100967407227
9.17311954498291
-1.6609699726104736
9.105810165405273
-1.106619954109192
9.0385103225708
-0.5522770285606384
8.971209526062012
0.002067039953544736
8.903909683227539
0.5564110279083252
8.836600303649902
1.110759973526001
8.76930046081543
1.6650999784469604
8.70199966430664
2.21943998336792
8.634699821472168
2.773789882659912
8.567390441894531
3.328130006790161
8.500089645385742
3.8824799060821533
8.43278980255127
4.436820030212402
8.365489959716797
4.9911699295043945
8.298190116882324
5.5455098152160645
8.230879783630371
6.099860191345215
8.163579940795898
6.654200077056885
8.096280097961426
7.208539962768555
8.028980255126953
7.762889862060547
7.961669921875
8.317230224609375
7.894370079040527
8.871580123901367
7.827070236206055
9.425919532775879
7.759769916534424
9.980270385742188
7.692460060119629
10.534600257873535
7.625160217285156
11.08899974822998
7.557859897613525
11.64330005645752
7.490560054779053
12.197600364685059
