5.782619953155518
-16.93600082397461
5.620059967041016
-16.399700164794922
5.457499980926514
-15.863499641418457
5.294939994812012
-15.327199935913086
5.13238000869751
-14.791000366210938
4.969820022583008
-14.25469970703125
4.807250022888184
-13.718500137329102
4.644690036773682
-13.18220043182373
4.48213005065918
-12.645999908447266
4.319570064544678
-12.109700202941895
4.157010078430176
-11.57349967956543
3.994450092315674
-11.037199974060059
3.8318800926208496
-10.50100040435791
3.6693201065063477
-9.964719772338867
3.5067598819732666
-9.42846965789795
3.3441998958587646
-8.892219543457031
3.1816399097442627
-8.35597038269043
3.0190799236297607
-7.8197197914123535
2.856519937515259
-7.283480167388916
2.6939499378204346
-6.747230052947998
2.5313899517059326
-6.21097993850708
2.3688299655914307
-5.674729824066162
2.2062699794769287
-5.138480186462402
2.0437099933624268
-4.602230072021484
1.8811500072479248
-4.065979957580566
1.7185800075531006
-3.5297300815582275
1.5560200214385986
-2.993489980697632
1.3934600353240967
-2.457240104675293
1.2309000492095947
-1.920989990234375
1.0683399438858032
-1.3847399950027466
0.9057769775390625
-0.8484910130500793
0.7432159781455994
-0.3122420012950897
0.5806540250778198
0.22400599718093872
0.4180929958820343
0.760254979133606
0.2555310130119324
1.2964999675750732
0.09296940267086029
1.8327499628067017
-0.06959210336208344
2.36899995803833
-0.2321539968252182
2.905250072479248
-0.39471501111984253
3.441499948501587
-0.5572770237922668
3.977750062942505
-0.71983802318573
4.513999938964844
-0.8823999762535095
5.0502400398254395
-1.0449600219726562
5.586490154266357
-1.2075200080871582
6.122739791870117
-1.3700799942016602
6.658989906311035
-1.5326499938964844
7.195240020751953
-1.6952099800109863
7.731490135192871
-1.8577699661254883
8.267740249633789
