-16.604000091552734
-5.649250030517578
-16.04640007019043
-5.610330104827881
-15.488800048828125
-5.571410179138184
-14.93120002746582
-5.532489776611328
-14.373600006103516
-5.493569850921631
-13.815999984741211
-5.454649925231934
-13.258399963378906
-5.415729999542236
-12.700799942016602
-5.376810073852539
-12.143199920654297
-5.337890148162842
-11.585599899291992
-5.2989702224731445
-11.027999877929688
-5.260049819946289
-10.470399856567383
-5.221129894256592
-9.91277027130127
-5.182219982147217
-9.355170249938965
-5.1433000564575195
-8.797579765319824
-5.104380130767822
-8.23997974395752
-5.065460205078125
-7.682380199432373
-5.0265398025512695
-7.124780178070068
-4.987619876861572
-6.567180156707764
-4.948699951171875
-6.009580135345459
-4.909780025482178
-5.451980113983154
-4.8708600997924805
-4.89438009262085
-4.831940174102783
-4.336780071258545
-4.793019771575928
-3.7791800498962402
-4.7540998458862305
-3.2215800285339355
-4.715179920196533
-2.663990020751953
-4.676259994506836
-2.1063899993896484
-4.637340068817139
-1.5487899780273438
-4.598420143127441
-0.9911890029907227
-4.559500217437744
-0.43358999490737915
-4.520579814910889
0.12400999665260315
-4.481659889221191
0.6816089749336243
-4.442739963531494
1.2392100095748901
-4.403820037841797
1.7968100309371948
-4.3649001121521
2.35440993309021
-4.325980186462402
2.9119999408721924
-4.287059783935547
3.469599962234497
-4.24813985824585
4.027200222015381
-4.209219932556152
4.584799766540527
-4.170300006866455
5.142399787902832
-4.131380081176758
5.699999809265137
-4.0924601554870605
6.257599830627441
-4.053540229797363
6.815199851989746
-4.014619827270508
7.372799873352051
-3.9756999015808105
7.9303998947143555
-3.9367799758911133
8.48799991607666
-3.897860050201416
9.0455904006958
-3.8589398860931396
9.603190422058105
-3.8200199604034424
10.160799980163574
-3.781100034713745
10.718400001525879
-3.742180109024048
11.276000022888184
-3.7032699584960938
11.833600044250488
-3.6643500328063965
12.391200065612793
-3.625430107116699
12.948800086975098
-3.586509943008423
