-14.741399765014648
-14.581100463867188
-14.410400390625
-14.128399848937988
-14.079400062561035
-13.675600051879883
-13.74839973449707
-13.222900390625
-13.417499542236328
-12.7701997756958
-13.08650016784668
-12.317399978637695
-12.755499839782715
-11.864700317382812
-12.424500465393066
-11.411999702453613
-12.093500137329102
-10.95930004119873
-11.762499809265137
-10.506500244140625
-11.431500434875488
-10.053799629211426
-11.100600242614746
-9.601079940795898
-10.769599914550781
-9.14834976196289
-10.438599586486816
-8.695619583129883
-10.107600212097168
-8.242890357971191
-9.776630401611328
-7.790170192718506
-9.445639610290527
-7.337440013885498
-9.114660263061523
-6.88470983505249
-8.783670425415039
-6.431980133056641
-8.452690124511719
-5.979259967803955
-8.121700286865234
-5.526529788970947
-7.790719985961914
-5.073800086975098
-7.45973014831543
-4.62106990814209
-7.128749847412109
-4.16834020614624
-6.797760009765625
-3.7156200408935547
-6.466780185699463
-3.262890100479126
-6.13578987121582
-2.810159921646118
-5.804810047149658
-2.3574299812316895
-5.473830223083496
-1.904710054397583
-5.1428399085998535
-1.4519799947738647
-4.811860084533691
-0.9992520213127136
-4.480869770050049
-0.5465239882469177
-4.149889945983887
-0.09379660338163376
-3.8189001083374023
0.3589310050010681
-3.487920045852661
0.8116589784622192
-3.1569299697875977
1.264389991760254
-2.8259499073028564
1.71711003780365
-2.494960069656372
2.169840097427368
-2.163980007171631
2.622570037841797
-1.832990050315857
3.0752999782562256
-1.5020099878311157
3.528019905090332
-1.1710200309753418
3.98075008392334
-0.8400390148162842
4.4334797859191895
-0.5090550184249878
4.886209964752197
-0.17806999385356903
5.338930130004883
0.15291500091552734
5.791659832000732
0.48389899730682373
6.24439001083374
0.8148840069770813
6.697120189666748
1.1458699703216553
7.149839878082275
1.4768500328063965
7.602570056915283
1.8078399896621704
8.055299758911133
2.138819932937622
8.50802993774414
2.4698100090026855
8.960760116577148
2.8007900714874268
9.413479804992676
3.131779909133911
9.866209983825684
3.4627599716186523
10.318900108337402
3.793750047683716
10.771699905395508
4.124730110168457
11.22439956665039
4.455719947814941
11.67710018157959
4.7866997718811035
12.129799842834473
5.117690086364746
12.582599639892578
5.448669910430908
13.035300254821777
5.7796502113342285
13.48799991607666
6.110640048980713
13.940799713134766
6.441619873046875
14.393500328063965
6.772610187530518
14.846199989318848
7.10359001159668
15.29889965057373
7.434579849243164
15.751700401306152
7.765560150146484
16.20439910888672
8.096549987792969
16.657100677490234
8.427530288696289
17.109899520874023
