-9.162139892578125
-18.534700393676758
-9.078929901123047
-17.97949981689453
-8.99573040008545
-17.424400329589844
-8.912529945373535
-16.869199752807617
-8.829330444335938
-16.31410026550293
-8.746129989624023
-15.758899688720703
-8.66292953491211
-15.203800201416016
-8.579719543457031
-14.648599624633789
-8.496520042419434
-14.093500137329102
-8.41331958770752
-13.538399696350098
-8.330120086669922
-12.983200073242188
-8.246919631958008
-12.428099632263184
-8.16372013092041
-11.872900009155273
-8.080510139465332
-11.31779956817627
-7.997310161590576
-10.76259994506836
-7.91411018371582
-10.207500457763672
-7.8309102058410645
-9.652339935302734
-7.747710227966309
-9.097189903259277
-7.6645097732543945
-8.54203987121582
-7.581309795379639
-7.9868998527526855
-7.4980998039245605
-7.4317498207092285
-7.414899826049805
-6.876609802246094
-7.331699848175049
-6.321459770202637
-7.248499870300293
-5.76632022857666
-7.165299892425537
-5.211170196533203
-7.082099914550781
-4.656030178070068
-6.998889923095703
-4.100880146026611
-6.915689945220947
-3.5457398891448975
-6.832489967346191
-2.9905900955200195
-6.7492899894714355
-2.4354500770568848
-6.66609001159668
-1.8803000450134277
-6.582890033721924
-1.3251500129699707
-6.499680042266846
-0.7700089812278748
-6.41648006439209
-0.21486400067806244
-6.333280086517334
0.34028199315071106
-6.250080108642578
0.8954269886016846
-6.166880130767822
1.450569987297058
-6.083680152893066
2.0057199001312256
-6.0004801750183105
2.5608599185943604
-5.917270183563232
3.1160099506378174
