9.447319984436035
-12.634499549865723
9.435859680175781
-12.081899642944336
9.424400329589844
-11.529199600219727
9.41294002532959
-10.976499557495117
9.401479721069336
-10.423800468444824
9.390009880065918
-9.871139526367188
9.378549575805664
-9.318460464477539
9.367090225219727
-8.765780448913574
9.355629920959473
-8.21310043334961
9.344160079956055
-7.660419940948486
9.3326997756958
-7.1077399253845215
9.321240425109863
-6.555059909820557
9.30978012084961
-6.002379894256592
9.298310279846191
-5.449699878692627
9.286849975585938
-4.897019863128662
9.275389671325684
-4.344339847564697
9.263930320739746
-3.7916600704193115
9.252459526062012
-3.2389800548553467
9.241000175476074
-2.686300039291382
9.22953987121582
-2.133620023727417
9.218079566955566
-1.5809400081634521
9.206609725952148
-1.0282599925994873
9.195150375366211
-0.4755760133266449
9.183690071105957
0.07710359990596771
9.172229766845703
0.6297839879989624
9.160759925842285
1.1824599504470825
9.149299621582031
1.7351399660110474
9.137840270996094
2.2878201007843018
9.12637996673584
2.8405001163482666
