18.216400146484375
-5.045650005340576
17.883699417114258
-5.477719783782959
17.551000595092773
-5.909800052642822
17.21820068359375
-6.341869831085205
16.885499954223633
-6.773940086364746
16.552799224853516
-7.206009864807129
16.219999313354492
-7.63808012008667
15.887299537658691
-8.070150375366211
15.55459976196289
-8.502220153808594
15.221799850463867
-8.934289932250977
14.889100074768066
-9.36637020111084
14.556400299072266
-9.798439979553223
14.223600387573242
-10.230500221252441
13.890899658203125
-10.662599563598633
