7.491030216217041
-3.17684006690979
7.770370006561279
-2.685389995574951
8.049710273742676
-2.1939499378204346
8.329050064086914
-1.7024999856948853
8.608389854431152
-1.2110600471496582
8.88772964477539
-0.7196090221405029
9.167070388793945
-0.2281630039215088
9.446410179138184
0.26328301429748535
9.725749969482422
0.7547299861907959
10.00510025024414
1.2461800575256348
10.28439998626709
1.7376199960708618
10.563799858093262
2.229069948196411
10.843099594116211
2.7205100059509277
11.1225004196167
3.2119600772857666
11.401800155639648
3.7034099102020264
11.681099891662598
4.194849967956543
11.96049976348877
4.686299800872803
12.239800453186035
5.177750110626221
12.519200325012207
5.669189929962158
