11.253299713134766
6.3819899559021
10.721699714660645
6.5650200843811035
10.1899995803833
6.74806022644043
9.658300399780273
6.931099891662598
9.126620292663574
7.114130020141602
8.594949722290039
7.297170162200928
8.06326961517334
7.480199813842773
7.531589984893799
7.6632399559021
6.9999098777771
7.846280097961426
6.4682297706604
8.02931022644043
5.936550140380859
8.212349891662598
5.40487003326416
8.395380020141602
4.873189926147461
8.57841968536377
4.341509819030762
8.761460304260254
3.8098299503326416
8.944490432739258
3.2781500816345215
9.127530097961426
2.7464699745178223
9.31056022644043
2.214790105819702
9.493599891662598
1.683109998703003
9.676639556884766
1.1514300107955933
9.85966968536377
0.6197559833526611
10.042699813842773
0.0880763977766037
10.225700378417969
-0.4436030089855194
10.40880012512207
-0.9752820134162903
10.59179973602295
-1.5069600343704224
10.774900436401367
-2.038640022277832
10.957900047302246
-2.570319890975952
11.140899658203125
-3.1019999980926514
11.324000358581543
-3.6336801052093506
11.506999969482422
-4.165359973907471
11.6899995803833
-4.69704008102417
11.873100280761719
-5.228720188140869
12.056099891662598
-5.76039981842041
12.239100456237793
-6.292079925537109
12.422200202941895
-6.823750019073486
12.605199813842773
-7.3554301261901855
12.788200378417969
-7.887110233306885
12.97130012512207
-8.418789863586426
13.15429973602295
-8.950469970703125
13.337400436401367
-9.482150077819824
13.520400047302246
-10.013799667358398
13.703399658203125
-10.545499801635742
13.886500358581543
-11.077199935913086
14.069499969482422
-11.60890007019043
14.2524995803833
-12.14050006866455
14.435600280761719
-12.672200202941895
14.618599891662598
-13.203900337219238
14.801600456237793
-13.735600471496582
14.984700202941895
-14.26729965209961
15.167699813842773
-14.79889965057373
15.350700378417969
-15.330599784851074
15.53380012512207
-15.862299919128418
15.71679973602295
-16.393999099731445
15.899900436401367
