-4.735919952392578
-17.00320053100586
-4.177680015563965
-16.97260093688965
-3.6194300651550293
-16.941999435424805
-3.061189889907837
-16.911399841308594
-2.5029499530792236
-16.880800247192383
-1.944700002670288
-16.850200653076172
-1.3864599466323853
-16.819599151611328
-0.8282170295715332
-16.788999557495117
-0.2699739933013916
-16.758399963378906
0.2882690131664276
-16.7278995513916
0.8465120196342468
-16.69729995727539
1.4047600030899048
-16.66670036315918
1.9630000591278076
-16.63610076904297
2.521239995956421
-16.605499267578125
3.0794899463653564
-16.574899673461914
3.6377298831939697
-16.544300079345703
4.195970058441162
-16.513700485229492
4.754209995269775
-16.48310089111328
5.312459945678711
-16.452499389648438
5.870699882507324
-16.421899795532227
6.4289398193359375
-16.391300201416016
6.987189769744873
-16.360700607299805
7.5454301834106445
-16.33009910583496
8.103670120239258
-16.29949951171875
8.661919593811035
-16.268999099731445
9.220159530639648
-16.238399505615234
9.778400421142578
-16.207799911499023
10.336600303649902
-16.177200317382812
10.89490032196045
-16.1466007232666
11.453100204467773
-16.115999221801758
12.01140022277832
-16.085399627685547
12.569600105285645
-16.054800033569336
13.127900123596191
-16.024200439453125
13.686100006103516
-15.993599891662598
14.24429988861084
-15.963000297546387
14.802599906921387
-15.93239974975586
15.360799789428711
-15.901800155639648
15.919099807739258
-15.871199607849121
16.4773006439209
-15.84060001373291
17.035600662231445
-15.810099601745605
17.593799591064453
-15.779500007629395
18.152099609375
-15.748900413513184
