3.755199909210205
-0.8939549922943115
4.08758020401001
-1.345639944076538
4.4199700355529785
-1.797320008277893
4.752349853515625
-2.249000072479248
5.084740161895752
-2.7006800174713135
5.417129993438721
-3.152369976043701
5.749509811401367
-3.6040499210357666
6.081900119781494
-4.055729866027832
6.414289951324463
-4.507410049438477
6.746669769287109
-4.959090232849121
7.079060077667236
-5.41077995300293
7.411439895629883
-5.862460136413574
7.74383020401001
-6.3141398429870605
8.07621955871582
-6.765820026397705
8.408599853515625
-7.217510223388672
8.740989685058594
-7.669189929962158
9.073380470275879
-8.120869636535645
9.405759811401367
-8.572549819946289
9.738149642944336
-9.024230003356934
10.070500373840332
-9.475919723510742
10.402899742126465
-9.927599906921387
10.735300064086914
-10.379300117492676
11.067700386047363
-10.831000328063965
11.400099754333496
-11.282600402832031
11.732500076293945
-11.734299659729004
12.064900398254395
-12.185999870300293
12.397199630737305
-12.637700080871582
12.729599952697754
-13.089400291442871
13.062000274658203
-13.541099548339844
13.394399642944336
-13.99269962310791
13.726799964904785
-14.4443998336792
14.059200286865234
-14.896100044250488
14.391599655151367
-15.347800254821777
14.723899841308594
-15.799500465393066
15.056300163269043
-16.251100540161133
15.388699531555176
-16.702800750732422
15.721099853515625
-17.154499053955078
16.053499221801758
-17.606199264526367
16.385900497436523
-18.057899475097656
