0.5651090145111084
15.681900024414062
0.42170101404190063
15.138199806213379
0.27829301357269287
14.594499588012695
0.1348859965801239
14.050800323486328
-0.008522409945726395
13.507100105285645
-0.15193000435829163
12.963399887084961
-0.2953380048274994
12.419699668884277
-0.43874600529670715
11.87600040435791
-0.5821539759635925
11.332300186157227
-0.7255619764328003
10.788599967956543
-0.8689699769020081
10.24489974975586
-1.0123800039291382
9.701199531555176
-1.1557899713516235
9.157489776611328
-1.2991900444030762
8.613789558410645
-1.4426000118255615
8.070079803466797
-1.5860099792480469
7.5263800621032715
-1.7294199466705322
6.982669830322266
-1.8728300333023071
6.43897008895874
-2.0162301063537598
5.895259857177734
-2.159640073776245
5.351560115814209
-2.3030500411987305
4.807859897613525
-2.446460008621216
4.264150142669678
-2.589859962463379
3.720449924468994
-2.7332699298858643
3.1767399311065674
-2.8766798973083496
2.633039951324463
-3.020090103149414
2.089329957962036
-3.1635000705718994
1.5456299781799316
-3.3069000244140625
1.0019199848175049
-3.450309991836548
0.45821699500083923
-3.593719959259033
-0.08548740297555923
-3.7371299266815186
-0.6291919946670532
-3.880539894104004
-1.1728999614715576
-4.023940086364746
-1.716599941253662
-4.167349815368652
-2.260309934616089
-4.310760021209717
-2.8040099143981934
-4.454170227050781
-3.34771990776062
-4.5975799560546875
-3.8914198875427246
-4.74098014831543
-4.4351301193237305
-4.884389877319336
-4.978829860687256
-5.0278000831604
-5.5225300788879395
-5.171209812164307
-6.066239833831787
-5.314620018005371
-6.609940052032471
-5.458020210266113
-7.153649806976318
-5.6014299392700195
-7.697350025177002
-5.744840145111084
-8.241060256958008
-5.88824987411499
-8.784760475158691
-6.031650066375732
-9.328470230102539
-6.175059795379639
-9.872170448303223
-6.318470001220703
-10.415900230407715
-6.461880207061768
-10.959600448608398
-6.605289936065674
-11.503299713134766
-6.748690128326416
-12.04699993133545
