0.7996670007705688
-18.667699813842773
1.238219976425171
-18.3346004486084
1.6767699718475342
-18.001399993896484
2.1153199672698975
-17.66830062866211
2.5538699626922607
-17.3351993560791
2.9924299716949463
-17.00200080871582
3.4309799671173096
-16.668899536132812
3.869529962539673
-16.335800170898438
4.308080196380615
-16.002599716186523
4.7466301918029785
-15.669500350952148
5.185180187225342
-15.336400032043457
5.623740196228027
-15.003199577331543
6.062290191650391
-14.670100212097168
6.500840187072754
-14.336999893188477
6.939390182495117
-14.003800392150879
7.3779401779174805
-13.670700073242188
7.816490173339844
-13.337599754333496
8.255040168762207
-13.004400253295898
8.693599700927734
-12.671299934387207
9.132149696350098
-12.338199615478516
9.570699691772461
-12.005000114440918
10.009300231933594
-11.671899795532227
10.447799682617188
-11.338800430297852
10.88640022277832
-11.00570011138916
11.324899673461914
-10.672499656677246
11.763500213623047
-10.339400291442871
12.20199966430664
-10.00629997253418
12.640600204467773
-9.67311954498291
13.079099655151367
-9.33998966217041
13.5177001953125
-9.00685977935791
13.956199645996094
-8.673720359802246
14.394800186157227
-8.34058952331543
