13.8641996383667
-10.108699798583984
13.64780044555664
-9.62185001373291
13.431500434875488
-9.134980201721191
13.215100288391113
-8.648110389709473
12.998800277709961
-8.161230087280273
12.782400131225586
-7.6743597984313965
12.565999984741211
-7.187489986419678
12.349699974060059
-6.700620174407959
12.133299827575684
-6.21373987197876
11.916999816894531
-5.726870059967041
11.700599670410156
-5.239999771118164
11.484299659729004
-4.753119945526123
11.267900466918945
-4.266250133514404
11.05150032043457
-3.7793800830841064
10.835200309753418
-3.2925100326538086
10.618800163269043
-2.8056299686431885
10.40250015258789
-2.3187599182128906
