0.08240509778261185
-19.601299285888672
0.5345510244369507
-19.266300201416016
0.9866960048675537
-18.931400299072266
1.4388400316238403
-18.596399307250977
1.8909900188446045
-18.26140022277832
2.343130111694336
-17.92650032043457
2.7952799797058105
-17.59149932861328
3.247420072555542
-17.256500244140625
3.6995699405670166
-16.921499252319336
4.15172004699707
-16.586599349975586
4.603859901428223
-16.25160026550293
5.056009769439697
-15.916600227355957
5.508150100708008
-15.581700325012207
5.960299968719482
-15.246700286865234
6.412439823150635
-14.911700248718262
6.864590167999268
-14.576700210571289
7.316740036010742
-14.241800308227539
7.7688798904418945
-13.906800270080566
8.221030235290527
-13.571800231933594
8.67317008972168
-13.236900329589844
9.125320434570312
-12.901900291442871
9.577460289001465
-12.566900253295898
10.029600143432617
-12.231900215148926
10.481800079345703
-11.897000312805176
10.933899879455566
-11.562000274658203
11.38599967956543
-11.22700023651123
11.838199615478516
-10.89210033416748
12.290300369262695
-10.557100296020508
12.742500305175781
-10.222100257873535
13.194600105285645
-9.887140274047852
13.64680004119873
-9.552169799804688
14.098899841308594
-9.21720027923584
14.55109977722168
-8.882229804992676
15.003199577331543
-8.547260284423828
15.455400466918945
-8.2122802734375
15.907500267028809
-7.877309799194336
16.359600067138672
-7.54233980178833
16.811800003051758
-7.207369804382324
