18.220399856567383
4.792660236358643
17.675600051879883
4.667819976806641
17.130800247192383
4.542970180511475
16.586000442504883
4.418129920959473
16.041200637817383
4.293280124664307
15.496399879455566
4.168429851531982
14.951700210571289
4.043590068817139
14.406900405883789
3.9187400341033936
13.862099647521973
3.7939000129699707
13.317299842834473
3.6690499782562256
12.772500038146973
3.5442099571228027
12.227700233459473
3.4193599224090576
11.682999610900879
3.2945098876953125
11.138199806213379
3.1696701049804688
10.593400001525879
3.0448200702667236
10.048600196838379
2.919980049133301
9.503829956054688
2.7951300144195557
8.959039688110352
2.6702799797058105
8.414259910583496
2.5454399585723877
7.869480133056641
2.4205899238586426
7.324689865112305
2.2957499027252197
6.779910087585449
2.1709001064300537
6.2351298332214355
2.0460500717163086
5.690340042114258
1.9212100505828857
5.145559787750244
1.7963600158691406
4.600780010223389
1.6715199947357178
4.056000232696533
1.5466699600219727
3.5112099647521973
1.4218300580978394
2.9664299488067627
1.2969800233840942
2.421649932861328
1.1721299886703491
1.8768600225448608
1.0472899675369263
1.3320800065994263
0.9224420189857483
0.7872980237007141
0.7975959777832031
0.24251499772071838
0.6727499961853027
-0.30226799845695496
0.5479040145874023
-0.8470510244369507
0.42305898666381836
-1.3918299674987793
0.29821300506591797
-1.9366199970245361
0.1733669936656952
-2.4814000129699707
0.048521000891923904
