-12.4306001663208
12.538000106811523
-12.218299865722656
12.01509952545166
-12.005999565124512
11.492199897766113
-11.793800354003906
10.969400405883789
-11.581500053405762
10.446499824523926
-11.36929988861084
9.923629760742188
-11.156999588012695
9.40075969696045
-10.944700241088867
8.877900123596191
-10.732500076293945
8.355030059814453
-10.5201997756958
7.832170009613037
-10.307900428771973
7.309299945831299
-10.09570026397705
6.786439895629883
-9.883410453796387
6.2635698318481445
-9.67113971710205
5.7407097816467285
-9.458880424499512
5.217840194702148
-9.246620178222656
4.694980144500732
-9.034350395202637
4.172110080718994
-8.822090148925781
3.649250030517578
-8.609820365905762
3.12637996673584
-8.397560119628906
2.6035099029541016
-8.18529987335205
2.0806500911712646
-7.973030090332031
1.5577800273895264
-7.760769844055176
1.0349199771881104
-7.548500061035156
0.5120530128479004
-7.336239814758301
-0.010812399908900261
-7.1239800453186035
-0.5336779952049255
-6.911709785461426
-1.0565400123596191
-6.6994500160217285
-1.5794099569320679
-6.487189769744873
-2.1022698879241943
-6.2749199867248535
-2.6251399517059326
-6.062660217285156
-3.1480000019073486
-5.8503899574279785
-3.670870065689087
-5.638130187988281
-4.193739891052246
-5.425869941711426
-4.716599941253662
-5.213600158691406
-5.2394700050354
-5.001339912414551
-5.762330055236816
-4.789070129394531
-6.285200119018555
-4.576809883117676
-6.808060169219971
-4.3645501136779785
-7.330930233001709
-4.152279853820801
-7.853789806365967
-3.9400200843811035
-8.376660346984863
-3.727750062942505
-8.899519920349121
-3.5154900550842285
-9.42238998413086
-3.303230047225952
-9.945249557495117
-3.0909600257873535
-10.468099594116211
-2.878700017929077
-10.991000175476074
-2.6664299964904785
-11.513899803161621
-2.454169988632202
-12.036700248718262
-2.241909980773926
-12.559599876403809
-2.029639959335327
-13.08240032196045
-1.8173799514770508
-13.605299949645996
-1.6051199436187744
-14.128199577331543
-1.3928500413894653
-14.651000022888184
-1.180590033531189
-15.17389965057373
-0.9683240056037903
-15.696800231933594
-0.756060004234314
-16.219600677490234
-0.5437960028648376
-16.74250030517578
-0.33153200149536133
-17.265399932861328
-0.11926800012588501
-17.78820037841797
0.09299580007791519
-18.311100006103516
0.3052600026130676
-18.833999633789062
