10.992799758911133
0.5508880019187927
10.485899925231934
0.30880799889564514
9.979120254516602
0.06672719866037369
9.4722900390625
-0.17535300552845
8.965459823608398
-0.4174340069293976
8.458629608154297
-0.6595140099525452
7.951809883117676
-0.9015949964523315
7.444980144500732
-1.1436799764633179
6.938149929046631
-1.385759949684143
6.4313201904296875
-1.6278400421142578
5.924489974975586
-1.869920015335083
5.417669773101807
-2.111999988555908
4.910840034484863
-2.3540799617767334
4.404009819030762
-2.5961599349975586
3.8971800804138184
-2.838239908218384
3.390350103378296
-3.080319881439209
2.8835299015045166
-3.3224000930786133
2.376699924468994
-3.5644800662994385
1.8698699474334717
-3.8065600395202637
1.3630399703979492
-4.04863977432251
0.8562139868736267
-4.290719985961914
0.3493860065937042
-4.532800197601318
-0.15744200348854065
-4.7748799324035645
-0.6642699837684631
-5.016960144042969
-1.1711000204086304
-5.259039878845215
-1.6779299974441528
-5.501120090484619
-2.1847500801086426
-5.743199825286865
-2.691580057144165
-5.9852800369262695
-3.1984100341796875
-6.227359771728516
-3.70524001121521
-6.46943998336792
-4.212069988250732
-6.7115302085876465
-4.718890190124512
-6.953609943389893
-5.225719928741455
-7.195690155029297
-5.732550144195557
-7.437769889831543
-6.2393798828125
-7.679850101470947
-6.746210098266602
-7.921929836273193
-7.253029823303223
-8.164010047912598
-7.759860038757324
-8.406089782714844
-8.266690254211426
-8.648170471191406
-8.773520469665527
-8.890250205993652
-9.280349731445312
-9.132329940795898
-9.78717041015625
-9.374409675598145
-10.293999671936035
-9.616490364074707
-10.800800323486328
-9.858570098876953
-11.307700157165527
-10.100700378417969
-11.814499855041504
-10.342700004577637
-12.32129955291748
-10.584799766540527
-12.828100204467773
-10.826899528503418
-13.335000038146973
-11.069000244140625
-13.84179973602295
-11.311100006103516
-14.348600387573242
-11.553099632263184
