11.332200050354004
17.621999740600586
11.335200309753418
17.06369972229004
11.338199615478516
16.505300521850586
11.34119987487793
15.946900367736816
11.344200134277344
15.388500213623047
11.347299575805664
14.8302001953125
11.350299835205078
14.27180004119873
11.353300094604492
13.713399887084961
11.356300354003906
13.154999732971191
11.359299659729004
12.596699714660645
11.362299919128418
12.038299560546875
11.365300178527832
11.479900360107422
11.368300437927246
10.921500205993652
11.371299743652344
10.363200187683105
11.374300003051758
9.804789543151855
11.377300262451172
9.246410369873047
11.38029956817627
8.688039779663086
11.383299827575684
8.129659652709961
11.386300086975098
7.571290016174316
11.389300346374512
7.012909889221191
11.39229965209961
6.454539775848389
11.395299911499023
5.896160125732422
11.398300170898438
5.337790012359619
11.401300430297852
4.779409885406494
11.40429973602295
4.221039772033691
11.407299995422363
3.6626598834991455
11.410300254821777
3.1042799949645996
11.413299560546875
2.545909881591797
11.416399955749512
1.987529993057251
11.419400215148926
1.4291599988937378
11.42240047454834
0.8707829713821411
