15.240799903869629
19.47610092163086
15.240500450134277
18.910600662231445
15.24020004272461
18.34510040283203
15.239899635314941
17.779600143432617
15.23960018157959
17.214099884033203
15.239299774169922
16.64859962463379
15.23900032043457
16.083099365234375
15.238699913024902
15.517600059509277
15.23840045928955
14.952099800109863
15.238100051879883
14.38659954071045
15.237799644470215
13.821100234985352
15.237500190734863
13.25570011138916
15.237199783325195
12.690199851989746
15.236800193786621
12.124699592590332
15.236499786376953
11.559200286865234
15.236200332641602
10.99370002746582
15.235899925231934
10.428199768066406
15.235600471496582
9.862700462341309
15.235300064086914
9.297209739685059
15.234999656677246
8.731710433959961
15.234700202941895
8.166219711303711
15.234399795532227
7.600729942321777
15.234100341796875
7.035240173339844
15.233799934387207
6.46973991394043
15.233499526977539
5.904250144958496
15.233200073242188
5.338759899139404
15.23289966583252
4.773260116577148
15.232600212097168
4.207769870758057
15.2322998046875
3.642280101776123
15.231900215148926
3.0767900943756104
15.231599807739258
2.5112900733947754
15.231300354003906
1.9457999467849731
15.230999946594238
1.38031005859375
15.23069953918457
0.8148139715194702
15.230400085449219
0.24932099878787994
15.23009967803955
-0.3161720037460327
15.2298002243042
-0.881663978099823
15.229499816894531
-1.447160005569458
15.22920036315918
-2.0126500129699707
15.228899955749512
-2.5781400203704834
15.228599548339844
-3.1436400413513184
15.228300094604492
-3.709130048751831
15.227999687194824
-4.274620056152344
15.227700233459473
-4.840109825134277
15.227399826049805
-5.405610084533691
