6.123740196228027
-15.83180046081543
5.7486701011657715
-15.419099807739258
5.373600006103516
-15.006400108337402
4.998539924621582
-14.593700408935547
4.623469829559326
-14.180999755859375
4.2484002113342285
-13.76830005645752
3.873339891433716
-13.355600357055664
3.498270034790039
-12.942999839782715
3.1232099533081055
-12.53030014038086
2.7481400966644287
-12.117600440979004
2.373070001602173
-11.704899787902832
1.9980100393295288
-11.292200088500977
1.622939944267273
-10.879500389099121
1.247879981994629
-10.46679973602295
0.8728100061416626
-10.054100036621094
0.49774399399757385
-9.641429901123047
0.1226779967546463
-9.228739738464355
-0.25238800048828125
-8.8160400390625
-0.6274539828300476
-8.403349876403809
-1.002519965171814
-7.990660190582275
-1.3775899410247803
-7.577970027923584
-1.7526500225067139
-7.165279865264893
-2.1277201175689697
-6.752590179443359
-2.502779960632324
-6.339900016784668
-2.87785005569458
-5.927209854125977
-3.252919912338257
-5.514520168304443
-3.6279799938201904
-5.10181999206543
-4.003049850463867
-4.689129829406738
-4.378119945526123
-4.276440143585205
-4.753180027008057
-3.8637499809265137
-5.1282501220703125
-3.4510600566864014
-5.503310203552246
-3.03836989402771
-5.878379821777344
-2.6256799697875977
-6.2534499168396
-2.2129900455474854
-6.628509998321533
-1.8002899885177612
-7.003580093383789
-1.3875999450683594
-7.378640174865723
-0.9749119877815247
-7.75370979309082
-0.5622209906578064
-8.128780364990234
-0.14952999353408813
-8.503840446472168
0.2631610035896301
-8.878910064697266
0.6758520007133484
-9.2539701461792
1.088539958000183
-9.629039764404297
1.501230001449585
-10.00409984588623
1.913930058479309
-10.379199981689453
2.326620101928711
-10.754199981689453
2.7393100261688232
-11.129300117492676
3.1519999504089355
-11.504400253295898
3.564690113067627
-11.879400253295898
3.9773800373077393
-12.254500389099121
4.390069961547852
-12.629599571228027
4.802760124206543
-13.004599571228027
5.215459823608398
-13.37969970703125
5.62814998626709
-13.754799842834473
6.040840148925781
-14.129799842834473
6.4535298347473145
-14.504899978637695
6.866219997406006
-14.880000114440918
7.278910160064697
-15.255000114440918
7.6915998458862305
-15.63010025024414
8.104290008544922
-16.005199432373047
8.516980171203613
-16.380199432373047
8.929679870605469
-16.755300521850586
9.34237003326416
-17.130399703979492
9.755060195922852
-17.505399703979492
10.167699813842773
-17.88050079345703
10.580400466918945
-18.255599975585938
10.9931001663208
-18.630599975585938
11.405799865722656
