13.181699752807617
-8.483539581298828
13.277799606323242
-7.9375200271606445
13.373800277709961
-7.391510009765625
13.469900131225586
-6.845489978790283
13.565999984741211
-6.299469947814941
13.661999702453613
-5.753459930419922
13.758099555969238
-5.20743989944458
13.85420036315918
-4.661419868469238
13.950200080871582
-4.115409851074219
14.046299934387207
-3.569390058517456
14.14229965209961
-3.0233700275421143
14.23840045928955
-2.4773600101470947
14.334500312805176
-1.931339979171753
14.430500030517578
-1.3853199481964111
14.526599884033203
-0.8393070101737976
14.622699737548828
-0.29328998923301697
14.718700408935547
0.2527259886264801
14.814800262451172
0.7987430095672607
14.910900115966797
1.3447599411010742
15.0068998336792
1.890779972076416
15.102999687194824
2.4367899894714355
15.199000358581543
2.9828100204467773
15.295100212097168
3.528830051422119
15.391200065612793
4.074840068817139
15.487199783325195
4.6208600997924805
15.58329963684082
5.166880130767822
15.679400444030762
5.712890148162842
15.775400161743164
6.258910179138184
15.871500015258789
6.804920196533203
15.967599868774414
7.350940227508545
16.063600540161133
7.8969597816467285
16.159700393676758
8.442970275878906
16.255800247192383
8.98898983001709
16.3518009185791
9.53501033782959
16.447900772094727
10.081000328063965
