0.6468979716300964
1.4487299919128418
1.1925599575042725
1.4959700107574463
1.7382299900054932
1.543220043182373
2.2838900089263916
1.590459942817688
2.82955002784729
1.6377099752426147
3.3752200603485107
1.6849499940872192
3.920880079269409
1.732200026512146
4.466549873352051
1.7794400453567505
5.012209892272949
1.8266899585723877
5.55787992477417
1.8739399909973145
6.103539943695068
1.921180009841919
6.649199962615967
1.9684300422668457
7.1948699951171875
2.01567006111145
7.740530014038086
2.062920093536377
8.286199569702148
2.1101601123809814
8.831859588623047
2.157409906387329
9.377519607543945
2.2046499252319336
9.923190116882324
2.2518999576568604
10.468899726867676
2.299139976501465
11.01449966430664
2.3463900089263916
