3.827349901199341
-14.038599967956543
3.9761199951171875
-13.500699996948242
4.124899864196777
-12.962800025939941
4.273670196533203
-12.425000190734863
4.422440052032471
-11.887100219726562
4.5712199211120605
-11.349200248718262
4.719989776611328
-10.811300277709961
4.868760108947754
-10.273500442504883
5.017539978027344
-9.735589981079102
5.166309833526611
-9.197710037231445
5.315090179443359
-8.659830093383789
5.463860034942627
-8.121959686279297
5.6126298904418945
-7.584080219268799
5.761410236358643
-7.046209812164307
5.91018009185791
-6.50832986831665
6.058949947357178
-5.970449924468994
6.207729816436768
-5.43257999420166
6.356500148773193
-4.894700050354004
6.505270004272461
-4.35683012008667
6.654049873352051
-3.8189499378204346
6.802820205688477
-3.2810699939727783
6.951590061187744
-2.7432000637054443
7.100369930267334
-2.205319881439209
7.249139785766602
-1.667449951171875
7.397910118103027
-1.1295700073242188
7.546689987182617
-0.5916939973831177
7.695459842681885
-0.05381840094923973
7.8442301750183105
0.4840579926967621
7.9930100440979
1.0219299793243408
8.141779899597168
1.5598100423812866
8.290550231933594
2.0976901054382324
8.439330101013184
2.6355600357055664
8.58810043334961
3.1734399795532227
8.736869812011719
3.7113099098205566
8.885649681091309
4.249189853668213
9.034420013427734
4.787069797515869
9.18319034576416
5.324940204620361
9.33197021484375
5.862820148468018
9.48073959350586
6.400690078735352
9.629520416259766
6.938570022583008
9.778289794921875
7.476449966430664
9.9270601272583
8.014320373535156
10.075799942016602
8.552200317382812
10.224599838256836
9.090069770812988
10.37339973449707
9.627949714660645
10.522199630737305
10.165800094604492
10.670900344848633
10.703700065612793
10.819700241088867
11.241600036621094
10.968500137329102
11.779500007629395
11.117199897766113
12.317299842834473
11.265999794006348
12.855199813842773
11.414799690246582
13.393099784851074
11.563599586486816
13.930999755859375
11.712300300598145
14.468799591064453
11.861100196838379
15.006699562072754
12.009900093078613
15.544599533081055
12.158699989318848
16.082500457763672
12.30739974975586
16.62030029296875
12.456199645996094
17.158199310302734
12.604999542236328
17.69610023498535
