2.1944100856781006
-14.92080020904541
1.6993399858474731
-15.078499794006348
1.2042700052261353
-15.236200332641602
0.7092030048370361
-15.393899917602539
0.21413399279117584
-15.551600456237793
-0.28093600273132324
-15.70930004119873
-0.7760059833526611
-15.866999626159668
-1.2710800170898438
-16.024700164794922
-1.7661499977111816
-16.18239974975586
-2.2612099647521973
-16.340099334716797
-2.756279945373535
-16.497800827026367
-3.251349925994873
-16.655500411987305
-3.746419906616211
-16.813199996948242
