-13.069499969482422
-5.259799957275391
-12.6983003616333
-4.842410087585449
-12.327099800109863
-4.425020217895508
-11.956000328063965
-4.007619857788086
-11.584799766540527
-3.5902299880981445
-11.213600158691406
-3.172840118408203
-10.842499732971191
-2.7554500102996826
-10.47130012512207
-2.338059902191162
-10.100099563598633
-1.9206600189208984
-9.72898006439209
-1.5032700300216675
-9.357810020446777
-1.0858800411224365
-8.986650466918945
-0.6684889793395996
-8.615480422973633
-0.2510969936847687
-8.244319915771484
0.16629500687122345
-7.873149871826172
0.5836870074272156
-7.501979827880859
1.00108003616333
-7.130819797515869
1.418470025062561
-6.759650230407715
1.835860013961792
-6.388480186462402
2.2532498836517334
-6.017320156097412
2.670650005340576
-5.6461501121521
3.0880401134490967
-5.274990081787109
3.505429983139038
-4.903820037841797
3.9228200912475586
-4.532649993896484
4.3402099609375
-4.161489963531494
4.757609844207764
-3.7903199195861816
5.175000190734863
-3.4191501140594482
5.592390060424805
-3.047990083694458
6.009779930114746
-2.6768200397491455
6.4271697998046875
-2.3056600093841553
6.844570159912109
-1.9344899654388428
7.261960029602051
-1.5633200407028198
7.679349899291992
-1.1921600103378296
8.096739768981934
-0.8209919929504395
8.514129638671875
-0.4498260021209717
8.931520462036133
-0.07865940034389496
9.348919868469238
0.29250699281692505
9.76630973815918
0.6636729836463928
10.183699607849121
1.0348399877548218
10.601099967956543
1.4060100317001343
11.018500328063965
1.777169942855835
11.43589973449707
2.1483399868011475
11.853300094604492
2.5195000171661377
12.270700454711914
2.89067006111145
12.68809986114502
3.2618401050567627
13.105400085449219
3.632999897003174
13.52280044555664
4.004169940948486
13.940199851989746
4.375329971313477
14.357600212097168
4.746500015258789
14.774999618530273
5.117670059204102
15.192399978637695
5.488830089569092
15.609800338745117
5.860000133514404
16.02720069885254
6.231170177459717
16.444599151611328
6.602330207824707
16.86199951171875
6.973499774932861
17.279399871826172
7.344659805297852
17.696800231933594
7.715829849243164
18.114099502563477
8.086999893188477
18.5314998626709
8.458160400390625
18.94890022277832
8.829330444335938
19.366300582885742
9.20048999786377
19.783700942993164
