-13.694700241088867
1.90038001537323
-13.473899841308594
1.385450005531311
-13.253199577331543
0.8705180287361145
-13.032400131225586
0.3555850088596344
-12.811599731445312
-0.1593489944934845
-12.590900421142578
-0.6742820143699646
-12.370100021362305
-1.1892199516296387
-12.149299621582031
-1.7041499614715576
-11.928500175476074
-2.2190799713134766
-11.707799911499023
-2.7340199947357178
-11.487000465393066
-3.2489500045776367
-11.266200065612793
-3.7638800144195557
-11.045499801635742
-4.278820037841797
-10.824700355529785
-4.793749809265137
-10.603899955749512
-5.308680057525635
-10.383099555969238
-5.823619842529297
-10.162400245666504
-6.338550090789795
-9.941610336303711
-6.853479862213135
-9.720840454101562
-7.368420124053955
-9.500060081481934
-7.883349895477295
-9.279290199279785
-8.398280143737793
-9.058520317077637
-8.913220405578613
-8.837750434875488
-9.428150177001953
-8.616979598999023
-9.943079948425293
-8.396209716796875
-10.458000183105469
-8.175439834594727
-10.972900390625
-7.954669952392578
-11.487899780273438
-7.733890056610107
-12.002799987792969
-7.513120174407959
-12.517800331115723
-7.292349815368652
-13.032699584960938
-7.071579933166504
-13.547599792480469
-6.8508100509643555
-14.062600135803223
-6.630040168762207
-14.577500343322754
-6.4092698097229
-15.092399597167969
-6.188499927520752
-15.607399940490723
-5.967720031738281
-16.122299194335938
