-13.24020004272461
-16.51110076904297
-12.902999877929688
-16.058900833129883
-12.565799713134766
-15.60669994354248
-12.228599548339844
-15.154399871826172
-11.891400337219238
-14.702199935913086
-11.554200172424316
-14.25
-11.217000007629395
-13.797699928283691
-10.879899978637695
-13.345499992370605
-10.542699813842773
-12.893199920654297
-10.205499649047852
-12.440999984741211
-9.868260383605957
-11.988800048828125
-9.531060218811035
-11.536499977111816
-9.193869590759277
-11.08430004119873
-8.856670379638672
-10.632100105285645
-8.51947021484375
-10.179800033569336
-8.182279586791992
-9.727609634399414
-7.8450798988342285
-9.275369644165039
-7.507880210876465
-8.823140144348145
-7.170690059661865
-8.37090015411377
-6.833489894866943
-7.918670177459717
-6.49629020690918
-7.466430187225342
-6.15910005569458
-7.014200210571289
-5.821899890899658
-6.561960220336914
-5.4847002029418945
-6.109729766845703
-5.147510051727295
-5.65749979019165
-4.810309886932373
-5.205259799957275
-4.473110198974609
-4.753029823303223
-4.13592004776001
-4.300789833068848
-3.798719882965088
-3.848560094833374
-3.461519956588745
-3.396320104598999
-3.1243300437927246
-2.944089889526367
-2.787130117416382
-2.491849899291992
-2.44992995262146
-2.0396199226379395
-2.1127400398254395
-1.587380051612854
-1.7755399942398071
-1.1351499557495117
-1.4383399486541748
-0.6829149723052979
-1.1011500358581543
-0.23068000376224518
-0.7639489769935608
0.2215539962053299
-0.4267530143260956
0.6737890243530273
-0.08955589681863785
1.1260199546813965
0.24764099717140198
1.5782599449157715
0.5848379731178284
2.030489921569824
0.9220340251922607
2.482729911804199
1.2592300176620483
2.934959888458252
1.5964299440383911
3.387200117111206
1.9336199760437012
3.839430093765259
2.270819902420044
4.291669845581055
2.608020067214966
4.743899822235107
2.9452099800109863
5.19612979888916
3.282409906387329
5.648369789123535
3.619610071182251
6.100599765777588
3.9567999839782715
6.552840232849121
4.294000148773193
7.005070209503174
4.631199836730957
7.457310199737549
4.968389987945557
7.909540176391602
5.3055901527404785
8.361780166625977
5.642789840698242
8.814009666442871
5.979979991912842
9.266249656677246
6.317180156707764
9.718480110168457
6.654379844665527
10.170700073242188
6.991580009460449
10.623000144958496
7.328770160675049
11.075200080871582
7.6659698486328125
11.527400016784668
8.003170013427734
11.979700088500977
8.340359687805176
12.431900024414062
8.677559852600098
12.884099960327148
9.01476001739502
13.336400032043457
9.351949691772461
13.788599967956543
9.689149856567383
14.240799903869629
10.026300430297852
14.693099975585938
10.363499641418457
15.145299911499023
10.700699806213379
15.59749984741211
11.0378999710083
16.049800872802734
11.375100135803223
16.50200080871582
11.712300300598145
16.954200744628906
12.049500465393066
17.4064998626709
12.386699676513672
17.858699798583984
