0.5840380191802979
6.164700031280518
0.9934939742088318
5.7921600341796875
1.4029500484466553
5.419610023498535
1.8124099969863892
5.047070026397705
2.221859931945801
4.674530029296875
2.631319999694824
4.301980018615723
3.0407700538635254
3.9294400215148926
3.4502298831939697
3.5569000244140625
3.859689950942993
3.18435001373291
4.269139766693115
2.81181001663208
4.678599834442139
2.43927001953125
5.08804988861084
2.06673002243042
5.497509956359863
1.6941800117492676
5.906970024108887
1.3216400146484375
6.316420078277588
0.9490969777107239
6.725880146026611
0.576554000377655
7.1353302001953125
0.2040099948644638
7.544789791107178
-0.16853299736976624
7.954249858856201
-0.5410760045051575
8.363699913024902
-0.9136189818382263
8.773159980773926
-1.2861599922180176
9.182609558105469
-1.6586999893188477
9.592069625854492
-2.03125
10.001500129699707
-2.40378999710083
10.41100025177002
-2.77632999420166
10.82040023803711
-3.1488800048828125
11.229900360107422
-3.5214200019836426
11.639399528503418
-3.8939599990844727
12.048800468444824
-4.266510009765625
12.45829963684082
-4.639050006866455
12.86769962310791
-5.011590003967285
13.277199745178223
-5.3841400146484375
13.686599731445312
-5.756680011749268
14.096099853515625
-6.129220008850098
14.505499839782715
-6.501760005950928
14.914999961853027
-6.87431001663208
15.32450008392334
-7.24685001373291
