-14.602800369262695
12.649100303649902
-14.529399871826172
12.090299606323242
-14.456000328063965
11.531499862670898
-14.382599830627441
10.972700119018555
-14.309100151062012
10.413900375366211
-14.235699653625488
9.855079650878906
-14.162300109863281
9.296279907226562
-14.088899612426758
8.737489700317383
-14.015399932861328
8.178689956665039
-13.942000389099121
7.619890213012695
-13.868599891662598
7.061089992523193
-13.79520034790039
6.502289772033691
-13.721699714660645
5.943490028381348
-13.648300170898438
5.384699821472168
-13.574899673461914
4.825900077819824
-13.501500129699707
4.267099857330322
-13.428099632263184
3.7083001136779785
-13.354599952697754
3.1494998931884766
-13.281200408935547
2.5906999111175537
-13.207799911499023
2.031899929046631
-13.134400367736816
1.4731099605560303
-13.06089973449707
0.9143080115318298
-12.987500190734863
0.35550999641418457
-12.91409969329834
-0.2032890021800995
-12.840700149536133
-0.7620869874954224
-12.767200469970703
-1.320889949798584
-12.69379997253418
-1.8796800374984741
-12.620400428771973
-2.4384799003601074
-12.54699993133545
-2.9972798824310303
-12.47350025177002
-3.5560801029205322
-12.400099754333496
-4.114880084991455
-12.326700210571289
-4.673679828643799
-12.253299713134766
-5.2324700355529785
-12.179800033569336
-5.791269779205322
-12.106399536132812
-6.350069999694824
-12.032999992370605
-6.908870220184326
-11.959600448608398
-7.46766996383667
-11.886099815368652
-8.026470184326172
-11.812700271606445
-8.585260391235352
-11.739299774169922
-9.144060134887695
-11.665900230407715
-9.702859878540039
