-15.618800163269043
-0.09236150234937668
-15.062299728393555
-0.04329710081219673
-14.50570011138916
0.005767180118709803
-13.94909954071045
0.054831501096487045
-13.392499923706055
0.10389599949121475
-12.83590030670166
0.15296000242233276
-12.279399871826172
0.20202399790287018
-11.722800254821777
0.2510890066623688
-11.166199684143066
0.300152987241745
-10.609600067138672
0.3492169976234436
-10.053000450134277
0.398281991481781
-9.4964599609375
0.4473460018634796
-8.93986988067627
0.4964100122451782
-8.38329029083252
0.5454750061035156
-7.826710224151611
0.5945389866828918
-7.270130157470703
0.6436030268669128
-6.713550090789795
0.6926680207252502
-6.156970024108887
0.7417320013046265
-5.6003899574279785
0.7907959818840027
-5.04380989074707
0.8398600220680237
-4.487229824066162
0.8889250159263611
-3.930649995803833
0.9379889965057373
-3.374069929122925
0.9870529770851135
-2.8174901008605957
1.036120057106018
-2.2609100341796875
1.0851800441741943
-1.704319953918457
1.1342500448226929
-1.1477400064468384
1.1833100318908691
-0.5911629796028137
1.2323700189590454
-0.03458249941468239
1.281440019607544
0.5219979882240295
1.3305000066757202
1.0785800218582153
1.3795700073242188
1.635159969329834
1.428629994392395
2.191740036010742
1.4776999950408936
2.7483201026916504
1.5267599821090698
3.3048999309539795
1.5758299827575684
3.8614799976348877
1.6248899698257446
4.418059825897217
1.673949956893921
4.974639892578125
1.7230199575424194
5.5312299728393555
1.7720799446105957
6.087810039520264
1.8211499452590942
6.644390106201172
1.87021005153656
7.20097017288208
1.9192800521850586
7.75754976272583
1.9683400392532349
8.314129829406738
2.017400026321411
8.870710372924805
2.06646990776062
9.427289962768555
2.115530014038086
9.983869552612305
2.164599895477295
10.540499687194824
2.2136600017547607
11.097000122070312
2.2627298831939697
11.653599739074707
2.3117899894714355
12.210200309753418
2.3608500957489014
12.766799926757812
2.4099199771881104
13.323399543762207
2.458980083465576
13.879899978637695
2.508049964904785
14.43649959564209
2.557110071182251
14.9931001663208
2.60617995262146
15.549699783325195
2.655240058898926
16.106300354003906
2.7042999267578125
16.662799835205078
2.7533700466156006
17.21940040588379
2.8024299144744873
