-8.48052978515625
-1.3020299673080444
-8.831469535827637
-0.8735949993133545
-9.18241024017334
-0.445158988237381
-9.533349990844727
-0.016722600907087326
-9.884289741516113
0.41171300411224365
-10.235199928283691
0.8401489853858948
-10.586199760437012
1.268589973449707
-10.937100410461426
1.6970200538635254
-11.288000106811523
2.125459909439087
-11.638999938964844
2.5538899898529053
-11.989899635314941
2.982330083847046
-12.340900421142578
3.4107699394226074
-12.691800117492676
3.839200019836426
-13.042699813842773
4.267640113830566
-13.393699645996094
4.696070194244385
-13.744600296020508
5.124509811401367
-14.095499992370605
5.552949905395508
-14.446499824523926
5.981379985809326
-14.79740047454834
6.409820079803467
-15.14840030670166
6.838250160217285
-15.499300003051758
7.266689777374268
