11.312800407409668
-15.11400032043457
10.91819953918457
-14.711199760437012
10.523699760437012
-14.308300018310547
10.129199981689453
-13.905400276184082
9.734640121459961
-13.502599716186523
9.340109825134277
-13.099699974060059
8.945579528808594
-12.696800231933594
8.551050186157227
-12.293899536132812
8.156519889831543
-11.89109992980957
7.761990070343018
-11.488200187683105
7.36745023727417
-11.08530044555664
6.972919940948486
-10.68239974975586
6.578390121459961
-10.279600143432617
6.183859825134277
-9.876709938049316
5.789330005645752
-9.473830223083496
5.394800186157227
-9.07096004486084
5.000269889831543
-8.668089866638184
4.605740070343018
-8.265219688415527
4.21120023727417
-7.862349987030029
3.8166699409484863
-7.459469795227051
3.422139883041382
-7.056600093841553
3.0276100635528564
-6.6537299156188965
2.633080005645752
-6.250860214233398
2.2385499477386475
-5.847990036010742
1.8440200090408325
-5.445109844207764
1.449489951133728
-5.042240142822266
1.0549499988555908
-4.639369964599609
0.6604229807853699
-4.236499786376953
0.2658909857273102
-3.833630084991455
-0.12863999605178833
-3.4307498931884766
-0.5231710076332092
-3.0278799533843994
-0.9177020192146301
-2.6250100135803223
-1.3122299909591675
-2.222140073776245
-1.7067699432373047
-1.8192700147628784
-2.101300001144409
-1.4163899421691895
-2.4958300590515137
-1.0135200023651123
-2.890360116958618
-0.6106489896774292
-3.2848899364471436
-0.2077769935131073
-3.679419994354248
0.1950950026512146
-4.073949813842773
0.5979670286178589
-4.468480110168457
1.0008399486541748
-4.863019943237305
1.4037100076675415
-5.25754976272583
1.8065799474716187
-5.652080059051514
2.2094600200653076
-6.046609878540039
2.6123299598693848
-6.441140174865723
3.015199899673462
-6.835669994354248
3.418070077896118
-7.230199813842773
3.8209400177001953
-7.624730110168457
4.223820209503174
-8.019269943237305
4.626689910888672
-8.413800239562988
5.029560089111328
-8.808329582214355
5.432429790496826
-9.202859878540039
5.835299968719482
-9.597390174865723
6.238180160522461
-9.991920471191406
6.641049861907959
-10.386500358581543
7.043920040130615
-10.781000137329102
7.4467902183532715
-11.17549991607666
7.8496599197387695
-11.569999694824219
8.25253963470459
-11.964599609375
8.655409812927246
-12.359100341796875
9.058279991149902
-12.753600120544434
9.461150169372559
-13.148200035095215
9.864020347595215
-13.542699813842773
10.266900062561035
-13.937199592590332
10.6697998046875
-14.33180046081543
11.072600364685059
-14.726300239562988
11.475500106811523
-15.120800018310547
11.878399848937988
-15.515399932861328
12.281299591064453
-15.909899711608887
12.684100151062012
-16.304399490356445
13.086999893188477
-16.698999404907227
13.489899635314941
-17.0935001373291
13.8927001953125
-17.488000869750977
14.295599937438965
-17.88249969482422
14.69849967956543
-18.277099609375
15.101400375366211
-18.671600341796875
15.504199981689453
-19.066099166870117
15.907099723815918
