-19.461999893188477
14.619099617004395
-18.97369956970215
14.34570026397705
-18.48539924621582
14.07229995727539
-17.997100830078125
13.79889965057373
-17.508800506591797
13.525400161743164
-17.02050018310547
13.251999855041504
-16.53219985961914
12.978599548339844
-16.043899536132812
12.7052001953125
-15.5556001663208
12.43179988861084
-15.067299842834473
12.15839958190918
-14.579000473022461
11.885000228881836
-14.09060001373291
11.611599922180176
-13.602299690246582
11.33810043334961
-13.11400032043457
11.06470012664795
-12.625699996948242
10.791299819946289
-12.137399673461914
10.517900466918945
-11.649100303649902
10.244500160217285
-11.160799980163574
9.971090316772461
-10.672499656677246
9.697680473327637
-10.184200286865234
9.424260139465332
-9.695879936218262
9.150850296020508
-9.207579612731934
8.877440452575684
-8.719269752502441
8.604029655456543
-8.23095989227295
8.330619812011719
-7.742650032043457
8.057209968566895
-7.254350185394287
7.783790111541748
-6.766039848327637
7.510379791259766
-6.2777299880981445
7.236969947814941
-5.789430141448975
6.963560104370117
-5.301119804382324
6.690149784088135
-4.812809944152832
6.4167399406433105
-4.324510097503662
6.143320083618164
-3.836199998855591
5.869909763336182
-3.3478899002075195
5.596499919891357
-2.8595800399780273
5.323090076446533
-2.3712799549102783
5.049680233001709
-1.8829699754714966
4.776259899139404
-1.3946599960327148
4.50285005569458
-0.9063559770584106
4.229440212249756
-0.41804900765419006
3.9560298919677734
0.07025790214538574
3.682620048522949
0.5585650205612183
3.409209966659546
1.0468699932098389
3.1357901096343994
1.5351799726486206
2.862380027770996
2.0234899520874023
2.5889699459075928
2.5117900371551514
2.3155601024627686
3.0000998973846436
2.0421500205993652
3.488409996032715
1.7687400579452515
3.976710081100464
1.4953199625015259
4.465020179748535
1.221909999847412
4.953330039978027
0.9485009908676147
5.4416399002075195
0.6750890016555786
5.929940223693848
0.4016770124435425
6.41825008392334
0.12826499342918396
6.906559944152832
-0.14514599740505219
7.394859790802002
-0.4185580015182495
