-0.5397890210151672
9.64070987701416
-0.5579829812049866
9.0770902633667
-0.5761770009994507
8.513460159301758
-0.5943710207939148
7.949830055236816
-0.6125659942626953
7.386209964752197
-0.6307600140571594
6.822579860687256
-0.6489539742469788
6.258950233459473
-0.6671479940414429
5.6953301429748535
-0.685342013835907
5.131700038909912
-0.7035359740257263
4.568069934844971
-0.7217299938201904
4.004449844360352
-0.7399240136146545
3.4408199787139893
-0.7581179738044739
2.877190113067627
-0.776311993598938
2.313570022583008
-0.7945060133934021
1.749940037727356
-0.8126999735832214
1.186310052871704
-0.8308950066566467
0.6226869821548462
-0.8490890264511108
0.05905989930033684
-0.8672829866409302
-0.50456702709198
-0.8854770064353943
-1.0681899785995483
-0.9036710262298584
-1.6318199634552002
-0.9218649864196777
-2.1954500675201416
-0.9400590062141418
-2.7590699195861816
-0.958253026008606
-3.322700023651123
-0.9764469861984253
-3.8863298892974854
-0.9946410059928894
-4.449950218200684
-1.0128400325775146
-5.013579845428467
-1.0310300588607788
-5.577209949493408
-1.0492199659347534
-6.140830039978027
-1.0674200057983398
-6.704460144042969
-1.085610032081604
-7.268089771270752
-1.1038099527359009
-7.831709861755371
-1.121999979019165
-8.395339965820312
-1.1401900053024292
-8.958970069885254
