-5.91064977645874
10.586099624633789
-6.297830104827881
10.228699684143066
-6.685009956359863
9.871259689331055
-7.072199821472168
9.513859748840332
-7.459380149841309
9.15645980834961
-7.846560001373291
8.799059867858887
-8.233739852905273
8.441659927368164
-8.620920181274414
8.084259986877441
-9.008110046386719
7.726860046386719
-9.39529037475586
7.369460105895996
-9.782469749450684
7.012060165405273
-10.169699668884277
6.654660224914551
-10.55679988861084
6.29725980758667
-10.944000244140625
5.9398698806762695
