-5.114329814910889
-12.315299987792969
-4.935490131378174
-11.789400100708008
-4.756649971008301
-11.263400077819824
-4.577809810638428
-10.737500190734863
-4.398970127105713
-10.211600303649902
-4.22012996673584
-9.685609817504883
-4.0412797927856445
-9.159669876098633
-3.8624401092529297
-8.633729934692383
-3.6835999488830566
-8.107789993286133
-3.5047600269317627
-7.5818400382995605
-3.3259201049804688
-7.0559000968933105
-3.1470799446105957
-6.5299601554870605
-2.9682400226593018
-6.0040202140808105
-2.789400100708008
-5.478079795837402
-2.6105599403381348
-4.952139854431152
-2.4317100048065186
-4.426199913024902
-2.2528700828552246
-3.90024995803833
-2.0740299224853516
-3.37431001663208
-1.8951900005340576
-2.84837007522583
-1.7163499593734741
-2.322429895401001
-1.5375100374221802
-1.796489953994751
-1.3586699962615967
-1.270550012588501
-1.1798299551010132
-0.7446069717407227
-1.000980019569397
-0.21866600215435028
-0.8221439719200134
0.30727601051330566
-0.6433020234107971
0.8332170248031616
-0.46446099877357483
1.3591599464416504
-0.2856200039386749
1.88510000705719
-0.10677900165319443
2.4110400676727295
0.07206229865550995
2.9369800090789795
0.25090301036834717
3.4629199504852295
0.42974498867988586
3.9888699054718018
0.6085860133171082
4.514810085296631
0.7874270081520081
5.040750026702881
0.966268002986908
5.566689968109131
1.145110011100769
6.092629909515381
1.3239500522613525
6.618569850921631
1.5027899742126465
7.144509792327881
1.68163001537323
7.670450210571289
1.8604700565338135
8.196399688720703
2.0393099784851074
8.722339630126953
2.2181599140167236
9.248279571533203
2.3970000743865967
9.77422046661377
2.5758399963378906
10.300200462341309
2.7546799182891846
10.82610034942627
2.9335200786590576
11.35200023651123
3.1123600006103516
11.878000259399414
