6.886050224304199
-18.418899536132812
6.899240016937256
-17.862899780273438
6.912439823150635
-17.306900024414062
6.92563009262085
-16.750900268554688
6.9388298988342285
-16.194900512695312
6.952020168304443
-15.638899803161621
6.965219974517822
-15.082900047302246
6.978409767150879
-14.526900291442871
6.991610050201416
-13.970999717712402
7.004799842834473
-13.414999961853027
7.01800012588501
-12.859000205993652
7.031189918518066
-12.303000450134277
7.0443902015686035
-11.746999740600586
7.05757999420166
-11.190999984741211
7.070779800415039
-10.635000228881836
7.083970069885254
-10.079000473022461
7.097169876098633
-9.522970199584961
7.110360145568848
-8.96697998046875
7.123559951782227
-8.410980224609375
7.136750221252441
-7.854979991912842
7.14995002746582
-7.298980236053467
7.163139820098877
-6.742990016937256
7.176340103149414
-6.186989784240723
7.189529895782471
-5.630990028381348
7.202730178833008
-5.074999809265137
7.2159199714660645
-4.519000053405762
7.229119777679443
-3.9630000591278076
7.242310047149658
-3.4070000648498535
7.255509853363037
-2.8510100841522217
7.268700122833252
-2.2950100898742676
7.281899929046631
-1.739009976387024
7.295090198516846
-1.1830099821090698
7.308290004730225
-0.6270170211791992
7.321479797363281
-0.07102009654045105
