-16.700700759887695
19.278600692749023
-16.651500701904297
18.717599868774414
-16.60219955444336
18.156600952148438
-16.552900314331055
17.595699310302734
-16.503599166870117
17.034700393676758
-16.454299926757812
16.47369956970215
-16.405000686645508
15.912699699401855
-16.35569953918457
15.351799964904785
-16.306400299072266
14.790800094604492
-16.257099151611328
14.2298002243042
-16.207799911499023
13.668800354003906
-16.15850067138672
13.10789966583252
-16.10919952392578
12.546899795532227
-16.059900283813477
11.985899925231934
-16.01059913635254
11.425000190734863
-15.961299896240234
10.86400032043457
-15.911999702453613
10.303000450134277
-15.862700462341309
9.742030143737793
-15.813400268554688
9.181059837341309
-15.764100074768066
8.620089530944824
-15.714799880981445
8.059109687805176
-15.665499687194824
7.49813985824585
-15.61620044708252
6.937170028686523
-15.566900253295898
6.376190185546875
-15.517600059509277
5.815219879150391
-15.468299865722656
5.2542500495910645
-15.418999671936035
4.693270206451416
-15.36970043182373
4.132299900054932
-15.32040023803711
3.5713300704956055
-15.271100044250488
3.010349988937378
-15.221799850463867
2.4493799209594727
-15.172499656677246
1.888409972190857
-15.123200416564941
1.3274400234222412
-15.07390022277832
0.7664620280265808
-15.0246000289917
0.20548899471759796
-14.975299835205078
-0.3554840087890625
-14.925999641418457
-0.9164569973945618
-14.876700401306152
-1.477429986000061
-14.827400207519531
-2.0383999347686768
-14.77810001373291
-2.5993800163269043
-14.728899955749512
-3.1603500843048096
-14.67959976196289
-3.7213199138641357
-14.63029956817627
-4.282299995422363
-14.581000328063965
-4.8432698249816895
