14.149100303649902
-15.596400260925293
13.652700424194336
-15.340999603271484
13.156299591064453
-15.085700035095215
12.659899711608887
-14.830300331115723
12.16349983215332
-14.574899673461914
11.667200088500977
-14.319600105285645
11.17080020904541
-14.064200401306152
10.674400329589844
-13.808799743652344
10.178000450134277
-13.553500175476074
9.68163013458252
-13.298100471496582
9.185250282287598
-13.042699813842773
8.688859939575195
-12.787400245666504
8.192480087280273
-12.531999588012695
7.696100234985352
-12.276599884033203
7.1997199058532715
-12.021300315856934
6.70334005355835
-11.765899658203125
6.2069501876831055
-11.510600090026855
5.710569858551025
-11.255200386047363
5.2141900062561035
-10.999799728393555
4.717810153961182
-10.744500160217285
4.221429824829102
-10.489100456237793
3.7250499725341797
-10.233699798583984
3.2286601066589355
-9.97836971282959
2.7322800159454346
-9.722999572753906
2.2358999252319336
-9.467639923095703
1.7395199537277222
-9.21226978302002
1.2431399822235107
-8.956910133361816
0.7467560172080994
-8.701539993286133
0.2503739893436432
-8.44618034362793
-0.2460079938173294
-8.19081974029541
-0.742389976978302
-7.935450077056885
-1.2387700080871582
-7.680089950561523
-1.7351499795913696
-7.42471981048584
-2.231529951095581
-7.169360160827637
-2.7279200553894043
-6.913990020751953
-3.224299907684326
-6.658629894256592
-3.720679998397827
-6.403260231018066
-4.217060089111328
-6.147900104522705
-4.71343994140625
-5.8925299644470215
-5.209829807281494
-5.63716983795166
-5.706210136413574
-5.381810188293457
-6.202589988708496
-5.126440048217773
-6.698969841003418
-4.871079921722412
-7.195350170135498
-4.6157097816467285
-7.69173002243042
-4.360350131988525
-8.188119888305664
-4.104979991912842
-8.684499740600586
-3.8496201038360596
-9.180879592895508
-3.594249963760376
-9.677260398864746
-3.3388900756835938
-10.173600196838379
-3.08351993560791
-10.670000076293945
-2.828160047531128
-11.166399955749512
-2.5727999210357666
-11.662799835205078
-2.317430019378662
-12.159199714660645
-2.062069892883301
-12.655599594116211
-1.8066999912261963
