3.2431600093841553
17.726999282836914
3.4315900802612305
17.19879913330078
3.6200098991394043
16.670700073242188
3.8084399700164795
16.14259910583496
3.9968600273132324
15.614500045776367
4.1852898597717285
15.086299896240234
4.3737101554870605
14.558199882507324
4.562139987945557
14.030099868774414
4.7505598068237305
13.501999855041504
4.938990116119385
12.973799705505371
5.127409934997559
12.445699691772461
5.315839767456055
11.91759967803955
5.504260063171387
11.38949966430664
5.692689895629883
10.86139965057373
5.881110191345215
10.333200454711914
6.069540023803711
9.805109977722168
6.257959842681885
9.276989936828613
6.446380138397217
8.748860359191895
6.634809970855713
8.22074031829834
6.823229789733887
7.692619800567627
7.011660099029541
7.1645002365112305
7.200079917907715
6.6363701820373535
7.388510227203369
6.108250141143799
7.576930046081543
5.580130100250244
7.765359878540039
5.052000045776367
7.953780174255371
4.5238800048828125
8.142210006713867
3.995759963989258
8.3306303024292
3.467639923095703
8.519060134887695
2.9395101070404053
