6.116759777069092
-17.899799346923828
5.841519832611084
-17.42620086669922
5.566279888153076
-16.952499389648438
5.291039943695068
-16.478900909423828
5.015789985656738
-16.005300521850586
4.7405500411987305
-15.531599998474121
4.465310096740723
-15.057999610900879
4.190070152282715
-14.584400177001953
3.9148199558258057
-14.110699653625488
3.639580011367798
-13.637100219726562
3.36434006690979
-13.163399696350098
3.089099884033203
-12.689800262451172
2.813849925994873
-12.21619987487793
2.5386099815368652
-11.742500305175781
2.2633700370788574
-11.268899917602539
1.98812997341156
-10.795299530029297
1.7128900289535522
-10.321599960327148
1.4376399517059326
-9.847999572753906
1.1624000072479248
-9.374360084533691
0.8871579766273499
-8.90071964263916
0.6119149923324585
-8.42708969116211
0.33667299151420593
-7.9534502029418945
0.06143059954047203
-7.4798197746276855
-0.213811993598938
-7.0061798095703125
