9.497139930725098
1.444659948348999
9.141900062561035
1.0102800130844116
8.786669731140137
0.5758979916572571
8.431440353393555
0.14151699841022491
8.076199531555176
-0.29286399483680725
7.720970153808594
-0.7272449731826782
7.365739822387695
-1.1616300344467163
7.010499954223633
-1.5960099697113037
6.655270099639893
-2.0303900241851807
6.300039768218994
-2.4647700786590576
5.944799900054932
-2.8991498947143555
5.589570045471191
-3.3335299491882324
5.234340190887451
-3.7679100036621094
4.8790998458862305
-4.202290058135986
4.52386999130249
-4.636670112609863
4.16864013671875
-5.07105016708374
3.8134000301361084
-5.5054402351379395
3.458169937133789
-5.939819812774658
3.102940082550049
-6.374199867248535
2.7476999759674072
-6.808579921722412
2.392469882965088
-7.242959976196289
2.0372400283813477
-7.677340030670166
1.6820000410079956
-8.111720085144043
1.3267699480056763
-8.546099662780762
0.9715359807014465
-8.980480194091797
0.6163020133972168
-9.414859771728516
0.26106899976730347
-9.849249839782715
-0.09416449815034866
-10.283599853515625
-0.449398010969162
-10.718000411987305
-0.8046309947967529
-11.152400016784668
-1.1598600149154663
-11.586799621582031
-1.5151000022888184
-12.021200180053711
-1.8703299760818481
-12.455499649047852
-2.225559949874878
-12.889900207519531
-2.5808000564575195
-13.324299812316895
-2.9360299110412598
-13.758700370788574
-3.2912700176239014
-14.193099975585938
-3.6465001106262207
-14.627400398254395
-4.001729965209961
-15.061800003051758
