2.045300006866455
-16.59239959716797
2.456850051879883
-16.208900451660156
2.8684000968933105
-15.825400352478027
3.279949903488159
-15.441900253295898
3.691499948501587
-15.05840015411377
4.103050231933594
-14.67490005493164
4.514599800109863
-14.291399955749512
4.926159858703613
-13.907999992370605
5.337709903717041
-13.524499893188477
5.749259948730469
-13.140999794006348
6.1608099937438965
-12.757499694824219
6.572360038757324
-12.37399959564209
6.983910083770752
-11.990500450134277
7.39546012878418
-11.607099533081055
7.80702018737793
-11.223600387573242
8.2185697555542
-10.840100288391113
