1.0448999404907227
-14.5246000289917
1.2179800271987915
-13.987000465393066
1.3910499811172485
-13.44950008392334
1.5641299486160278
-12.91189956665039
1.7372100353240967
-12.374300003051758
1.9102799892425537
-11.836700439453125
2.083359956741333
-11.299099922180176
2.25642991065979
-10.761500358581543
2.4295101165771484
-10.223899841308594
2.6025800704956055
-9.686349868774414
2.7756600379943848
-9.148770332336426
2.948729991912842
-8.611180305480957
3.121809959411621
-8.073599815368652
3.294879913330078
-7.536009788513184
3.4679598808288574
-6.998419761657715
3.6410300731658936
-6.460840225219727
3.814110040664673
-5.923250198364258
3.98717999458313
-5.385670185089111
4.160260200500488
-4.848080158233643
4.333330154418945
-4.310500144958496
4.506410121917725
-3.7729101181030273
4.679480075836182
-3.2353200912475586
4.852560043334961
-2.697740077972412
5.025629997253418
-2.1601500511169434
5.198709964752197
-1.6225700378417969
5.371779918670654
-1.0849800109863281
5.544859886169434
-0.5473949909210205
5.717929840087891
-0.009809750132262707
5.89100980758667
0.5277760028839111
6.064080238342285
1.0653599500656128
6.2371602058410645
1.6029499769210815
6.4102301597595215
2.1405301094055176
6.583310127258301
2.6781198978424072
6.756380081176758
3.2156999111175537
6.929460048675537
3.7532899379730225
7.102530002593994
4.29088020324707
7.275609970092773
4.828460216522217
7.4486799240112305
5.366049766540527
7.62175989151001
5.903629779815674
7.794829845428467
6.441219806671143
7.967909812927246
6.978799819946289
8.140979766845703
7.516389846801758
8.31406021118164
8.053979873657227
8.487130165100098
8.591560363769531
8.660209655761719
9.129150390625
8.833290100097656
9.666729927062988
9.006360054016113
10.204299926757812
9.179439544677734
10.741900444030762
9.352510452270508
11.279500007629395
9.525589942932129
11.817099571228027
9.698659896850586
12.354700088500977
9.871740341186523
12.892200469970703
10.0447998046875
13.429800033569336
10.217900276184082
13.967399597167969
