-8.231820106506348
11.696000099182129
-8.458100318908691
11.204400062561035
-8.6843900680542
10.712800025939941
-8.910670280456543
10.22130012512207
-9.13694953918457
9.729689598083496
-9.363240242004395
9.238109588623047
-9.589520454406738
8.746540069580078
-9.815810203552246
8.254960060119629
-10.042099952697754
7.763390064239502
-10.268400192260742
7.271810054779053
-10.49470043182373
6.780240058898926
-10.72089958190918
6.288660049438477
-10.947199821472168
5.797080039978027
-11.173500061035156
5.3055100440979
-11.399800300598145
4.813930034637451
-11.626099586486816
4.322360038757324
