12.699700355529785
2.0824599266052246
12.195300102233887
2.3226699829101562
11.690799713134766
2.5628700256347656
11.186400413513184
2.803070068359375
10.682000160217285
3.0432701110839844
10.177599906921387
3.283479928970337
9.6731595993042
3.5236799716949463
9.168740272521973
3.7638800144195557
8.664329528808594
4.004079818725586
8.159910202026367
4.244289875030518
7.655489921569824
4.484489917755127
7.1510701179504395
4.724689960479736
6.6466498374938965
4.964890003204346
6.142230033874512
5.205100059509277
5.637810230255127
5.445300102233887
5.133389949798584
5.685500144958496
4.628970146179199
5.9257001876831055
4.124549865722656
6.165909767150879
3.6201300621032715
6.406109809875488
3.1157100200653076
6.646309852600098
2.6112899780273438
6.886509895324707
2.10686993598938
7.126719951629639
1.6024500131607056
7.366919994354248
1.0980299711227417
7.607120037078857
0.5936070084571838
7.847320079803467
0.08918710052967072
8.087530136108398
-0.41523298621177673
8.327730178833008
-0.9196529984474182
8.567930221557617
-1.4240700006484985
8.808130264282227
-1.9284900426864624
9.04833984375
-2.4329099655151367
9.28853988647461
-2.9373300075531006
9.528739929199219
-3.4417500495910645
9.768939971923828
-3.9461700916290283
10.009099960327148
-4.450590133666992
10.249300003051758
-4.955009937286377
10.48960018157959
-5.45943021774292
10.7298002243042
-5.963850021362305
10.970000267028809
-6.4682698249816895
11.210200309753418
-6.972690105438232
11.450400352478027
-7.477109909057617
11.690600395202637
-7.98153018951416
11.930800437927246
-8.485950469970703
12.170999526977539
-8.99036979675293
12.411199569702148
-9.494790077209473
12.651399612426758
-9.999210357666016
12.891599655151367
-10.503600120544434
13.131799697875977
-11.008099555969238
13.371999740600586
-11.512499809265137
13.612199783325195
