-11.608400344848633
-9.163869857788086
-11.073599815368652
-9.014220237731934
-10.538800239562988
-8.864580154418945
-10.003999710083008
-8.714940071105957
-9.469149589538574
-8.565290451049805
-8.934329986572266
-8.415650367736816
-8.399499893188477
-8.266010284423828
-7.86467981338501
-8.11635971069336
-7.329860210418701
-7.966720104217529
-6.795040130615234
-7.817080020904541
-6.260210037231445
-7.667439937591553
-5.7253899574279785
-7.517789840698242
-5.190569877624512
-7.368150234222412
-4.655749797821045
-7.218510150909424
-4.120920181274414
-7.068860054016113
-3.5861001014709473
-6.919219970703125
-3.0512800216674805
-6.769579887390137
-2.5164599418640137
-6.619929790496826
-1.9816299676895142
-6.470290184020996
-1.446810007095337
-6.320650100708008
-0.9119899868965149
-6.1710100173950195
-0.3771679997444153
-6.021359920501709
0.1576550006866455
-5.871719837188721
0.6924769878387451
-5.722080230712891
1.2273000478744507
-5.57243013381958
1.762120008468628
-5.422790050506592
2.2969400882720947
-5.2731499671936035
2.8317699432373047
-5.123499870300293
3.3665900230407715
-4.973859786987305
3.9014101028442383
-4.824220180511475
4.436230182647705
-4.674580097198486
4.971059799194336
-4.524930000305176
5.505879878997803
-4.3752899169921875
6.0406999588012695
-4.225649833679199
6.575520038604736
-4.076000213623047
