11.954700469970703
3.920989990234375
11.593600273132324
3.4871699810028076
11.232600212097168
3.053339958190918
10.871500015258789
2.6195099353790283
10.51039981842041
2.1856799125671387
10.149299621582031
1.7518500089645386
9.788269996643066
1.3180299997329712
9.427200317382812
0.8841990232467651
9.066129684448242
0.45037099719047546
8.705050468444824
0.01654299907386303
8.343979835510254
-0.4172849953174591
7.98291015625
-0.8511130213737488
7.621840000152588
-1.2849400043487549
7.2607598304748535
-1.7187700271606445
6.8996901512146
-2.152600049972534
6.5386199951171875
-2.5864200592041016
6.177539825439453
-3.020250082015991
5.816470146179199
-3.454080104827881
5.455399990081787
-3.8879098892211914
5.094319820404053
-4.32174015045166
4.733250141143799
-4.755559921264648
4.372179985046387
-5.189390182495117
4.011109828948975
-5.623219966888428
3.6500298976898193
-6.0570502281188965
3.2889599800109863
-6.490869998931885
2.9278900623321533
-6.924699783325195
2.566809892654419
-7.358530044555664
2.205739974975586
-7.792359828948975
1.844670057296753
-8.226189613342285
1.4836000204086304
-8.66001033782959
1.1225199699401855
-9.093839645385742
0.7614499926567078
-9.527669906616211
