-3.4060399532318115
13.159600257873535
-3.0034101009368896
12.767499923706055
-2.6007800102233887
12.375499725341797
-2.1981499195098877
11.983499526977539
-1.7955100536346436
11.591400146484375
-1.3928799629211426
11.199399948120117
-0.9902470111846924
10.807299613952637
-0.5876139998435974
10.415300369262695
-0.18498100340366364
10.023300170898438
0.21765199303627014
9.631219863891602
0.6202849745750427
9.239179611206055
1.02292001247406
8.847140312194824
1.4255499839782715
8.455100059509277
1.828179955482483
8.06305980682373
2.2308199405670166
7.671020030975342
2.6334500312805176
7.278979778289795
3.0360798835754395
6.886940002441406
3.4387199878692627
6.494900226593018
3.8413500785827637
6.102859973907471
4.2439799308776855
5.710820198059082
4.646609783172607
5.318779945373535
5.04925012588501
4.9267401695251465
5.451879978179932
4.5346999168396
5.8545098304748535
4.142660140991211
6.257150173187256
3.750619888305664
6.659780025482178
3.3585801124572754
7.0624098777771
2.9665400981903076
7.46504020690918
2.57450008392334
7.867680072784424
2.182460069656372
8.270310401916504
1.7904200553894043
8.672940254211426
1.3983800411224365
9.075579643249512
1.0063400268554688
9.47821044921875
0.6142969727516174
9.880840301513672
0.22225700318813324
10.283499717712402
-0.16978299617767334
10.686100006103516
-0.5618230104446411
11.088700294494629
-0.9538630247116089
11.491399765014648
-1.345900058746338
11.894000053405762
-1.7379399538040161
12.296600341796875
-2.1299800872802734
12.699299812316895
-2.522020101547241
13.101900100708008
-2.914060115814209
13.504500389099121
-3.3060998916625977
13.90719985961914
-3.6981399059295654
14.309800148010254
-4.090179920196533
14.712400436401367
-4.48222017288208
15.115099906921387
-4.874259948730469
15.5177001953125
-5.266300201416016
15.920299530029297
-5.658339977264404
16.322999954223633
-6.050380229949951
16.72559928894043
-6.44242000579834
17.12820053100586
-6.8344597816467285
17.530899047851562
-7.226500034332275
17.933500289916992
-7.618539810180664
18.33609962463379
-8.010580062866211
