-2.1825199127197266
5.425380229949951
-2.673140048980713
5.701809883117676
-3.16375994682312
5.978240013122559
-3.6543800830841064
6.254660129547119
-4.144989967346191
6.531089782714844
-4.635610103607178
6.807519912719727
-5.126229763031006
7.083950042724609
-5.616849899291992
7.360380172729492
-6.1074700355529785
7.636809825897217
-6.598090171813965
7.9132399559021
-7.088709831237793
8.189669609069824
-7.579329967498779
8.466090202331543
-8.069939613342285
8.742520332336426
-8.56056022644043
9.018950462341309
-9.051179885864258
9.295379638671875
-9.541799545288086
9.571809768676758
-10.032400131225586
9.84823989868164
-10.52299976348877
10.124699592590332
-11.013699531555176
10.401100158691406
-11.504300117492676
10.677499771118164
-11.99489974975586
10.954000473022461
-12.48550033569336
11.230400085449219
-12.976099967956543
11.506799697875977
-13.46679973602295
11.78320026397705
-13.95740032196045
12.059700012207031
-14.447999954223633
12.336099624633789
-14.938599586486816
12.612500190734863
-15.429200172424316
12.888999938964844
-15.9197998046875
13.165399551391602
-16.410499572753906
13.441800117492676
-16.901100158691406
13.718199729919434
-17.391700744628906
13.99470043182373
-17.882299423217773
14.271100044250488
-18.372900009155273
14.547499656677246
-18.86359977722168
14.824000358581543
