-16.822999954223633
0.5619279742240906
-16.32990074157715
0.2993679940700531
-15.836700439453125
0.0368087999522686
-15.343500137329102
-0.22575099766254425
-14.850299835205078
-0.4883100092411041
-14.357099533081055
-0.7508699893951416
-13.86400032043457
-1.0134299993515015
-13.370800018310547
-1.2759900093078613
-12.877599716186523
-1.5385500192642212
-12.384400367736816
-1.801110029220581
-11.891300201416016
-2.0636699199676514
-11.398099899291992
-2.326230049133301
-10.904899597167969
-2.588789939880371
-10.411700248718262
-2.8513500690460205
-9.918540000915527
-3.113909959793091
-9.425359725952148
-3.376460075378418
-8.932180404663086
-3.6390199661254883
-8.439000129699707
-3.9015800952911377
-7.94582986831665
-4.164140224456787
-7.45265007019043
-4.426700115203857
-6.959469795227051
-4.689260005950928
-6.46628999710083
-4.951819896697998
-5.973110198974609
-5.214379787445068
-5.4799299240112305
-5.476940155029297
-4.98675012588501
-5.739500045776367
-4.493579864501953
-6.0020599365234375
-4.000400066375732
-6.264619827270508
-3.5072200298309326
-6.527180194854736
-3.014039993286133
-6.789740085601807
-2.520859956741333
-7.052299976348877
-2.027679920196533
-7.314859867095947
-1.534500002861023
-7.577420234680176
-1.0413299798965454
-7.839980125427246
-0.5481470227241516
-8.102540016174316
-0.0549686998128891
-8.365099906921387
0.43821001052856445
-8.627659797668457
0.9313880205154419
-8.890210151672363
1.4245699644088745
-9.152770042419434
1.9177500009536743
-9.415329933166504
2.4109199047088623
-9.677889823913574
2.904099941253662
-9.940449714660645
3.397279977798462
-10.20300006866455
3.8904600143432617
-10.46560001373291
4.383639812469482
-10.728099822998047
4.876820087432861
-10.990699768066406
5.369999885559082
-11.253299713134766
5.863170146942139
-11.515800476074219
6.356349945068359
-11.778400421142578
6.849530220031738
-12.040900230407715
7.342710018157959
-12.303500175476074
7.83588981628418
-12.565999984741211
8.329070091247559
-12.82859992980957
8.822250366210938
-13.09119987487793
9.315420150756836
-13.353699684143066
9.808600425720215
-13.616299629211426
10.301799774169922
-13.878800392150879
10.795000076293945
-14.141400337219238
11.288100242614746
-14.404000282287598
11.781299591064453
-14.666500091552734
12.274499893188477
-14.929100036621094
12.7677001953125
-15.19159984588623
13.260899543762207
-15.45419979095459
13.753999710083008
-15.71679973602295
14.247200012207031
-15.979299545288086
14.740400314331055
-16.241899490356445
15.233599662780762
-16.5044002532959
15.726699829101562
-16.767000198364258
16.219900131225586
-17.029600143432617
16.71310043334961
-17.29210090637207
17.206300735473633
-17.55470085144043
17.699499130249023
-17.81719970703125
18.19260025024414
-18.07979965209961
