1.6889599561691284
1.6714999675750732
1.139050006866455
1.6319999694824219
0.5891439914703369
1.5924899578094482
0.03923559933900833
1.5529899597167969
-0.5106729865074158
1.5134799480438232
-1.0605800151824951
1.4739799499511719
-1.6104899644851685
1.4344700574874878
-2.160399913787842
1.3949700593948364
-2.7103099822998047
1.3554600477218628
-3.2602200508117676
1.3159600496292114
-3.810120105743408
1.2764500379562378
-4.360030174255371
1.2369500398635864
-4.909939765930176
1.1974400281906128
-5.459849834442139
1.1579400300979614
-6.009759902954102
1.11844003200531
-6.5596699714660645
1.0789300203323364
-7.109570026397705
1.039430022239685
-7.659480094909668
0.9999210238456726
-8.209389686584473
0.9604160189628601
-8.759300231933594
0.9209120273590088
-9.309209823608398
0.8814070224761963
-9.85912036895752
0.8419020175933838
-10.409000396728516
0.8023980259895325
-10.958900451660156
0.76289302110672
-11.50879955291748
0.7233880162239075
-12.058799743652344
0.6838840246200562
-12.608699798583984
0.6443790197372437
-13.158599853515625
0.6048740148544312
-13.708499908447266
0.5653690099716187
-14.258399963378906
0.5258650183677673
-14.808300018310547
0.48636001348495483
-15.358200073242188
0.44685500860214233
-15.908100128173828
0.40735098719596863
-16.45800018310547
0.3678460121154785
-17.00790023803711
0.328341007232666
-17.55780029296875
0.2888369858264923
-18.10770034790039
0.249331995844841
-18.657699584960938
0.2098270058631897
-19.207599639892578
0.1703220009803772
