-17.717199325561523
16.535499572753906
-17.213899612426758
16.282899856567383
-16.7106990814209
16.03019905090332
-16.207399368286133
15.77750015258789
-15.704099655151367
15.524900436401367
-15.200799942016602
15.272199630737305
-14.697600364685059
15.019499778747559
-14.194299697875977
14.766900062561035
-13.690999984741211
14.514200210571289
-13.187700271606445
14.26159954071045
-12.684499740600586
14.008899688720703
-12.18120002746582
13.756199836730957
-11.677900314331055
13.503600120544434
-11.174599647521973
13.250900268554688
-10.67140007019043
12.998200416564941
-10.168100357055664
12.745599746704102
-9.664819717407227
12.492899894714355
-9.16154956817627
12.24020004272461
-8.658269882202148
11.987600326538086
-8.154999732971191
11.73490047454834
-7.651730060577393
11.482199668884277
-7.148449897766113
11.229599952697754
-6.6451802253723145
10.976900100708008
-6.141900062561035
10.724300384521484
-5.638629913330078
10.471599578857422
-5.135359764099121
10.218899726867676
-4.632080078125
9.966259956359863
-4.128809928894043
9.713600158691406
-3.6255300045013428
9.46094036102295
-3.122260093688965
9.208270072937012
-2.618989944458008
8.955610275268555
-2.1157100200653076
8.702939987182617
-1.6124399900436401
8.45028018951416
-1.1091599464416504
8.197620391845703
-0.6058890223503113
7.944950103759766
-0.10261499881744385
7.69228982925415
0.4006589949131012
7.439620018005371
0.9039329886436462
7.186960220336914
1.4072099924087524
6.934299945831299
1.91048002243042
6.6816301345825195
2.413749933242798
6.428969860076904
2.917030096054077
6.176300048828125
3.420300006866455
5.92363977432251
3.9235799312591553
5.670979976654053
4.426849842071533
5.418310165405273
4.9301300048828125
5.165649890899658
5.4334001541137695
4.912980079650879
