7.400360107421875
13.146200180053711
7.584249973297119
12.620100021362305
7.768139839172363
12.094099998474121
7.952030181884766
11.567999839782715
8.135919570922852
11.041899681091309
8.319809913635254
10.515800476074219
8.503700256347656
9.98976993560791
8.687589645385742
9.463689804077148
8.871489524841309
8.937620162963867
9.055379867553711
8.411540031433105
9.239270210266113
7.885469913482666
9.4231595993042
7.359389781951904
9.607049942016602
6.833320140838623
9.790940284729004
6.307240009307861
9.97482967376709
5.781169891357422
10.158699989318848
5.255090236663818
10.342599868774414
4.729020118713379
10.52649974822998
4.202939987182617
10.710399627685547
3.676870107650757
10.89430046081543
3.150789976119995
11.078200340270996
2.6247200965881348
11.262100219726562
2.098639965057373
11.446000099182129
1.5725699663162231
11.629799842834473
1.046489953994751
11.813699722290039
0.5204179883003235
11.997599601745605
-0.0056571997702121735
12.181500434875488
-0.5317320227622986
12.365400314331055
-1.0578099489212036
12.549300193786621
-1.5838799476623535
12.733200073242188
-2.1099600791931152
12.917099952697754
-2.6360299587249756
13.10099983215332
-3.1621100902557373
13.284899711608887
-3.6881799697875977
13.468799591064453
-4.214260101318359
13.652600288391113
-4.740330219268799
13.83650016784668
-5.266409873962402
14.020400047302246
-5.792479991912842
14.204299926757812
-6.3185601234436035
14.388199806213379
-6.844629764556885
14.572099685668945
-7.3707098960876465
14.755999565124512
-7.896780014038086
14.939900398254395
-8.422860145568848
15.123800277709961
-8.948929786682129
15.307700157165527
-9.47500991821289
15.491600036621094
-10.001099586486816
15.675399780273438
-10.527199745178223
15.859299659729004
-11.053199768066406
16.04319953918457
-11.579299926757812
16.227100372314453
-12.105400085449219
16.410999298095703
-12.631500244140625
16.594900131225586
-13.157500267028809
