-4.922659873962402
11.199999809265137
-4.692870140075684
10.779000282287598
-4.463079929351807
10.35789966583252
-4.233290195465088
9.936880111694336
-4.003499984741211
9.515839576721191
-3.773710012435913
9.094799995422363
-3.5002200603485107
8.614609718322754
-3.2267398834228516
8.134420394897461
-2.9532599449157715
7.654220104217529
-2.6797800064086914
7.17402982711792
-2.4063000679016113
6.693840026855469
-2.132819890975952
6.213650226593018
-1.859339952468872
5.733459949493408
-1.585860013961792
5.253270149230957
-1.3123799562454224
4.773069858551025
-1.03889000415802
4.292880058288574
-0.7654139995574951
3.812690019607544
-0.4919329881668091
3.3324999809265137
-0.21845200657844543
2.8523099422454834
0.05502919852733612
2.372119903564453
0.32850998640060425
1.8919199705123901
0.6019909977912903
1.4117300510406494
0.8754720091819763
0.9315410256385803
1.1489499807357788
0.4513489902019501
1.4224300384521484
-0.02884260006248951
1.6959199905395508
-0.5090339779853821
1.9694000482559204
-0.9892259836196899
2.24288010597229
-1.4694199562072754
2.51636004447937
-1.9496099948883057
2.78983998298645
-2.429800033569336
3.0633199214935303
-2.909990072250366
3.3368000984191895
-3.3901801109313965
