6.136819839477539
16.19099998474121
5.596759796142578
16.203100204467773
5.0567097663879395
16.215200424194336
4.516660213470459
16.22719955444336
3.976599931716919
16.239299774169922
3.4365499019622803
16.251399993896484
2.8965001106262207
16.263500213623047
2.3564400672912598
16.27560043334961
1.816390037536621
16.287700653076172
1.2763400077819824
16.299800872802734
0.7362819910049438
16.311899185180664
0.1962279975414276
16.32390022277832
-0.34382501244544983
16.336000442504883
-0.8838779926300049
16.348100662231445
-1.423930048942566
16.360200881958008
-1.9639899730682373
16.372299194335938
-2.504040002822876
16.3843994140625
-3.0440900325775146
16.396499633789062
