-15.56760025024414
5.744329929351807
-15.00570011138916
5.796090126037598
-14.44379997253418
5.847839832305908
-13.881999969482422
5.899590015411377
-13.320099830627441
5.951350212097168
-12.758199691772461
6.0030999183654785
-12.19629955291748
6.0548601150512695
-11.634400367736816
6.10660982131958
-11.072500228881836
6.158370018005371
-10.510700225830078
6.21012020111084
-9.948780059814453
6.261879920959473
-9.386890411376953
6.313630104064941
-8.825010299682617
6.365389823913574
-8.263130187988281
6.417140007019043
-7.701240062713623
6.468890190124512
-7.139359951019287
6.5206499099731445
-6.577479839324951
6.572400093078613
-6.015590190887451
6.624159812927246
-5.453710079193115
6.675909996032715
-4.891819953918457
6.727670192718506
-4.329939842224121
6.779419898986816
-3.7680599689483643
6.831180095672607
-3.206170082092285
6.882929801940918
-2.644289970397949
6.934689998626709
-2.0824100971221924
6.986440181732178
-1.5205199718475342
7.038189888000488
-0.9586380124092102
7.089950084686279
-0.3967539966106415
7.14169979095459
0.16512900590896606
7.193459987640381
0.7270129919052124
7.24521017074585
1.2889000177383423
7.296969890594482
1.8507800102233887
7.348720073699951
2.4126598834991455
7.400479793548584
2.9745500087738037
7.452229976654053
3.5364298820495605
7.503990173339844
4.098320007324219
7.555739879608154
4.660200119018555
7.607490062713623
5.222080230712891
7.659249782562256
5.783969879150391
7.710999965667725
6.345849990844727
7.762760162353516
6.9077301025390625
7.814509868621826
7.469620227813721
7.866270065307617
8.031499862670898
7.918019771575928
8.593390464782715
7.969779968261719
9.155269622802734
8.021530151367188
9.71714973449707
8.073280334472656
10.279000282287598
8.125040054321289
10.840900421142578
8.176790237426758
11.402799606323242
8.22854995727539
11.964699745178223
8.28030014038086
12.526599884033203
8.332059860229492
13.088500022888184
8.383810043334961
13.650300025939941
8.435569763183594
14.212200164794922
8.487319946289062
14.774100303649902
8.539079666137695
15.336000442504883
8.590829849243164
15.897899627685547
8.642580032348633
16.459800720214844
8.694339752197266
17.0216007232666
8.746089935302734
17.583499908447266
8.797849655151367
18.14539909362793
8.849599838256836
18.707300186157227
8.901359558105469
19.26919937133789
8.953109741210938
