-2.9666900634765625
-17.566200256347656
-3.0890700817108154
-17.01420021057129
-3.211440086364746
-16.462099075317383
-3.333820104598999
-15.910099983215332
-3.4561901092529297
-15.358099937438965
-3.5785601139068604
-14.806099891662598
-3.700939893722534
-14.253999710083008
-3.823309898376465
-13.70199966430664
-3.9456899166107178
-13.149999618530273
-4.068059921264648
-12.597999572753906
-4.1904401779174805
-12.045900344848633
-4.312809944152832
-11.493900299072266
-4.435180187225342
-10.941900253295898
-4.557559967041016
-10.389900207519531
-4.679930210113525
-9.83784008026123
-4.802309989929199
-9.285820007324219
-4.924680233001709
-8.733790397644043
-5.047060012817383
-8.181770324707031
-5.169429779052734
-7.629749774932861
-5.291800022125244
-7.0777201652526855
-5.414179801940918
-6.525700092315674
-5.536550045013428
-5.973680019378662
-5.658929824829102
-5.421649932861328
-5.781300067901611
-4.869629859924316
-5.903669834136963
-4.317599773406982
-6.026050090789795
-3.76557993888855
-6.1484198570251465
-3.213560104370117
-6.2708001136779785
-2.661530017852783
-6.39316987991333
-2.1095099449157715
-6.515550136566162
-1.557479977607727
-6.637919902801514
-1.0054600238800049
-6.760290145874023
-0.4534359872341156
-6.882669925689697
0.09858810156583786
-7.005040168762207
0.6506119966506958
-7.127419948577881
1.2026400566101074
-7.249790191650391
1.7546600103378296
-7.372159957885742
2.3066799640655518
-7.494540214538574
2.8587100505828857
-7.616909980773926
3.4107298851013184
-7.739290237426758
3.9627599716186523
-7.861660003662109
4.514780044555664
-7.984039783477783
5.066800117492676
-8.106410026550293
5.61883020401001
-8.228779792785645
6.170849800109863
-8.351160049438477
6.722879886627197
-8.473529815673828
7.274899959564209
-8.59591007232666
7.826920032501221
-8.718279838562012
8.378950119018555
-8.840649604797363
8.930970191955566
-8.963029861450195
9.482990264892578
-9.085399627685547
10.03499984741211
-9.207779884338379
10.586999893188477
-9.33014965057373
11.139100074768066
-9.452529907226562
11.691100120544434
-9.574899673461914
12.2431001663208
-9.697270393371582
12.795100212097168
-9.819649696350098
13.347200393676758
-9.942020416259766
13.899200439453125
-10.064399719238281
14.451199531555176
