13.483599662780762
-19.27790069580078
12.9483003616333
-19.104999542236328
12.413000106811523
-18.932199478149414
11.877699851989746
-18.7593994140625
11.342399597167969
-18.58650016784668
10.807100296020508
-18.413700103759766
10.27180004119873
-18.24090003967285
9.73643970489502
-18.068099975585938
9.201129913330078
-17.895200729370117
8.665820121765137
-17.722400665283203
8.130499839782715
-17.54960060119629
7.595190048217773
-17.376699447631836
7.059879779815674
-17.203899383544922
6.524569988250732
-17.031099319458008
5.989250183105469
-16.858200073242188
5.453939914703369
-16.685400009155273
4.918630123138428
-16.51259994506836
4.383319854736328
-16.33970069885254
3.8480000495910645
-16.166900634765625
3.312690019607544
-15.994099617004395
2.7773799896240234
-15.82129955291748
2.242069959640503
-15.64840030670166
1.7067500352859497
-15.475600242614746
1.1714400053024292
-15.302800178527832
