-4.146629810333252
5.694640159606934
-3.6969799995422363
5.388519763946533
-3.2473299503326416
5.082409858703613
-2.797679901123047
4.776299953460693
-2.3480300903320312
4.470180034637451
-1.8983800411224365
4.164070129394531
-1.4487299919128418
3.8579599857330322
-0.9990789890289307
3.5518500804901123
-0.5494289994239807
3.245729923248291
-0.09977950155735016
2.939620018005371
0.3498699963092804
2.633510112762451
0.7995200157165527
2.327399969100952
1.249169945716858
2.02128005027771
1.6988199949264526
1.7151700258255005
2.148469924926758
1.409060001373291
2.5981199741363525
1.1029499769210815
