9.214509963989258
-15.362299919128418
9.342659950256348
-14.824700355529785
9.470809936523438
-14.287099838256836
9.598959922790527
-13.74940013885498
9.727109909057617
-13.211799621582031
9.855270385742188
-12.674200057983398
9.983420372009277
-12.136500358581543
10.111599922180176
-11.598899841308594
10.239700317382812
-11.061200141906738
10.367899894714355
-10.523599624633789
10.496000289916992
-9.985960006713867
10.624199867248535
-9.44832992553711
10.752300262451172
-8.910690307617188
10.880499839782715
-8.37304973602295
11.008600234985352
-7.835410118103027
11.136799812316895
-7.297770023345947
11.264900207519531
-6.760129928588867
11.393099784851074
-6.222499847412109
11.521200180053711
-5.6848602294921875
11.649399757385254
-5.147220134735107
11.77750015258789
-4.609580039978027
11.905699729919434
-4.071939945220947
12.033900260925293
-3.5343101024627686
12.161999702453613
-2.9966700077056885
12.290200233459473
-2.4590299129486084
12.418299674987793
-1.9213900566101074
12.546500205993652
-1.3837499618530273
12.674599647521973
-0.8461139798164368
12.802800178527832
-0.3084760010242462
12.930899620056152
0.2291630059480667
13.059100151062012
0.7668009996414185
13.187199592590332
1.3044400215148926
13.315400123596191
1.842079997062683
