19.142200469970703
8.870779991149902
19.080799102783203
8.309379577636719
19.01930046081543
7.747980117797852
18.95789909362793
7.186570167541504
18.896499633789062
6.6251702308654785
18.835100173950195
6.063769817352295
18.773700714111328
5.5023698806762695
18.712299346923828
4.940959930419922
18.65089988708496
4.3795599937438965
18.589399337768555
3.818160057067871
18.527999877929688
3.2567501068115234
18.46660041809082
2.695349931716919
18.40519905090332
2.1339499950408936
18.343799591064453
1.5725500583648682
18.282400131225586
1.011139988899231
18.22100067138672
0.44974198937416077
18.15959930419922
-0.11166100203990936
18.098100662231445
-0.6730639934539795
18.036699295043945
-1.234470009803772
17.975299835205078
-1.7958699464797974
17.91390037536621
-2.3572700023651123
17.852500915527344
-2.9186699390411377
17.791099548339844
-3.4800798892974854
17.729700088500977
-4.04148006439209
17.66819953918457
-4.602880001068115
17.606800079345703
-5.164279937744141
17.545400619506836
-5.725689888000488
17.483999252319336
-6.287089824676514
17.42259979248047
-6.848490238189697
17.3612003326416
-7.409900188446045
17.299800872802734
-7.97130012512207
17.238399505615234
-8.532699584960938
17.17690086364746
-9.094099998474121
17.11549949645996
-9.655509948730469
17.054100036621094
-10.216899871826172
16.992700576782227
-10.778300285339355
16.931299209594727
-11.339699745178223
16.86989974975586
-11.901100158691406
16.808500289916992
-12.462499618530273
16.746999740600586
-13.023900032043457
16.68560028076172
-13.58530044555664
16.62420082092285
-14.146699905395508
16.56279945373535
-14.708100318908691
16.501399993896484
-15.269499778747559
16.440000534057617
-15.830900192260742
16.378599166870117
-16.39229965209961
16.31719970703125
-16.953699111938477
16.255699157714844
-17.515100479125977
