-13.197600364685059
7.244589805603027
-12.78499984741211
6.862279891967773
-12.3725004196167
6.479959964752197
-11.95989990234375
6.097650051116943
-11.54740047454834
5.7153401374816895
-11.13479995727539
5.3330302238464355
-10.722299575805664
4.950719833374023
-10.309700012207031
4.5684099197387695
-9.897170066833496
4.186100006103516
-9.484620094299316
3.8037900924682617
-9.072059631347656
3.4214799404144287
-8.659509658813477
3.039170026779175
-8.246959686279297
2.6568500995635986
-7.834400177001953
2.2745399475097656
-7.421850204467773
1.8922300338745117
-7.0092902183532715
1.5099200010299683
-6.596739768981934
1.1276099681854248
-6.184189796447754
0.7452989816665649
-5.771629810333252
0.3629879951477051
-5.359079837799072
-0.01932300068438053
-4.94651985168457
-0.40163400769233704
-4.533969879150391
-0.7839450240135193
-4.121419906616211
-1.166260004043579
-3.708859920501709
-1.5485700368881226
-3.2963099479675293
-1.9308799505233765
-2.8837599754333496
-2.31318998336792
-2.4711999893188477
-2.695499897003174
-2.058650016784668
-3.077810049057007
-1.646090030670166
-3.4601199626922607
-1.2335400581359863
-3.8424301147460938
-0.8209869861602783
-4.224740028381348
-0.4084329903125763
-4.607059955596924
0.004120840225368738
-4.989369869232178
0.41667500138282776
-5.371679782867432
0.8292279839515686
-5.753990173339844
1.2417800426483154
-6.136300086975098
1.6543400287628174
-6.518610000610352
2.066890001296997
-6.9009199142456055
2.4794399738311768
-7.283229827880859
2.8919999599456787
-7.6655402183532715
3.3045499324798584
-8.047860145568848
3.7171099185943604
-8.430170059204102
4.129660129547119
-8.812479972839355
4.542210102081299
-9.19478988647461
4.954770088195801
-9.577099800109863
5.3673200607299805
-9.959409713745117
5.77987003326416
-10.341699600219727
6.192430019378662
-10.723999977111816
6.604979991912842
-11.106300354003906
7.017539978027344
-11.488699913024902
7.430089950561523
-11.871000289916992
7.842639923095703
-12.253299713134766
8.255200386047363
-12.635600090026855
8.667750358581543
-13.017900466918945
9.080300331115723
-13.400199890136719
9.492859840393066
-13.782500267028809
9.905409812927246
-14.164799690246582
10.317999839782715
-14.547100067138672
10.730500221252441
-14.929499626159668
11.143099784851074
-15.311800003051758
11.5556001663208
-15.694100379943848
11.968199729919434
-16.076400756835938
12.38070011138916
-16.45870018005371
12.793299674987793
-16.840999603271484
