18.263999938964844
-14.273500442504883
18.174400329589844
-13.73009967803955
18.084800720214844
-13.186599731445312
17.99519920349121
-12.643199920654297
17.90559959411621
-12.099699974060059
17.81599998474121
-11.556300163269043
17.72640037536621
-11.012900352478027
17.63680076599121
-10.469400405883789
17.547199249267578
-9.925990104675293
17.457599639892578
-9.382550239562988
17.367900848388672
-8.839110374450684
17.27829933166504
-8.295669555664062
17.18869972229004
-7.752230167388916
17.09910011291504
-7.208799839019775
17.00950050354004
-6.665359973907471
16.91990089416504
-6.121920108795166
16.830299377441406
-5.578479766845703
16.740699768066406
-5.035039901733398
16.651100158691406
-4.491600036621094
16.561500549316406
-3.94815993309021
16.471900939941406
-3.4047200679779053
16.382299423217773
-2.8612799644470215
16.292699813842773
-2.317840099334717
16.203100204467773
-1.774399995803833
16.113399505615234
-1.2309600114822388
16.023799896240234
-0.6875240206718445
15.934200286865234
-0.14408500492572784
15.844599723815918
0.3993540108203888
15.755000114440918
0.9427930116653442
15.665399551391602
1.4862300157546997
15.575799942016602
2.029670000076294
15.486200332641602
2.5731101036071777
15.396599769592285
3.1165499687194824
15.307000160217285
3.659990072250366
15.217399597167969
4.20343017578125
15.127799987792969
4.746870040893555
