13.0516996383667
-16.52280044555664
12.488300323486328
-16.544599533081055
11.92490005493164
-16.566299438476562
11.361499786376953
-16.58799934387207
10.798100471496582
-16.609800338745117
10.234700202941895
-16.631500244140625
9.67134952545166
-16.653200149536133
9.107959747314453
-16.67490005493164
8.544569969177246
-16.696699142456055
7.981190204620361
-16.718399047851562
7.417799949645996
-16.740100860595703
6.854410171508789
-16.761899948120117
6.291029930114746
-16.783599853515625
5.727640151977539
-16.805299758911133
5.164259910583496
-16.82699966430664
4.600870132446289
-16.848800659179688
4.037479877471924
-16.870500564575195
3.474100112915039
-16.892200469970703
2.910710096359253
-16.913999557495117
2.347320079803467
-16.935699462890625
1.7839399576187134
-16.957399368286133
1.2205499410629272
-16.97920036315918
0.6571630239486694
-17.000900268554688
0.0937763974070549
-17.022600173950195
-0.4696100056171417
-17.044300079345703
-1.0329999923706055
-17.066099166870117
-1.5963799953460693
-17.087799072265625
-2.1597700119018555
-17.109500885009766
-2.7231600284576416
-17.13129997253418
-3.2865400314331055
-17.152999877929688
-3.8499300479888916
-17.174699783325195
-4.413320064544678
-17.196399688720703
-4.9766998291015625
-17.21820068359375
-5.540090084075928
-17.239900588989258
-6.103479862213135
-17.261600494384766
-6.666860103607178
-17.28339958190918
-7.230249881744385
-17.305099487304688
-7.793630123138428
-17.326799392700195
-8.357020378112793
-17.348600387573242
-8.92041015625
-17.37030029296875
-9.483790397644043
-17.392000198364258
-10.047200202941895
-17.413700103759766
-10.610600471496582
-17.43549919128418
-11.173999786376953
-17.457199096679688
-11.737299919128418
-17.478900909423828
-12.300700187683105
-17.500699996948242
-12.864100456237793
-17.52239990234375
-13.427499771118164
-17.544099807739258
-13.990900039672852
-17.565799713134766
-14.554300308227539
-17.587600708007812
-15.11769962310791
-17.60930061340332
-15.680999755859375
-17.631000518798828
-16.244400024414062
-17.652799606323242
