-5.251739978790283
3.55292010307312
-4.895140171051025
3.116460084915161
-4.538539886474609
2.67999005317688
-4.181940078735352
2.243530035018921
-3.8253400325775146
1.807070016860962
-3.4687399864196777
1.370609998703003
-3.112139940261841
0.9341440200805664
-2.755539894104004
0.49768099188804626
-2.398940086364746
0.06121920049190521
-2.042340040206909
-0.37524300813674927
-1.6857399940490723
-0.8117049932479858
-1.3291399478912354
-1.248170018196106
-0.9725379943847656
-1.684630036354065
-0.6159380078315735
-2.1210899353027344
-0.25933700799942017
-2.5575499534606934
0.0972628965973854
-2.9940199851989746
0.4538629949092865
-3.4304800033569336
