-7.815979957580566
7.978370189666748
-7.266769886016846
7.963679790496826
-6.717569828033447
7.9489898681640625
-6.168369770050049
7.934309959411621
-5.619170188903809
7.919620037078857
-5.06997013092041
7.904930114746094
-4.520770072937012
7.89024019241333
-3.9715700149536133
7.875549793243408
-3.422369956970215
7.8608598709106445
-2.873159885406494
7.846169948577881
-2.323960065841675
7.8314900398254395
-1.7747600078582764
7.816800117492676
-1.225559949874878
7.802110195159912
-0.676360011100769
7.78741979598999
-0.1271589994430542
7.772729873657227
0.42204201221466064
7.758039951324463
0.9712439775466919
7.7433600425720215
1.5204399824142456
7.728670120239258
2.0696499347686768
7.713980197906494
2.618849992752075
7.699289798736572
3.1680500507354736
7.684599876403809
3.717250108718872
7.669909954071045
4.266449928283691
7.6552300453186035
4.81564998626709
7.64054012298584
5.364850044250488
7.625850200653076
5.914050102233887
7.611159801483154
6.463260173797607
7.596469879150391
7.012460231781006
7.581779956817627
7.561659812927246
7.567090034484863
8.110859870910645
7.552410125732422
8.660059928894043
7.537720203399658
9.209259986877441
7.523029804229736
9.75846004486084
7.508339881896973
10.307700157165527
7.493649959564209
