-1.8335700035095215
-1.072540044784546
-1.890779972076416
-0.5226600170135498
-1.9479899406433105
0.027217600494623184
-2.005199909210205
0.5770959854125977
-2.0624101161956787
1.1269700527191162
-2.1196200847625732
1.6768499612808228
-2.1768300533294678
2.2267301082611084
-2.2340500354766846
2.7766098976135254
-2.291260004043579
3.3264899253845215
-2.3484699726104736
3.8763599395751953
-2.405679941177368
4.426239967346191
-2.4628899097442627
4.9761199951171875
-2.5201001167297363
5.526000022888184
-2.577310085296631
6.07588005065918
-2.6345300674438477
6.6257500648498535
-2.691740036010742
7.17563009262085
-2.7489500045776367
7.725510120391846
-2.8061599731445312
8.275389671325684
-2.863369941711426
8.82526969909668
-2.9205799102783203
9.375140190124512
-2.977790117263794
9.925020217895508
-3.0350100994110107
10.474900245666504
-3.0922200679779053
11.024800300598145
-3.1494300365448
11.574700355529785
-3.2066400051116943
12.124500274658203
-3.263849973678589
12.674400329589844
