2.5051000118255615
-4.031859874725342
2.986560106277466
-3.752700090408325
3.468019962310791
-3.4735500812530518
3.949470043182373
-3.194390058517456
4.430930137634277
-2.9152400493621826
4.912390232086182
-2.636080026626587
5.3938398361206055
-2.356920003890991
5.87529993057251
-2.0777699947357178
6.356760025024414
-1.798609972000122
6.838210105895996
-1.5194599628448486
7.3196702003479
-1.2403000593185425
7.8011298179626465
-0.9611470103263855
8.28258991241455
-0.6819919943809509
8.764039993286133
-0.40283700823783875
9.245499610900879
-0.12368100136518478
9.726960182189941
0.1554740071296692
10.208399772644043
0.43463000655174255
10.689900398254395
0.7137849926948547
11.171299934387207
0.9929410219192505
11.652799606323242
1.2720999717712402
12.134200096130371
1.5512499809265137
12.615699768066406
1.8304100036621094
13.097200393676758
2.109560012817383
13.57859992980957
2.3887200355529785
14.060099601745605
2.667870044708252
14.541500091552734
2.9470300674438477
15.02299976348877
3.226180076599121
15.504400253295898
3.505340099334717
15.985899925231934
3.7844998836517334
16.46739959716797
4.063650131225586
16.94879913330078
4.342810153961182
17.430299758911133
4.621960163116455
