-8.475979804992676
-11.538999557495117
-8.379280090332031
-10.986800193786621
-8.282580375671387
-10.434700012207031
-8.185879707336426
-9.882490158081055
-8.089179992675781
-9.330320358276367
-7.9924798011779785
-8.778149604797363
-7.895780086517334
-8.225970268249512
-7.799079895019531
-7.673799991607666
-7.702380180358887
-7.121620178222656
-7.605690002441406
-6.5694499015808105
-7.5089898109436035
-6.017280101776123
-7.412290096282959
-5.465099811553955
-7.315589904785156
-4.912930011749268
-7.218890190124512
-4.360750198364258
-7.122189998626709
-3.808579921722412
-7.025489807128906
-3.2564098834991455
-6.928790092468262
-2.7042300701141357
-6.832099914550781
-2.152060031890869
-6.735400199890137
-1.5998799800872803
-6.638700008392334
-1.0477099418640137
-6.541999816894531
-0.4955359995365143
-6.445300102233887
0.05663840100169182
-6.348599910736084
0.6088119745254517
-6.2519001960754395
1.1609899997711182
-6.155200004577637
1.7131600379943848
-6.058509826660156
2.2653300762176514
-5.961810111999512
2.817509889602661
-5.865109920501709
3.3696799278259277
-5.7684102058410645
3.9218599796295166
-5.671710014343262
4.474030017852783
-5.575009822845459
5.026199817657471
-5.4783101081848145
5.578380107879639
-5.381609916687012
6.130549907684326
-5.2849202156066895
6.682730197906494
-5.188220024108887
7.234899997711182
-5.091519832611084
7.787069797515869
-4.9948201179504395
8.339249610900879
-4.898119926452637
8.891420364379883
-4.801420211791992
9.443599700927734
-4.7047200202941895
9.995770454406738
-4.608019828796387
10.547900199890137
-4.5113301277160645
11.100099563598633
-4.414629936218262
11.652299880981445
-4.317930221557617
12.204500198364258
-4.2212300300598145
12.756600379943848
-4.124529838562012
13.308799743652344
-4.027830123901367
13.861000061035156
-3.9311299324035645
14.413200378417969
-3.834429979324341
14.965299606323242
-3.7377400398254395
15.517499923706055
-3.641040086746216
16.069700241088867
-3.544339895248413
16.62190055847168
-3.4476399421691895
17.173999786376953
-3.350939989089966
17.726200103759766
-3.254240036010742
18.278400421142578
-3.1575400829315186
18.83060073852539
-3.060839891433716
19.382699966430664
