-15.926300048828125
-5.176799774169922
-15.435600280761719
-5.451419830322266
-14.944999694824219
-5.726029872894287
-14.454400062561035
-6.000639915466309
-13.963800430297852
-6.275259971618652
-13.473099708557129
-6.549870014190674
-12.982500076293945
-6.824480056762695
-12.491900444030762
-7.099100112915039
-12.001299858093262
-7.3737101554870605
-11.510600090026855
-7.648320198059082
-11.020000457763672
-7.922939777374268
-10.529399871826172
-8.197549819946289
-10.038800239562988
-8.472160339355469
-9.54811954498291
-8.746780395507812
-9.057499885559082
-9.021389961242676
-8.566869735717773
-9.295999526977539
-8.076239585876465
-9.570610046386719
-7.585619926452637
-9.845230102539062
-7.094989776611328
-10.119799613952637
-6.604360103607178
-10.394499778747559
-6.113729953765869
-10.669099807739258
-5.623109817504883
-10.943699836730957
-5.132480144500732
-11.218299865722656
-4.641849994659424
-11.492899894714355
-4.1512298583984375
-11.767499923706055
-3.660599946975708
-12.042099952697754
