-10.63010025024414
5.19074010848999
-10.131199836730957
4.940730094909668
-9.63224983215332
4.690730094909668
-9.133319854736328
4.440720081329346
-8.634389877319336
4.190720081329346
-8.135459899902344
3.9407100677490234
-7.636529922485352
3.6907100677490234
-7.137599945068359
3.440700054168701
-6.638669967651367
3.190700054168701
-6.139739990234375
2.940690040588379
-5.640810012817383
2.690690040588379
-5.141880035400391
2.4406800270080566
-4.642950057983398
2.1906800270080566
-4.144020080566406
1.9406700134277344
-3.645090103149414
1.6906700134277344
-3.1461598873138428
1.440659999847412
-2.6472299098968506
1.190659999847412
-2.1482999324798584
0.9406539797782898
-1.6493699550628662
0.6906489729881287
-1.150439977645874
0.4406439960002899
-0.6515079736709595
0.19063900411128998
-0.15257799625396729
-0.0593658983707428
0.3463520109653473
-0.3093709945678711
0.8452820181846619
-0.5593760013580322
1.3442100286483765
-0.8093810081481934
1.8431400060653687
-1.0593899488449097
2.3420701026916504
-1.3093899488449097
2.8410000801086426
-1.559399962425232
3.3399300575256348
-1.809399962425232
3.838860034942627
-2.0594000816345215
4.337790012359619
-2.3094100952148438
4.836719989776611
-2.5594100952148438
5.3356499671936035
-2.809420108795166
