0.4251289963722229
-8.664159774780273
0.4271340072154999
-8.109399795532227
0.42914000153541565
-7.554649829864502
0.4311459958553314
-6.999899864196777
0.4331510066986084
-6.445149898529053
0.43515700101852417
-5.890399932861328
0.43716201186180115
-5.3356499671936035
0.4391680061817169
-4.780900001525879
0.4411729872226715
-4.226150035858154
0.44317901134490967
-3.6714000701904297
0.44518500566482544
-3.116650104522705
0.44718998670578003
-2.5618999004364014
0.4491960108280182
-2.0071399211883545
0.4512009918689728
-1.4523899555206299
0.45320698618888855
-0.8976430296897888
0.4552119970321655
-0.34289199113845825
0.4572179913520813
0.21185900270938873
0.4592230021953583
0.7666100263595581
0.46122899651527405
1.3213599920272827
0.4632349908351898
1.8761099576950073
0.4652400016784668
2.4308600425720215
0.46724599599838257
2.985610008239746
0.46925100684165955
3.5403599739074707
0.4712570011615753
4.095119953155518
0.4732620120048523
4.649869918823242
0.47526800632476807
5.204619884490967
0.47727298736572266
5.759369850158691
0.4792790114879608
6.314119815826416
0.4812850058078766
6.868869781494141
0.4832899868488312
7.423620223999023
0.48529601097106934
7.978370189666748
0.4873009920120239
8.533120155334473
0.4893069863319397
9.087869644165039
0.4913119971752167
9.642620086669922
0.49331799149513245
10.197400093078613
0.4953230023384094
10.752099990844727
0.4973289966583252
11.306900024414062
0.49933499097824097
11.861599922180176
0.5013399720191956
12.416399955749512
0.5033460259437561
12.971099853515625
0.5053510069847107
13.525899887084961
0.5073570013046265
14.080599784851074
0.509361982345581
14.63539981842041
0.5113679766654968
15.190099716186523
0.5133739709854126
15.74489974975586
0.515379011631012
16.29960060119629
0.5173850059509277
16.854400634765625
0.5193899869918823
17.409099578857422
0.5213959813117981
17.963899612426758
0.5234010219573975
18.518600463867188
0.5254070162773132
19.073400497436523
0.5274119973182678
19.62809944152832
