-17.49959945678711
12.510299682617188
-17.081499099731445
12.14780044555664
-16.663400650024414
11.785400390625
-16.245399475097656
11.422900199890137
-15.827300071716309
11.060400009155273
-15.409199714660645
10.69789981842041
-14.99120044708252
10.335399627685547
-14.573100090026855
9.972949981689453
-14.154999732971191
9.610469818115234
-13.736900329589844
9.247989654541016
-13.318900108337402
8.885510444641113
-12.900799751281738
8.523019790649414
-12.48270034790039
8.160539627075195
-12.064599990844727
7.798059940338135
-11.646599769592285
7.435579776763916
-11.228500366210938
7.073090076446533
-10.810400009155273
6.7106099128723145
-10.392399787902832
6.348130226135254
-9.974289894104004
5.985650062561035
-9.556209564208984
5.623159885406494
-9.138139724731445
5.260680198669434
-8.720069885253906
4.898200035095215
-8.302000045776367
4.535719871520996
-7.883930206298828
4.173230171203613
