-2.6365599632263184
3.447129964828491
-2.3799400329589844
2.950900077819824
-2.1233201026916504
2.454669952392578
-1.8667000532150269
1.9584399461746216
-1.6100800037384033
1.4622199535369873
-1.3534599542617798
0.9659860134124756
-1.0968400239944458
0.46975699067115784
-0.8402180075645447
-0.0264723002910614
-0.5835980176925659
-0.5227010250091553
-0.32697799801826477
-1.0189299583435059
-0.07035750150680542
-1.5151599645614624
0.18626299500465393
-2.011389970779419
0.4428830146789551
-2.507620096206665
0.6995030045509338
-3.003849983215332
0.9561240077018738
-3.500080108642578
1.2127399444580078
-3.996309995651245
1.4693599939346313
-4.492539882659912
1.7259800434112549
-4.988759994506836
1.9825999736785889
-5.484990119934082
2.239229917526245
-5.98121976852417
2.495850086212158
-6.477449893951416
2.752470016479492
-6.973680019378662
3.009089946746826
-7.469910144805908
3.2657101154327393
-7.966139793395996
3.5223300457000732
-8.462369918823242
3.7789499759674072
-8.958600044250488
4.03557014465332
-9.454830169677734
4.292190074920654
-9.95106029510498
4.548810005187988
-10.44729995727539
4.805429935455322
-10.943499565124512
5.062049865722656
-11.43970012664795
5.31866979598999
-11.935999870300293
5.575290203094482
-12.43220043182373
5.831910133361816
-12.928400039672852
6.08853006362915
-13.424699783325195
6.345149993896484
-13.920900344848633
