4.233109951019287
11.440500259399414
4.748469829559326
11.214699745178223
5.263830184936523
10.988900184631348
5.77918004989624
10.763099670410156
6.294539928436279
10.537199974060059
6.809899806976318
10.311400413513184
7.325250148773193
10.085599899291992
7.840610027313232
9.859749794006348
8.35595989227295
9.633930206298828
8.871319770812988
9.408100128173828
9.386679649353027
9.182279586791992
9.902029991149902
8.956450462341309
10.417400360107422
8.730620384216309
10.932700157165527
8.504799842834473
11.448100090026855
8.278969764709473
11.963500022888184
8.053150177001953
12.478799819946289
7.827320098876953
12.994199752807617
7.601490020751953
13.509499549865723
7.375669956207275
14.024900436401367
7.149839878082275
14.540200233459473
6.924019813537598
15.0556001663208
6.698190212249756
15.571000099182129
6.472370147705078
16.086299896240234
6.246540069580078
16.601699829101562
6.020709991455078
17.117000579833984
5.7948899269104
17.632400512695312
5.5690598487854
18.1476993560791
5.343239784240723
18.66309928894043
5.117410182952881
19.178499221801758
4.891580104827881
19.69379997253418
4.665760040283203
