-9.091890335083008
2.6375598907470703
-9.634570121765137
2.561850070953369
-10.177300453186035
2.486140012741089
-10.719900131225586
2.4104299545288086
-11.26259994506836
2.3347198963165283
-11.805299758911133
2.259010076522827
-12.347999572753906
2.183300018310547
-12.890700340270996
2.1075899600982666
-13.433300018310547
2.0318799018859863
-13.97599983215332
1.9561699628829956
-14.518699645996094
1.8804700374603271
-15.061400413513184
1.8047599792480469
-15.604000091552734
1.7290500402450562
-16.146699905395508
1.6533399820327759
-16.68939971923828
1.5776300430297852
-17.232099533081055
1.5019199848175049
-17.774799346923828
1.4262100458145142
