-0.0806121975183487
13.173299789428711
-0.5954210162162781
13.369999885559082
-1.1102299690246582
13.566800117492676
-1.625040054321289
13.76360034942627
-2.139849901199341
13.960399627685547
-2.6546599864959717
14.157099723815918
-3.1694700717926025
14.353899955749512
-3.684269905090332
14.550700187683105
-4.199079990386963
14.7475004196167
-4.713890075683594
14.944299697875977
-5.228700160980225
15.140999794006348
-5.743509769439697
15.337800025939941
-6.258319854736328
15.534600257873535
-6.773129940032959
15.731399536132812
-7.28794002532959
15.928199768066406
-7.802750110626221
16.124900817871094
-8.317560195922852
16.321699142456055
-8.83236026763916
16.51849937438965
-9.347169876098633
16.715299606323242
-9.861980438232422
16.912099838256836
-10.376799583435059
17.108800888061523
-10.891599655151367
17.305599212646484
-11.406399726867676
17.502399444580078
-11.921199798583984
17.699199676513672
-12.435999870300293
17.895999908447266
-12.950799942016602
18.09269905090332
-13.46560001373291
18.289499282836914
-13.980500221252441
18.486299514770508
-14.49530029296875
18.6830997467041
-15.010100364685059
18.879899978637695
-15.524900436401367
19.07659912109375
-16.03969955444336
19.273399353027344
