-6.124959945678711
11.059100151062012
-6.418300151824951
10.590700149536133
-6.711639881134033
10.122300148010254
-7.004980087280273
9.653829574584961
-7.298329830169678
9.185400009155273
-7.591670036315918
8.716959953308105
-7.885009765625
8.248519897460938
-8.178350448608398
7.7800798416137695
-8.47169017791748
7.311639785766602
-8.765029907226562
6.843200206756592
-9.058380126953125
6.374770164489746
-9.351719856262207
5.906330108642578
-9.645059585571289
5.43789005279541
-9.938400268554688
4.969449996948242
-10.23169994354248
4.501009941101074
-10.525099754333496
4.0325798988342285
-10.818400382995605
3.5641400814056396
-11.111800193786621
3.0957000255584717
-11.405099868774414
2.6272599697113037
-11.69849967956543
2.1588199138641357
-11.991800308227539
1.6903799772262573
-12.285099983215332
1.2219500541687012
-12.578499794006348
0.7535079717636108
-12.871800422668457
0.28507000207901
-13.165200233459473
-0.1833689957857132
-13.458499908447266
-0.6518070101737976
-13.751799583435059
-1.1202399730682373
