0.3464600145816803
12.700400352478027
0.5158839821815491
12.178199768066406
0.6853079795837402
11.655900001525879
0.8547319769859314
11.133700370788574
1.0241600275039673
10.611499786376953
1.1935800313949585
10.089200019836426
1.3630000352859497
9.566969871520996
1.5324300527572632
9.044730186462402
1.7018500566482544
8.522489547729492
1.8712799549102783
8.000240325927734
2.0406999588012695
7.478000164031982
2.2101199626922607
6.9557600021362305
2.379549980163574
6.433509826660156
2.5489699840545654
5.9112701416015625
2.7183899879455566
5.3890299797058105
2.88782000541687
4.866779804229736
3.0572400093078613
4.344540119171143
3.226670026779175
3.8222999572753906
3.396090030670166
3.3000600337982178
3.5655100345611572
2.7778100967407227
3.7349400520324707
2.2555699348449707
3.904360055923462
1.7333300113677979
4.073790073394775
1.2110799551010132
4.2432098388671875
0.6888399720191956
4.412630081176758
0.16659599542617798
4.582059860229492
-0.3556469976902008
4.7514801025390625
-0.8778899908065796
4.920909881591797
-1.400130033493042
5.090330123901367
-1.922379970550537
5.259749889373779
-2.44461989402771
5.429180145263672
-2.966860055923462
5.598599910736084
-3.489109992980957
5.768020153045654
-4.011350154876709
