2.1651999950408936
14.527799606323242
2.248539924621582
13.991499900817871
2.331890106201172
13.4552001953125
2.4152400493621826
12.918800354003906
2.498579978942871
12.382499694824219
2.581929922103882
11.846199989318848
2.6652700901031494
11.309900283813477
2.74862003326416
10.773599624633789
2.8319599628448486
10.237199783325195
2.9153099060058594
9.700909614562988
2.998650074005127
9.164589881896973
3.0820000171661377
8.628270149230957
3.165339946746826
8.091950416564941
3.248689889907837
7.555630207061768
3.3320400714874268
7.019309997558594
3.4153800010681152
6.48298978805542
3.498729944229126
5.946670055389404
3.5820701122283936
5.410339832305908
3.6654200553894043
4.874020099639893
