-9.276820182800293
-7.291709899902344
-8.822349548339844
-6.995009899139404
-8.367870330810547
-6.698309898376465
-7.913400173187256
-6.401609897613525
-7.458920001983643
-6.104909896850586
-7.004449844360352
-5.8082098960876465
-6.5499701499938965
-5.511509895324707
-6.0954999923706055
-5.214809894561768
-5.641019821166992
-4.918099880218506
-5.186550140380859
-4.621399879455566
-4.732069969177246
-4.324699878692627
-4.277599811553955
-4.0279998779296875
-3.8231201171875
-3.731300115585327
-3.368649959564209
-3.4346001148223877
-2.914170026779175
-3.1379001140594482
-2.459700107574463
-2.841200113296509
-2.0052199363708496
-2.5445001125335693
-1.5507500171661377
-2.24780011177063
-1.096269965171814
-1.9510999917984009
-0.6417989730834961
-1.6543999910354614
-0.18732400238513947
-1.357699990272522
0.26715099811553955
-1.0609999895095825
0.7216259837150574
-0.7642989754676819
1.1761000156402588
-0.4675990045070648
1.630579948425293
-0.17089800536632538
