-17.931400299072266
-16.32390022277832
-17.40920066833496
-16.140499114990234
-16.887100219726562
-15.957099914550781
-16.364999771118164
-15.773699760437012
-15.84280014038086
-15.590299606323242
-15.320699691772461
-15.406900405883789
-14.798600196838379
-15.22350025177002
-14.276399612426758
-15.04010009765625
-13.754300117492676
-14.85669994354248
-13.232099533081055
-14.673299789428711
-12.710000038146973
-14.489800453186035
-12.187899589538574
-14.306400299072266
-11.66569995880127
-14.123000144958496
-11.143600463867188
-13.939599990844727
-10.621500015258789
-13.756199836730957
-10.099300384521484
-13.572799682617188
-9.577190399169922
-13.389399528503418
-9.055049896240234
-13.206000328063965
-8.532910346984863
-13.022600173950195
-8.010780334472656
-12.839200019836426
-7.488639831542969
-12.655699729919434
-6.966509819030762
-12.472299575805664
-6.444369792938232
-12.288900375366211
-5.922229766845703
-12.105500221252441
-5.400100231170654
-11.922100067138672
-4.877960205078125
-11.738699913024902
-4.355820178985596
-11.555299758911133
-3.8336899280548096
-11.371899604797363
-3.3115499019622803
-11.18850040435791
-2.78941011428833
-11.00510025024414
-2.267280101776123
-10.821599960327148
-1.7451399564743042
-10.638199806213379
-1.2230099439620972
-10.45479965209961
-0.7008690237998962
-10.271400451660156
-0.1787319928407669
-10.088000297546387
0.34340399503707886
-9.904600143432617
0.8655409812927246
-9.721190452575684
1.3876800537109375
-9.537779808044434
1.909809947013855
-9.3543701171875
2.431950092315674
-9.170960426330566
2.954090118408203
-8.987549781799316
3.476219892501831
-8.804140090942383
3.9983599185943604
-8.62073040008545
4.520500183105469
-8.4373197555542
5.042630195617676
-8.253910064697266
5.564770221710205
-8.070500373840332
6.086900234222412
-7.88709020614624
