14.304800033569336
-12.044099807739258
13.835100173950195
-11.742199897766113
13.365300178527832
-11.440299987792969
12.895600318908691
-11.138400077819824
12.42590045928955
-10.836600303649902
11.956199645996094
-10.534700393676758
11.48639965057373
-10.232799530029297
11.01669979095459
-9.930910110473633
10.54699993133545
-9.629030227661133
10.077300071716309
-9.327150344848633
9.607540130615234
-9.025270462036133
9.137809753417969
-8.723389625549316
8.668089866638184
-8.421500205993652
8.198360443115234
-8.119620323181152
7.728640079498291
-7.817739963531494
7.258910179138184
-7.515860080718994
6.78918981552124
-7.213980197906494
6.319459915161133
-6.912099838256836
5.849740028381348
-6.610209941864014
5.38001012802124
-6.308330059051514
4.910280227661133
-6.006450176239014
4.4405598640441895
-5.7045698165893555
3.970829963684082
-5.4026899337768555
3.501110076904297
-5.1008100509643555
3.0313799381256104
-4.7989301681518555
2.561660051345825
-4.497039794921875
2.0919299125671387
-4.195159912109375
1.6222100257873535
-3.893280029296875
1.1524800062179565
-3.591399908065796
0.6827549934387207
-3.289520025253296
0.21302999556064606
-2.987639904022217
-0.2566959857940674
-2.685760021209717
-0.7264209985733032
-2.3838698863983154
-1.1961499452590942
-2.0819900035858154
-1.665869951248169
-1.7801100015640259
-2.1356000900268555
-1.4782299995422363
-2.6053199768066406
-1.1763499975204468
-3.075050115585327
-0.8744670152664185
-3.5447700023651123
-0.5725849866867065
-4.014500141143799
-0.2707040011882782
-4.484230041503906
0.031177900731563568
-4.953949928283691
0.33305901288986206
-5.423679828643799
0.6349409818649292
-5.893400192260742
0.9368219971656799
-6.36313009262085
1.238700032234192
-6.832849979400635
1.5405900478363037
-7.302579879760742
1.8424700498580933
-7.772299766540527
2.144350051879883
-8.242030143737793
2.446229934692383
-8.711750030517578
2.748110055923462
-9.181480407714844
3.049989938735962
-9.651209831237793
3.351870059967041
-10.12090015411377
3.6537599563598633
-10.590700149536133
3.9556400775909424
-11.060400009155273
4.2575201988220215
