16.83930015563965
5.592840194702148
16.355600357055664
5.305230140686035
15.871899604797363
5.017620086669922
15.388199806213379
4.730010032653809
14.904500007629395
4.442399978637695
14.42080020904541
4.154799938201904
13.937100410461426
3.867189884185791
13.453399658203125
3.579580068588257
12.96969985961914
3.2919700145721436
12.486000061035156
3.0043599605560303
12.002300262451172
2.716749906539917
11.518600463867188
2.429140090942383
11.034899711608887
2.1415300369262695
10.551199913024902
1.8539199829101562
10.067500114440918
1.5663100481033325
9.583829879760742
1.2786999940872192
9.100130081176758
0.9910920262336731
8.616430282592773
0.703482985496521
8.132729530334473
0.4158729910850525
7.6490302085876465
0.12826399505138397
7.165329933166504
-0.15934599936008453
6.681640148162842
-0.44695499539375305
6.197939872741699
-0.7345640063285828
5.714240074157715
-1.0221699476242065
5.230539798736572
-1.3097800016403198
4.746840000152588
-1.597390055656433
4.2631402015686035
-1.8849999904632568
3.779439926147461
-2.17261004447937
3.2957499027252197
-2.4602200984954834
2.8120501041412354
-2.7478299140930176
2.328350067138672
-3.035439968109131
1.8446500301361084
-3.323050022125244
1.360949993133545
-3.6106600761413574
0.8772510290145874
-3.8982698917388916
0.3935529887676239
-4.185880184173584
-0.09014599770307541
-4.473490238189697
-0.5738450288772583
-4.761099815368652
-1.0575400590896606
-5.048709869384766
-1.5412399768829346
-5.336309909820557
-2.024940013885498
-5.62391996383667
-2.5086400508880615
-5.911530017852783
-2.992340087890625
-6.1991400718688965
-3.4760398864746094
-6.48675012588501
-3.959739923477173
-6.774360179901123
-4.443429946899414
-7.061970233917236
-4.927130222320557
-7.349579811096191
-5.410830020904541
-7.637189865112305
-5.894529819488525
-7.924799919128418
-6.378230094909668
-8.212409973144531
-6.861929893493652
-8.500020027160645
-7.345630168914795
-8.787630081176758
-7.829329967498779
-9.075240135192871
-8.313019752502441
-9.362850189208984
-8.796719551086426
-9.650460243225098
-9.280420303344727
-9.93805980682373
-9.764120101928711
-10.225700378417969
-10.24779987335205
-10.513299942016602
-10.731499671936035
-10.80090045928955
-11.215200424194336
-11.088500022888184
-11.69890022277832
-11.376099586486816
-12.182600021362305
-11.663700103759766
-12.666299819946289
-11.951299667358398
