16.27829933166504
6.136119842529297
15.755900382995605
6.328849792480469
15.233599662780762
6.521590232849121
14.711299896240234
6.714320182800293
14.188899993896484
6.907060146331787
13.666600227355957
7.099790096282959
13.14430046081543
7.292530059814453
12.621999740600586
7.485260009765625
12.099599838256836
7.677999973297119
11.577300071716309
7.870739936828613
11.055000305175781
8.063469886779785
10.532699584960938
8.256210327148438
10.010299682617188
8.44894027709961
9.48799991607666
8.641679763793945
8.965669631958008
8.834409713745117
8.443340301513672
9.02715015411377
7.9210100173950195
9.219880104064941
7.398680210113525
9.412619590759277
6.876359939575195
9.60536003112793
6.354030132293701
9.798089981079102
5.831699848175049
9.990830421447754
5.309370040893555
10.183600425720215
4.7870402336120605
10.376299858093262
4.2647199630737305
10.569000244140625
3.7423899173736572
10.761799812316895
3.220060110092163
10.954500198364258
2.69773006439209
11.147199630737305
2.175410032272339
11.34000015258789
1.6530799865722656
11.532699584960938
1.1307499408721924
11.7253999710083
0.6084210276603699
11.91819953918457
0.08609350025653839
12.110899925231934
-0.4362339973449707
12.30370044708252
-0.9585620164871216
12.496399879455566
-1.4808900356292725
12.68910026550293
-2.0032200813293457
12.8818998336792
-2.52554988861084
13.074600219726562
-3.047869920730591
13.26729965209961
-3.570199966430664
13.460100173950195
-4.092529773712158
13.652799606323242
-4.6148600578308105
13.845499992370605
-5.137189865112305
14.038299560546875
-5.659510135650635
14.230999946594238
-6.181839942932129
14.423700332641602
-6.704170227050781
14.616499900817871
-7.226500034332275
14.809200286865234
-7.7488298416137695
15.001999855041504
-8.271149635314941
15.194700241088867
-8.793479919433594
15.387399673461914
-9.315810203552246
15.5802001953125
-9.838139533996582
15.772899627685547
-10.36050033569336
15.96560001373291
