-1.1002600193023682
-7.6941399574279785
-0.8181750178337097
-7.211589813232422
-0.5360860228538513
-6.729030132293701
-0.2539980113506317
-6.2464799880981445
0.028090700507164
-5.763929843902588
0.3101789951324463
-5.2813801765441895
0.5922679901123047
-4.7988200187683105
0.8743559718132019
-4.316269874572754
1.156440019607544
-3.8337199687957764
1.4385299682617188
-3.351170063018799
1.720620036125183
-2.86860990524292
2.0027101039886475
-2.3860599994659424
2.2848000526428223
-1.9035099744796753
2.566890001296997
-1.4209599494934082
2.848979949951172
-0.9384049773216248
3.1310598850250244
-0.4558529853820801
3.4131500720977783
0.026699800044298172
3.695240020751953
0.5092520117759705
3.977329969406128
0.9918050169944763
4.259419918060303
1.4743599891662598
4.541510105133057
1.9569100141525269
