-5.583779811859131
-4.533349990844727
-5.921629905700684
-4.0925798416137695
-6.259469985961914
-3.651819944381714
-6.597320079803467
-3.211060047149658
-6.9351701736450195
-2.770289897918701
-7.273019790649414
-2.3295300006866455
-7.610869884490967
-1.8887699842453003
-7.948709964752197
-1.4479999542236328
-8.28656005859375
-1.0072400569915771
-8.624409675598145
-0.566474974155426
-8.962260246276855
-0.12571099400520325
-9.30010986328125
0.31505298614501953
-9.63794994354248
0.7558159828186035
-9.975799560546875
1.1965800523757935
-10.313699722290039
1.6373399496078491
-10.65149974822998
2.0781099796295166
-10.989299774169922
2.5188701152801514
-11.327199935913086
2.959630012512207
-11.664999961853027
3.400399923324585
-12.002900123596191
3.8411600589752197
-12.340700149536133
4.281929969787598
-12.678600311279297
4.722690105438232
-13.016400337219238
5.163449764251709
-13.354299545288086
5.604219913482666
-13.692099571228027
6.044980049133301
-14.029999732971191
6.4857401847839355
-14.367799758911133
6.926509857177734
-14.705699920654297
7.367269992828369
-15.043499946594238
7.808030128479004
-15.381400108337402
8.248800277709961
-15.719200134277344
8.689559936523438
-16.057100296020508
9.130319595336914
-16.394899368286133
9.571089744567871
-16.732799530029297
10.011899948120117
-17.070600509643555
10.45259952545166
