-14.578900337219238
-1.5458500385284424
-14.328900337219238
-1.0531500577926636
-14.079000473022461
-0.5604529976844788
-13.829000473022461
-0.06775529682636261
-13.579000473022461
0.4249419867992401
-13.329099655151367
0.9176390171051025
-13.079099655151367
1.4103399515151978
-12.82919979095459
1.9030300378799438
-12.57919979095459
2.3957300186157227
-12.329299926757812
2.888430118560791
-12.079299926757812
3.3811299800872803
-11.829299926757812
3.8738200664520264
-11.579400062561035
4.366519927978516
-11.329400062561035
4.859220027923584
-11.079500198364258
5.35191011428833
-10.829500198364258
5.844610214233398
-10.579500198364258
6.337309837341309
-10.32960033416748
6.830009937286377
-10.07960033416748
7.322700023651123
-9.829669952392578
7.815400123596191
-9.579719543457031
8.308099746704102
-9.32975959777832
8.800789833068848
-9.07979965209961
9.293490409851074
-8.829839706420898
9.786190032958984
-8.579879760742188
10.278900146484375
-8.329919815063477
10.771599769592285
-8.079970359802246
11.264300346374512
-7.830009937286377
11.756999969482422
-7.580049991607666
12.249699592590332
-7.330090045928955
12.742400169372559
-7.080130100250244
13.235099792480469
-6.830170154571533
13.727800369262695
-6.5802202224731445
14.220499992370605
-6.330259799957275
14.713199615478516
-6.0802998542785645
15.205900192260742
-5.8303399085998535
15.698599815368652
