-4.938320159912109
6.564909934997559
-5.490479946136475
6.461090087890625
-6.042640209197998
6.357269763946533
-6.594789981842041
6.2534499168396
-7.146949768066406
6.149630069732666
-7.69911003112793
6.045810222625732
-8.251270294189453
5.941989898681641
-8.80342960357666
5.838170051574707
-9.355589866638184
5.734350204467773
-9.907750129699707
5.630529880523682
-10.45989990234375
5.526710033416748
-11.012100219726562
5.4228901863098145
-11.564200401306152
5.319069862365723
-12.116399765014648
5.215260028839111
-12.668499946594238
5.111440181732178
-13.22070026397705
5.007619857788086
-13.772899627685547
4.903800010681152
-14.324999809265137
4.799980163574219
-14.87720012664795
4.696159839630127
-15.429300308227539
4.592339992523193
-15.981499671936035
4.48852014541626
-16.533700942993164
4.384699821472168
-17.085800170898438
4.280879974365234
-17.63800048828125
4.177060127258301
-18.190099716186523
4.073239803314209
-18.742300033569336
3.9694199562072754
-19.29450035095215
3.865600109100342
-19.846599578857422
3.761780023574829
