-15.557000160217285
1.0602600574493408
-15.671500205993652
0.5071200132369995
-15.78600025177002
-0.04602399840950966
-15.900500297546387
-0.5991680026054382
-16.014999389648438
-1.1523100137710571
-16.129499435424805
-1.7054599523544312
-16.243999481201172
-2.2585999965667725
-16.35849952697754
-2.8117499351501465
-16.472999572753906
-3.3648900985717773
-16.587600708007812
-3.918030023574829
-16.70210075378418
-4.471179962158203
-16.816600799560547
-5.024320125579834
-16.931100845336914
-5.577469825744629
-17.04560089111328
-6.13060998916626
-17.16010093688965
-6.683760166168213
-17.274599075317383
-7.2368998527526855
-17.38909912109375
-7.790040016174316
-17.503599166870117
-8.34319019317627
-17.618099212646484
-8.896329879760742
-17.73259925842285
-9.449480056762695
-17.84709930419922
-10.002599716186523
-17.961599349975586
-10.555800437927246
-18.076099395751953
-11.10890007019043
-18.19059944152832
-11.662099838256836
-18.305200576782227
-12.215200424194336
-18.419700622558594
-12.76830005645752
-18.53420066833496
-13.321499824523926
-18.648700714111328
-13.874600410461426
-18.763200759887695
-14.427800178527832
-18.877700805664062
-14.980899810791016
-18.99220085144043
-15.534099578857422
-19.106700897216797
-16.087200164794922
-19.221200942993164
-16.640399932861328
-19.3356990814209
-17.193500518798828
-19.450199127197266
-17.746599197387695
-19.564699172973633
-18.299800872802734
-19.67919921875
-18.8528995513916
-19.793699264526367
-19.406099319458008
