-10.453499794006348
-4.454500198364258
-9.904930114746094
-4.350520133972168
-9.356340408325195
-4.246540069580078
-8.807760238647461
-4.142560005187988
-8.259169578552246
-4.038579940795898
-7.710579872131348
-3.9346001148223877
-7.1620001792907715
-3.830620050430298
-6.613409996032715
-3.726639986038208
-6.064819812774658
-3.622659921646118
-5.51623010635376
-3.5186800956726074
-4.967649936676025
-3.4147000312805176
-4.419060230255127
-3.31072998046875
-3.8704700469970703
-3.20674991607666
-3.321890115737915
-3.1027700901031494
-2.7732999324798584
-2.9987900257110596
-2.224709987640381
-2.8948099613189697
-1.6761200428009033
-2.79082989692688
-1.1275399923324585
-2.686850070953369
-0.5789510011672974
-2.5828700065612793
-0.030363500118255615
-2.4788899421691895
0.5182240009307861
-2.3749101161956787
1.0668100118637085
-2.270930051803589
1.615399956703186
-2.166949987411499
2.163980007171631
-2.062969923019409
2.7125699520111084
-1.9589899778366089
3.261159896850586
-1.8550100326538086
3.8097500801086426
-1.7510299682617188
4.358329772949219
-1.6470500230789185
4.906919956207275
-1.5430699586868286
5.455510139465332
-1.4390900135040283
6.004089832305908
-1.3351099491119385
6.552680015563965
-1.2311400175094604
7.1012701988220215
-1.1271599531173706
7.64985990524292
-1.0231800079345703
8.198439598083496
-0.9191970229148865
8.747030258178711
-0.8152179718017578
9.29561996459961
-0.7112380266189575
9.844200134277344
-0.6072589755058289
10.392800331115723
-0.5032789707183838
10.941399574279785
-0.3993000090122223
11.489999771118164
-0.2953200042247772
12.038599967956543
-0.19134099781513214
12.5871000289917
-0.08736129850149155
13.135700225830078
0.01661819964647293
13.684300422668457
0.12059800326824188
14.23289966583252
0.22457699477672577
14.781499862670898
0.32855701446533203
15.330100059509277
0.4325360059738159
15.878700256347656
0.536516010761261
16.42729949951172
0.6404950022697449
16.975799560546875
0.7444739937782288
17.52440071105957
0.8484539985656738
18.072999954223633
0.9524329900741577
18.621599197387695
1.0564099550247192
19.17020034790039
1.160390019416809
19.718799591064453
1.2643699645996094
