-12.355500221252441
-1.3396799564361572
-11.940699577331543
-0.9726110100746155
-11.525899887084961
-0.6055409908294678
-11.111000061035156
-0.23847199976444244
-10.696200370788574
0.12859700620174408
-10.281399726867676
0.4956659972667694
-9.866600036621094
0.8627349734306335
-9.451780319213867
1.2297999858856201
-9.036970138549805
1.596869945526123
-8.622150421142578
1.9639400243759155
-8.207340240478516
2.331010103225708
-7.792530059814453
2.698080062866211
-7.377709865570068
3.065150022506714
-6.962900161743164
3.432219982147217
-6.548079967498779
3.7992899417877197
-6.133269786834717
4.166359901428223
-5.7184600830078125
4.533430099487305
