-1.179919958114624
-10.027600288391113
-0.9577569961547852
-9.532010078430176
-0.7355920076370239
-9.036450386047363
-0.5134279727935791
-8.540900230407715
-0.29126301407814026
-8.045339584350586
-0.06909789890050888
-7.549789905548096
0.1530669927597046
-7.0542402267456055
0.3752320110797882
-6.558680057525635
0.5973970293998718
-6.063129901885986
0.8195620179176331
-5.567570209503174
1.0417300462722778
-5.072020053863525
1.263890027999878
-4.576459884643555
1.4860600233078003
-4.0809102058410645
1.7082200050354004
-3.585360050201416
1.9303900003433228
-3.0897998809814453
2.152549982070923
-2.594249963760376
2.3747200965881348
-2.0986900329589844
2.5968799591064453
-1.6031399965286255
2.8190500736236572
-1.1075899600982666
3.0412099361419678
-0.6120309829711914
3.2633700370788574
-0.11647699773311615
3.4855399131774902
0.3790780007839203
3.70770001411438
0.8746320009231567
