-0.7159979939460754
14.54170036315918
-1.2738399505615234
14.602499961853027
-1.8316800594329834
14.663299560546875
-2.3895199298858643
14.724200248718262
-2.947350025177002
14.78499984741211
-3.505189895629883
14.845800399780273
-4.063029766082764
14.906599998474121
-4.620870113372803
14.967399597167969
-5.178709983825684
15.028200149536133
-5.7365498542785645
15.08899974822998
-6.2943902015686035
15.149800300598145
-6.852230072021484
15.210599899291992
-7.410069942474365
15.271400451660156
-7.967909812927246
15.332200050354004
-8.525750160217285
15.392999649047852
-9.083580017089844
15.453800201416016
-9.641420364379883
15.514699935913086
-10.199299812316895
15.575499534606934
-10.757100105285645
15.636300086975098
-11.314900398254395
15.697099685668945
-11.87279987335205
15.75790023803711
-12.4306001663208
15.818699836730957
-12.988499641418457
15.879500389099121
-13.546299934387207
15.940299987792969
-14.104100227355957
16.001100540161133
-14.661999702453613
16.061899185180664
