-15.70419979095459
14.435500144958496
-15.154000282287598
14.53950023651123
-14.603899955749512
14.643600463867188
-14.05370044708252
14.747599601745605
-13.503499984741211
14.851699829101562
-12.953399658203125
14.95580005645752
-12.403200149536133
15.059800148010254
-11.853099822998047
15.163900375366211
-11.302900314331055
15.267900466918945
-10.752699851989746
15.371999740600586
-10.20259952545166
15.476099967956543
-9.652409553527832
15.580100059509277
-9.102239608764648
15.684200286865234
-8.552080154418945
15.788200378417969
-8.001919746398926
15.89229965209961
-7.4517598152160645
15.996299743652344
-6.901599884033203
16.100400924682617
-6.351439952850342
16.204500198364258
-5.8012800216674805
16.308500289916992
-5.251110076904297
16.412599563598633
-4.7009501457214355
16.516599655151367
-4.150790214538574
16.62070083618164
-3.600630044937134
16.72480010986328
-3.0504701137542725
16.828800201416016
-2.500309944152832
16.932899475097656
-1.9501399993896484
17.03689956665039
-1.3999799489974976
17.141000747680664
-0.8498209714889526
17.2450008392334
-0.29965901374816895
17.34910011291504
0.25050199031829834
17.45319938659668
0.8006640076637268
17.557199478149414
1.3508299589157104
17.661300659179688
1.9009900093078613
17.765300750732422
2.4511499404907227
17.869400024414062
3.001310110092163
17.973499298095703
