15.247099876403809
1.6446199417114258
14.763500213623047
1.3627099990844727
14.279899597167969
1.0808099508285522
13.796299934387207
0.7989109754562378
13.312800407409668
0.517009973526001
12.82919979095459
0.23510900139808655
12.345600128173828
-0.046792298555374146
11.862000465393066
-0.3286939859390259
11.378399848937988
-0.6105949878692627
10.89490032196045
-0.8924959897994995
10.411299705505371
-1.174399971961975
9.927689552307129
-1.4563000202178955
9.444109916687012
-1.7381999492645264
8.960530281066895
-2.0201001167297363
8.476949691772461
-2.302000045776367
7.993370056152344
-2.583899974822998
7.509789943695068
-2.865799903869629
7.026199817657471
-3.147710084915161
6.5426201820373535
-3.429610013961792
6.059040069580078
-3.711509943008423
5.575459957122803
-3.993410110473633
5.091879844665527
-4.275310039520264
4.60830020904541
-4.5572099685668945
4.124720096588135
-4.839109897613525
3.6411399841308594
-5.121009826660156
3.157560110092163
-5.402919769287109
2.6739799976348877
-5.684820175170898
2.190390110015869
-5.966720104217529
1.7068099975585938
-6.24862003326416
1.223230004310608
-6.530519962310791
0.7396510243415833
-6.812419891357422
0.25606998801231384
-7.094319820404053
-0.22751100361347198
-7.376220226287842
-0.7110919952392578
-7.658130168914795
-1.1946699619293213
-7.940030097961426
-1.6782499551773071
-8.221929550170898
-2.161829948425293
-8.503829956054688
-2.6454200744628906
-8.785730361938477
-3.128999948501587
-9.06762981414795
-3.6125800609588623
-9.349530220031738
-4.096159934997559
-9.631429672241211
-4.579740047454834
-9.913339614868164
-5.063320159912109
-10.195199966430664
-5.546899795532227
-10.477100372314453
-6.030479907989502
-10.758999824523926
-6.514060020446777
-11.040900230407715
-6.997650146484375
-11.322799682617188
-7.481229782104492
-11.604700088500977
-7.964809894561768
-11.88659954071045
-8.448390007019043
-12.168499946594238
-8.93196964263916
-12.450400352478027
-9.415550231933594
-12.7322998046875
-9.899129867553711
-13.014200210571289
-10.382699966430664
-13.296199798583984
-10.866299629211426
-13.578100204467773
-11.349900245666504
-13.859999656677246
-11.833499908447266
-14.141900062561035
-12.317000389099121
-14.423800468444824
-12.800600051879883
-14.705699920654297
