11.84060001373291
17.726200103759766
11.473600387573242
17.308300018310547
11.10669994354248
16.890399932861328
10.739800453186035
16.47249984741211
10.372900009155273
16.05459976196289
10.005999565124512
15.636699676513672
9.639039993286133
15.218899726867676
9.272130012512207
14.800999641418457
8.9052095413208
14.383099555969238
8.538290023803711
13.965200424194336
8.171369552612305
13.547300338745117
7.804450035095215
13.129400253295898
7.437530040740967
12.71150016784668
7.070620059967041
12.293600082397461
6.703700065612793
11.875699996948242
6.336780071258545
11.457799911499023
5.969860076904297
11.039899826049805
5.602940082550049
10.621999740600586
5.236020088195801
10.20419979095459
4.869110107421875
9.786259651184082
4.502190113067627
9.368370056152344
4.135270118713379
8.950480461120605
3.7683498859405518
8.532580375671387
3.4014298915863037
8.114689826965332
3.034519910812378
7.696800231933594
2.66759991645813
7.278910160064697
2.300679922103882
6.861020088195801
1.9337600469589233
6.443120002746582
1.5668400526046753
6.0252299308776855
1.1999200582504272
5.607339859008789
0.8330060243606567
5.189449787139893
0.4660870134830475
4.771560192108154
0.09916909784078598
4.353670120239258
-0.26774901151657104
3.935770034790039
-0.6346669793128967
3.5178799629211426
-1.0015900135040283
3.099989891052246
-1.368499994277954
2.6821000576019287
-1.7354199886322021
2.2642099857330322
