5.999179840087891
-19.909900665283203
5.82705020904541
-19.381200790405273
5.654930114746094
-18.852500915527344
5.482800006866455
-18.32379913330078
5.310669898986816
-17.79520034790039
5.138539791107178
-17.26650047302246
4.966410160064697
-16.73780059814453
4.794290065765381
-16.2091007232666
4.622159957885742
-15.680399894714355
4.4500298500061035
-15.151700019836426
4.277900218963623
-14.623000144958496
4.105780124664307
-14.094300270080566
3.933650016784668
-13.565699577331543
3.7615199089050293
-13.036999702453613
3.5893900394439697
-12.508299827575684
3.417259931564331
-11.979599952697754
3.2451400756835938
-11.450900077819824
3.073009967803955
-10.922200202941895
2.9008800983428955
-10.393500328063965
2.728749990463257
-9.864850044250488
2.5566298961639404
-9.336159706115723
2.384500026702881
-8.807479858398438
2.212369918823242
-8.278790473937988
2.0402400493621826
-7.750100135803223
1.868109941482544
-7.221419811248779
1.695989966392517
-6.692729949951172
1.523859977722168
-6.1640400886535645
1.3517299890518188
-5.635350227355957
1.1796000003814697
-5.106669902801514
1.0074800252914429
-4.577980041503906
0.8353480100631714
-4.049290180206299
0.6632199883460999
-3.5206100940704346
0.4910919964313507
-2.991919994354248
0.31896400451660156
-2.4632298946380615
0.1468369960784912
-1.9345500469207764
-0.02529110014438629
-1.4058599472045898
-0.19741900265216827
-0.8771719932556152
-0.3695470094680786
-0.34848499298095703
-0.5416749715805054
0.18020200729370117
-0.7138019800186157
0.7088890075683594
