-15.287099838256836
1.237630009651184
-15.004899978637695
0.7566850185394287
-14.722700119018555
0.2757419943809509
-14.440500259399414
-0.20520199835300446
-14.15820026397705
-0.686145007610321
-13.87600040435791
-1.1670900583267212
-13.593799591064453
-1.6480300426483154
-13.311599731445312
-2.1289799213409424
-13.02929973602295
-2.609920024871826
-12.747099876403809
-3.090859889984131
-12.464900016784668
-3.571810007095337
-12.182700157165527
-4.052750110626221
-11.900400161743164
-4.533689975738525
-11.618200302124023
-5.014639854431152
-11.336000442504883
-5.495580196380615
-11.053799629211426
-5.97652006149292
-10.771599769592285
-6.457469940185547
-10.489299774169922
-6.938409805297852
-10.207099914550781
-7.4193501472473145
-9.92488956451416
-7.900300025939941
-9.642669677734375
-8.381239891052246
-9.360440254211426
-8.86217975616455
-9.07822036743164
-9.343130111694336
-8.795999526977539
-9.82406997680664
-8.513779640197754
-10.305000305175781
-8.231550216674805
-10.78600025177002
-7.949329853057861
-11.266900062561035
-7.667109966278076
-11.74779987335205
-7.384890079498291
-12.228799819946289
-7.102660179138184
-12.709699630737305
-6.82043981552124
-13.190699577331543
-6.538219928741455
-13.671600341796875
-6.255990028381348
-14.152600288391113
-5.9737701416015625
-14.633500099182129
-5.691549777984619
-15.114500045776367
-5.409329891204834
-15.595399856567383
-5.127099990844727
-16.0762996673584
-4.844880104064941
-16.557300567626953
-4.562660217285156
-17.03820037841797
-4.280439853668213
-17.51919937133789
-3.9982099533081055
-18.000099182128906
-3.7159900665283203
-18.48110008239746
-3.433769941329956
-18.961999893188477
-3.151550054550171
-19.442899703979492
