5.437150001525879
-18.820100784301758
5.6002302169799805
-18.28260040283203
5.763309955596924
-17.745100021362305
5.926400184631348
-17.207599639892578
6.089479923248291
-16.67009925842285
6.252560138702393
-16.132600784301758
6.415639877319336
-15.595100402832031
6.5787200927734375
-15.057600021362305
6.741809844970703
-14.520099639892578
6.904890060424805
-13.982600212097168
7.067969799041748
-13.445099830627441
7.23105001449585
-12.907600402832031
7.394130229949951
-12.370100021362305
7.557219982147217
-11.832599639892578
7.720300197601318
-11.295100212097168
7.883379936218262
-10.757599830627441
8.046460151672363
-10.220100402832031
8.209540367126465
-9.682600021362305
8.37263011932373
-9.145099639892578
8.535710334777832
-8.607600212097168
8.698789596557617
-8.070090293884277
8.861869812011719
-7.532589912414551
9.02495002746582
-6.995090007781982
9.188039779663086
-6.457590103149414
9.351119995117188
-5.920090198516846
9.514200210571289
-5.382579803466797
9.67728042602539
-4.8450798988342285
9.840359687805176
-4.30757999420166
10.003399848937988
-3.770080089569092
10.166500091552734
-3.2325799465179443
10.32960033416748
-2.6950700283050537
10.49269962310791
-2.1575698852539062
10.655799865722656
-1.620069980621338
10.818900108337402
-1.08256995677948
10.981900215148926
-0.5450670123100281
11.145000457763672
-0.007564750034362078
11.308099746704102
0.5299370288848877
11.471199989318848
1.0674400329589844
11.634300231933594
1.6049400568008423
11.797300338745117
2.1424400806427
11.960399627685547
2.6799399852752686
12.123499870300293
3.217449903488159
12.286600112915039
3.7549500465393066
12.449700355529785
4.292449951171875
12.612799644470215
4.829949855804443
12.775799751281738
5.36745023727417
12.938899993896484
5.9049601554870605
13.10200023651123
6.442460060119629
13.26509952545166
6.979959964752197
13.428199768066406
7.517459869384766
13.591300010681152
8.054960250854492
13.754300117492676
8.592470169067383
13.917400360107422
9.129969596862793
14.080499649047852
9.66746997833252
14.243599891662598
10.204999923706055
14.406700134277344
10.742500305175781
14.569700241088867
11.279999732971191
14.732799530029297
11.817500114440918
14.895899772644043
12.354999542236328
15.059000015258789
12.892499923706055
15.222100257873535
13.430000305175781
15.385199546813965
13.967499732971191
15.548199653625488
14.505000114440918
15.711299896240234
15.042499542236328
15.87440013885498
15.579999923706055
