-12.331700325012207
5.866569995880127
-12.371999740600586
5.319469928741455
-12.412400245666504
4.772359848022461
-12.452699661254883
4.225259780883789
-12.4931001663208
3.6781599521636963
-12.53339958190918
3.1310598850250244
-12.573800086975098
2.5839600563049316
-12.614100456237793
2.0368599891662598
-12.654500007629395
1.4897500276565552
-12.69480037689209
0.9426519870758057
-12.735199928283691
0.395550012588501
-12.775500297546387
-0.1515509933233261
-12.815899848937988
-0.698652982711792
-12.856200218200684
-1.2457499504089355
-12.896599769592285
-1.7928600311279297
-12.93690013885498
-2.3399600982666016
-12.977299690246582
-2.8870599269866943
-13.017600059509277
-3.434159994125366
-13.057999610900879
-3.981260061264038
-13.098299980163574
-4.528369903564453
-13.13860034942627
-5.075469970703125
-13.178999900817871
-5.622570037841797
-13.219300270080566
-6.169670104980469
-13.259699821472168
-6.716770172119141
