8.1220703125
-13.04800033569336
7.583869934082031
-12.898300170898438
7.045660018920898
-12.748700141906738
6.507460117340088
-12.598999977111816
5.969260215759277
-12.449399948120117
5.431049823760986
-12.299699783325195
4.892849922180176
-12.150099754333496
4.354650020599365
-12.000399589538574
3.8164401054382324
-11.850799560546875
3.2782399654388428
-11.70110034942627
2.7400400638580322
-11.551400184631348
2.2018399238586426
-11.401800155639648
1.6636300086975098
-11.252099990844727
1.1254299879074097
-11.102499961853027
0.5872259736061096
-10.952799797058105
0.04902280122041702
-10.803199768066406
-0.4891799986362457
-10.653499603271484
-1.0273799896240234
-10.503899574279785
-1.5655900239944458
-10.35420036315918
-2.103790044784546
-10.20460033416748
-2.6419899463653564
-10.054900169372559
-3.1802000999450684
-9.90524959564209
-3.718400001525879
-9.755590438842773
-4.2565999031066895
-9.605939865112305
-4.794809818267822
-9.456290245056152
-5.333010196685791
-9.30663013458252
-5.871210098266602
-9.15697956085205
-6.409420013427734
-9.007320404052734
-6.947619915008545
-8.857669830322266
-7.4858198165893555
-8.708020210266113
-8.024020195007324
-8.55836009979248
-8.562230110168457
-8.408709526062012
-9.10042953491211
-8.259050369262695
-9.638629913330078
-8.109399795532227
-10.176799774169922
-7.959750175476074
-10.71500015258789
-7.810090065002441
-11.253199577331543
-7.660439968109131
-11.791399955749512
-7.510779857635498
-12.32960033416748
-7.361130237579346
-12.867899894714355
-7.211470127105713
-13.406100273132324
-7.061820030212402
-13.944299697875977
-6.912169933319092
-14.482500076293945
-6.762509822845459
-15.020700454711914
-6.612860202789307
-15.558899879455566
-6.463200092315674
-16.09709930419922
-6.313549995422363
-16.635299682617188
-6.163899898529053
-17.173500061035156
-6.01423978805542
-17.711700439453125
-5.864590167999268
-18.249900817871094
-5.714930057525635
-18.78809928894043
-5.565279960632324
-19.3262996673584
-5.415629863739014
-19.864500045776367
-5.265970230102539
