6.131319999694824
0.7244259715080261
6.651710033416748
0.523311972618103
7.172100067138672
0.32219699025154114
7.692490100860596
0.12108299881219864
8.21288013458252
-0.08003140240907669
8.733269691467285
-0.28114598989486694
9.253660202026367
-0.48225998878479004
9.774049758911133
-0.6833750009536743
10.294400215148926
-0.8844889998435974
10.814800262451172
-1.0856000185012817
11.335200309753418
-1.2867200374603271
11.855600357055664
-1.4878300428390503
12.37600040435791
-1.6889499425888062
12.896400451660156
-1.8900599479675293
13.416799545288086
-2.0911800861358643
13.937199592590332
-2.292289972305298
14.457599639892578
-2.4934000968933105
