11.727100372314453
-6.319519996643066
11.308600425720215
-5.942780017852783
10.890199661254883
-5.5660400390625
10.471699714660645
-5.189300060272217
10.053299903869629
-4.812560081481934
9.634810447692871
-4.43582010269165
9.216360092163086
-4.059080123901367
8.7979097366333
-3.682339906692505
8.379449844360352
-3.3055999279022217
7.960999965667725
-2.9288599491119385
7.542540073394775
-2.5521199703216553
7.124090194702148
-2.175379991531372
6.705629825592041
-1.7986400127410889
6.287179946899414
-1.4219000339508057
5.868730068206787
-1.0451600551605225
5.450270175933838
-0.6684240102767944
5.031819820404053
-0.29168400168418884
4.6133599281311035
0.0850554034113884
4.194910049438477
0.46179500222206116
3.7764499187469482
0.8385339975357056
3.3580000400543213
1.2152700424194336
2.9395499229431152
1.5920100212097168
2.521090030670166
1.96875
2.10263991355896
2.345489978790283
1.6841800212860107
2.7222299575805664
1.2657300233840942
3.0989699363708496
0.8472750186920166
3.475709915161133
0.42882099747657776
3.852449893951416
0.010366800241172314
4.229189872741699
-0.40808698534965515
4.605929851531982
-0.8265420198440552
4.982669830322266
-1.2450000047683716
5.359409809112549
-1.663450002670288
5.736149787902832
-2.081899881362915
6.112889766693115
-2.5003600120544434
6.489630222320557
