8.74312973022461
8.746179580688477
8.304490089416504
8.405940055847168
7.8658599853515625
8.065699577331543
7.427219867706299
7.725460052490234
6.988580226898193
7.385220050811768
6.54994010925293
7.044980049133301
6.111299991607666
6.704740047454834
5.672659873962402
6.364500045776367
5.234020233154297
6.0242600440979
4.795380115509033
5.684020042419434
4.3567399978637695
5.343780040740967
3.918109893798828
5.003530025482178
3.4794700145721436
4.663290023803711
3.04082989692688
4.323050022125244
2.6021900177001953
3.9828100204467773
2.1635499000549316
3.6425700187683105
1.724910020828247
3.3023300170898438
1.286270022392273
2.962090015411377
0.8476330041885376
2.62185001373291
0.40899398922920227
2.2816100120544434
-0.029645400121808052
1.9413700103759766
-0.468284010887146
1.6011300086975098
-0.9069229960441589
1.260890007019043
-1.3455599546432495
0.9206470251083374
-1.7841999530792236
0.5804060101509094
-2.2228400707244873
0.24016599357128143
-2.661479949951172
-0.10007499903440475
-3.1001200675964355
-0.44031599164009094
-3.53875994682312
-0.7805560231208801
-3.977400064468384
-1.1208000183105469
-4.416029930114746
-1.4610400199890137
-4.85467004776001
-1.8012800216674805
-5.293310165405273
-2.1415200233459473
-5.731949806213379
-2.481760025024414
-6.170589923858643
-2.822000026702881
-6.609230041503906
-3.1622400283813477
-7.04787015914917
-3.5024800300598145
-7.486509799957275
-3.8427200317382812
-7.925149917602539
-4.182960033416748
-8.363789558410645
-4.523200035095215
-8.802419662475586
-4.863440036773682
-9.241060256958008
-5.203680038452148
-9.679699897766113
-5.5439300537109375
-10.118300437927246
-5.884170055389404
-10.557000160217285
-6.224410057067871
-10.995599746704102
-6.564650058746338
-11.434300422668457
-6.904890060424805
-11.872900009155273
-7.2451300621032715
-12.31149959564209
-7.585370063781738
