5.966800212860107
1.8038400411605835
5.475580215454102
2.0626699924468994
4.984350204467773
2.321500062942505
4.493130207061768
2.5803298950195312
4.0019001960754395
2.8391599655151367
3.5106799602508545
3.097990036010742
3.0194499492645264
3.3568201065063477
2.5282299518585205
3.615649938583374
2.0370099544525146
3.8744900226593018
1.5457799434661865
4.133319854736328
1.0545599460601807
4.392149925231934
0.5633329749107361
4.650979995727539
0.07210870087146759
4.9098100662231445
-0.41911599040031433
5.16864013671875
-0.9103400111198425
5.4274702072143555
-1.4015599489212036
5.686299800872803
-1.8927899599075317
5.945129871368408
-2.384010076522827
6.203959941864014
-2.8752400875091553
6.462800025939941
-3.366460084915161
6.721630096435547
-3.8576900959014893
6.980460166931152
-4.348909854888916
7.239290237426758
-4.840129852294922
7.498119831085205
-5.33135986328125
7.7569499015808105
-5.822579860687256
8.015780448913574
-6.313809871673584
8.274609565734863
-6.80502986907959
8.533439636230469
-7.296259880065918
8.792269706726074
-7.787479877471924
9.05111026763916
-8.27869987487793
9.309940338134766
-8.769929885864258
9.568770408630371
-9.261150360107422
9.82759952545166
-9.75238037109375
10.086400032043457
-10.243599891662598
10.34529972076416
-10.734800338745117
10.604100227355957
-11.226099967956543
10.862899780273438
-11.717300415039062
11.121800422668457
-12.208499908447266
11.380599975585938
-12.699700355529785
11.639399528503418
-13.190899848937988
11.898200035095215
-13.68220043182373
12.157099723815918
-14.173399925231934
12.415900230407715
-14.664600372314453
12.674699783325195
-15.155799865722656
12.933600425720215
-15.647100448608398
13.192399978637695
-16.1382999420166
13.451199531555176
