7.25098991394043
0.8749079704284668
6.768740177154541
0.6246269941329956
6.286479949951172
0.374345988035202
5.804220199584961
0.12406499683856964
5.321969985961914
-0.12621599435806274
4.839710235595703
-0.3764970004558563
4.357450008392334
-0.6267780065536499
3.875200033187866
-0.8770599961280823
3.392940044403076
-1.1273399591445923
2.9106900691986084
-1.377619981765747
2.4284300804138184
-1.6279000043869019
1.9461699724197388
-1.8781800270080566
1.463919997215271
-2.128469944000244
0.9816610217094421
-2.3787500858306885
0.49940499663352966
-2.6290299892425537
0.017148999497294426
-2.879309892654419
