3.176490068435669
11.758000373840332
3.4592700004577637
11.271699905395508
3.7420499324798584
10.785300254821777
4.024829864501953
10.298999786376953
4.307610034942627
9.812589645385742
4.590390205383301
9.3262300491333
4.873169898986816
8.839859962463379
5.15595006942749
8.353500366210938
5.438729763031006
7.86713981628418
5.72150993347168
7.380780220031738
6.0042901039123535
6.894410133361816
6.287069797515869
6.408050060272217
6.569849967956543
5.921689987182617
6.852630138397217
5.435319900512695
7.135409832000732
4.948959827423096
7.418190002441406
4.462600231170654
7.70097017288208
3.9762399196624756
7.983749866485596
3.489870071411133
8.26653003692627
3.003509998321533
8.549309730529785
2.5171499252319336
8.832090377807617
2.030780076980591
9.114870071411133
1.5444200038909912
9.397649765014648
1.0580600500106812
9.68043041229248
0.5716950297355652
9.963210105895996
0.08533179759979248
10.246000289916992
-0.4010309875011444
10.528800010681152
-0.8873940110206604
10.81149959564209
-1.3737599849700928
11.094300270080566
-1.8601200580596924
11.377099990844727
-2.346479892730713
11.659899711608887
-2.8328499794006348
11.942700386047363
-3.3192100524902344
12.2253999710083
-3.805569887161255
12.508199691772461
-4.291930198669434
12.791000366210938
-4.778299808502197
13.073800086975098
-5.264659881591797
13.356599807739258
-5.7510199546813965
13.639300346374512
-6.237390041351318
13.922100067138672
-6.723750114440918
14.204899787902832
-7.210110187530518
14.487700462341309
-7.696469783782959
14.770500183105469
-8.182840347290039
15.053199768066406
-8.66919994354248
15.336000442504883
-9.155559539794922
15.618800163269043
-9.641929626464844
15.901599884033203
-10.128299713134766
16.18440055847168
-10.614700317382812
16.467100143432617
-11.10099983215332
16.749900817871094
-11.587400436401367
17.032699584960938
-12.073699951171875
17.315500259399414
-12.560099601745605
17.59830093383789
-13.046500205993652
17.881000518798828
-13.53279972076416
