0.7686330080032349
7.81033992767334
0.40598300099372864
7.378870010375977
0.04333319887518883
6.947400093078613
-0.3193170130252838
6.51593017578125
-0.68196702003479
6.0844597816467285
-1.0446200370788574
5.652989864349365
-1.4072699546813965
5.221519947052002
-1.769919991493225
4.790040016174316
-2.1325700283050537
4.358570098876953
-2.4952199459075928
3.9270999431610107
-2.857870101928711
3.4956300258636475
-3.22052001953125
3.064160108566284
-3.583169937133789
2.632689952850342
-3.9458200931549072
2.2012200355529785
-4.308469772338867
1.7697399854660034
-4.671110153198242
1.3382699489593506
-5.033760070800781
0.9068019986152649
-5.39640998840332
0.47533100843429565
-5.759059906005859
0.04385960102081299
-6.121709823608398
-0.387611985206604
-6.484360218048096
-0.8190829753875732
-6.847010135650635
-1.2505500316619873
-7.209660053253174
-1.6820299625396729
-7.572309970855713
-2.1135001182556152
-7.934959888458252
-2.5449700355529785
-8.29761028289795
-2.976439952850342
-8.660260200500488
-3.407910108566284
-9.022910118103027
-3.8393800258636475
-9.385560035705566
-4.27085018157959
-9.748209953308105
-4.702320098876953
-10.110899925231934
-5.133800029754639
-10.47350025177002
-5.565269947052002
-10.836199760437012
-5.996739864349365
