-19.27199935913086
-5.547579765319824
-18.71969985961914
-5.457149982452393
-18.167299270629883
-5.366720199584961
-17.614900588989258
-5.276299953460693
-17.062599182128906
-5.185870170593262
-16.51020050048828
-5.095439910888672
-15.957900047302246
-5.0050201416015625
-15.405500411987305
-4.914589881896973
-14.853099822998047
-4.824160099029541
-14.300800323486328
-4.733739852905273
-13.74839973449707
-4.643310070037842
-13.196000099182129
-4.552879810333252
-12.643699645996094
-4.462460041046143
-12.091300010681152
-4.372029781341553
-11.538999557495117
-4.281599998474121
-10.986599922180176
-4.191180229187012
-10.434200286865234
-4.100749969482422
-9.881879806518555
-4.01032018661499
-9.329509735107422
-3.9198999404907227
-8.77715015411377
-3.829469919204712
-8.2247896194458
-3.7390499114990234
-7.672430038452148
-3.6486198902130127
-7.120069980621338
-3.558190107345581
-6.567699909210205
-3.4677700996398926
-6.0153398513793945
-3.377340078353882
-5.462979793548584
-3.286910057067871
-4.910620212554932
-3.1964900493621826
-4.358260154724121
-3.106060028076172
-3.8059000968933105
-3.015630006790161
-3.2535300254821777
-2.9252099990844727
-2.701169967651367
-2.834779977798462
-2.1488099098205566
-2.744349956512451
-1.5964499711990356
-2.6539299488067627
-1.0440900325775146
-2.563499927520752
-0.4917230010032654
-2.473069906234741
0.06063859909772873
-2.3826498985290527
0.6130009889602661
-2.292220115661621
1.1653599739074707
-2.2017900943756104
1.7177200317382812
-2.111370086669922
2.270090103149414
-2.020940065383911
2.8224499225616455
-1.9305100440979004
3.374809980392456
-1.840090036392212
3.9271700382232666
-1.7496600151062012
4.479529857635498
-1.6592299938201904
5.031899929046631
-1.568809986114502
5.584259986877441
-1.4783799648284912
6.136620044708252
-1.3879599571228027
6.6889801025390625
-1.2975300550460815
7.241340160369873
-1.2071000337600708
7.793710231781006
-1.1166800260543823
8.346070289611816
-1.0262500047683716
8.898429870605469
-0.9358220100402832
9.450790405273438
-0.8453959822654724
10.003199577331543
-0.7549690008163452
10.555500030517578
-0.6645429730415344
11.10789966583252
-0.5741159915924072
11.660200119018555
-0.4836899936199188
12.212599754333496
-0.3932630121707916
12.765000343322754
-0.3028370141983032
13.317299842834473
-0.21241000294685364
