13.274100303649902
-9.437470436096191
13.172499656677246
-8.887829780578613
13.070899963378906
-8.338190078735352
12.969300270080566
-7.788549900054932
12.867600440979004
-7.23891019821167
12.765999794006348
-6.68927001953125
12.664400100708008
-6.13962984085083
12.562800407409668
-5.589990139007568
12.461199760437012
-5.040349960327148
12.359600067138672
-4.4907097816467285
12.258000373840332
-3.941070079803467
12.156399726867676
-3.391429901123047
12.054800033569336
-2.8417999744415283
11.953100204467773
-2.2921600341796875
11.851499557495117
-1.7425199747085571
11.749899864196777
-1.1928800344467163
11.648300170898438
-0.6432380080223083
11.546699523925781
-0.09359920024871826
11.445099830627441
0.45603999495506287
11.343500137329102
1.005679965019226
11.241900444030762
1.5553200244903564
11.140299797058105
2.1049599647521973
11.038599967956543
2.654599905014038
10.937000274658203
3.204240083694458
10.835399627685547
3.753880023956299
10.733799934387207
4.3035101890563965
10.632200241088867
4.853149890899658
10.530599594116211
5.402790069580078
10.428999900817871
5.95242977142334
10.327400207519531
6.50206995010376
10.225799560546875
7.05171012878418
10.124099731445312
7.601349830627441
10.022500038146973
8.150989532470703
9.920920372009277
8.700630187988281
9.819310188293457
9.250269889831543
9.717700004577637
9.799909591674805
9.616089820861816
10.349499702453613
9.514479637145996
10.899200439453125
9.412870407104492
11.448800086975098
9.311260223388672
11.998499870300293
9.209639549255371
12.548100471496582
9.108030319213867
13.097700119018555
9.006420135498047
13.64739990234375
