-6.998909950256348
12.662500381469727
-6.697710037231445
12.184499740600586
-6.396510124206543
11.706600189208984
-6.095310211181641
11.228699684143066
-5.79410982131958
10.750800132751465
-5.4928998947143555
10.27280044555664
-5.191699981689453
9.794910430908203
-4.890500068664551
9.31698989868164
-4.589300155639648
8.839059829711914
-4.288099765777588
8.361129760742188
-3.9869000911712646
7.883210182189941
-3.685699939727783
7.405280113220215
-3.3844900131225586
6.927350044250488
-3.0832901000976562
6.449429988861084
-2.782089948654175
5.971499919891357
-2.4808900356292725
5.493569850921631
-2.179689884185791
5.015649795532227
-1.8784899711608887
4.537720203399658
-1.577280044555664
4.059790134429932
-1.2760800123214722
3.581860065460205
-0.9748809933662415
3.103940010070801
-0.673678994178772
2.626009941101074
