0.5029370188713074
-2.7860300540924072
-0.030250299721956253
-2.628880023956299
-0.5634379982948303
-2.4717299938201904
-1.0966299772262573
-2.314579963684082
-1.6298099756240845
-2.1574299335479736
-2.1630001068115234
-2.0002899169921875
-2.696190118789673
-1.8431400060653687
-3.229379892349243
-1.6859899759292603
-3.7625598907470703
-1.5288399457931519
-4.295750141143799
-1.371690034866333
-4.828939914703369
-1.2145400047302246
-5.362130165100098
-1.0573899745941162
-5.895309925079346
-0.9002379775047302
-6.428500175476074
-0.7430880069732666
-6.9616899490356445
-0.5859379768371582
-7.494880199432373
-0.4287889897823334
-8.028059959411621
-0.27163898944854736
-8.561249732971191
-0.11448899656534195
-9.094440460205078
0.042660199105739594
-9.627630233764648
0.1998099982738495
-10.160799980163574
0.3569599986076355
-10.694000244140625
0.5141090154647827
-11.22719955444336
0.6712589859962463
-11.76039981842041
0.8284090161323547
-12.293600082397461
0.9855579733848572
-12.826800346374512
1.1427099704742432
