5.282249927520752
-16.545299530029297
4.784200191497803
-16.281200408935547
4.286159992218018
-16.017200469970703
3.7881100177764893
-15.753100395202637
3.290070056915283
-15.48900032043457
2.792020082473755
-15.225000381469727
2.2939701080322266
-14.96090030670166
1.795930027961731
-14.696800231933594
1.2978800535202026
-14.432700157165527
0.7998380064964294
-14.168700218200684
0.3017919957637787
-13.904600143432617
-0.19625400006771088
-13.64050006866455
-0.6942989826202393
-13.376500129699707
-1.1923400163650513
-13.11240005493164
-1.6903899908065796
-12.848299980163574
-2.1884400844573975
-12.58430004119873
-2.6864800453186035
-12.320199966430664
-3.184530019760132
-12.056099891662598
-3.682569980621338
-11.791999816894531
-4.180620193481445
-11.527999877929688
-4.678659915924072
-11.263899803161621
-5.17671012878418
-10.999799728393555
-5.674749851226807
-10.735799789428711
-6.172800064086914
-10.471699714660645
-6.670849800109863
-10.207599639892578
-7.168889999389648
-9.943559646606445
-7.666940212249756
-9.679490089416504
-8.164979934692383
-9.415419578552246
-8.663029670715332
-9.151350021362305
-9.161069869995117
-8.887280464172363
-9.659119606018066
-8.623209953308105
-10.15719985961914
-8.359140396118164
-10.655200004577637
-8.095069885253906
-11.153300285339355
-7.830999851226807
-11.651300430297852
-7.566929817199707
-12.149299621582031
-7.302859783172607
-12.64739990234375
-7.038780212402344
