-16.43709945678711
4.906970024108887
-16.11829948425293
4.449560165405273
-15.799500465393066
3.992150068283081
-15.48069953918457
3.5347399711608887
-15.16189956665039
3.0773301124572754
-14.843199729919434
2.619920015335083
-14.524399757385254
2.1625099182128906
-14.205599784851074
1.7051000595092773
-13.886799812316895
1.247689962387085
-13.567999839782715
0.7902809977531433
-13.249199867248535
0.3328720033168793
-12.930399894714355
-0.12453799694776535
-12.611599922180176
-0.5819470286369324
-12.292799949645996
-1.0393600463867188
-11.973999977111816
-1.4967700242996216
-11.655200004577637
-1.9541800022125244
-11.336400032043457
-2.411590099334717
-11.017600059509277
-2.868989944458008
-10.69890022277832
-3.3264000415802
-10.38010025024414
-3.7838099002838135
-10.061300277709961
-4.241219997406006
-9.742480278015137
-4.698629856109619
-9.423689842224121
-5.156040191650391
-9.104900360107422
-5.613450050354004
-8.786109924316406
-6.070859909057617
-8.467309951782227
-6.5282697677612305
-8.148520469665527
-6.985680103302002
-7.829730033874512
-7.443089962005615
-7.510940074920654
-7.9004998207092285
-7.192140102386475
-8.35791015625
-6.873350143432617
-8.815320014953613
-6.55456018447876
-9.272729873657227
-6.235770225524902
-9.73013973236084
-5.916979789733887
-10.1875
-5.598179817199707
-10.645000457763672
-5.27938985824585
-11.102399826049805
-4.960599899291992
-11.559800148010254
-4.641809940338135
-12.017200469970703
-4.323019981384277
-12.474599838256836
-4.004220008850098
-12.932000160217285
-3.6854300498962402
-13.389399528503418
-3.366640090942383
-13.846799850463867
-3.0478498935699463
-14.304200172424316
-2.729059934616089
-14.76159954071045
-2.410259962081909
-15.219099998474121
-2.0914700031280518
-15.67650032043457
-1.7726800441741943
-16.133899688720703
-1.4538899660110474
-16.591299057006836
-1.13510000705719
-17.0487003326416
-0.816303014755249
-17.506099700927734
