-17.657899856567383
-8.363789558410645
-17.768699645996094
-7.819650173187256
-17.879600524902344
-7.275509834289551
-17.990400314331055
-6.731369972229004
-18.101200103759766
-6.187230110168457
-18.211999893188477
-5.643080234527588
-18.322799682617188
-5.098939895629883
-18.4335994720459
-4.554800033569336
-18.54450035095215
-4.010660171508789
-18.65530014038086
-3.466520071029663
-18.76609992980957
-2.922379970550537
-18.87689971923828
-2.3782401084899902
-18.987699508666992
-1.834089994430542
-19.098499298095703
-1.2899500131607056
-19.209400177001953
-0.7458109855651855
-19.320199966430664
-0.20166899263858795
-19.430999755859375
0.34247198700904846
-19.541799545288086
0.8866140246391296
