3.3747398853302
6.937829971313477
3.0484299659729004
6.489480018615723
2.7221100330352783
6.0411200523376465
2.3957901000976562
5.592770099639893
2.069469928741455
5.144420146942139
1.7431600093841553
4.6960601806640625
1.4168399572372437
4.247710227966309
1.0905200242996216
3.7993500232696533
0.7642049789428711
3.3510000705718994
0.4378879964351654
2.9026401042938232
0.11157000064849854
2.4542899131774902
-0.21474699676036835
2.0059399604797363
-0.541064977645874
1.5575799942016602
-0.8673819899559021
1.1092300415039062
