11.053999900817871
3.46724009513855
10.603599548339844
3.140160083770752
10.153200149536133
2.813070058822632
9.702750205993652
2.4859800338745117
9.252340316772461
2.158900022506714
8.801939964294434
1.8318099975585938
8.351530075073242
1.5047199726104736
7.901130199432373
1.1776399612426758
7.450719833374023
0.8505499958992004
7.000319957733154
0.523464024066925
6.549910068511963
0.1963769942522049
6.099510192871094
-0.13070900738239288
5.649099826812744
-0.45779600739479065
5.198689937591553
-0.7848830223083496
4.748290061950684
-1.1119699478149414
4.297880172729492
-1.4390599727630615
3.847480058670044
-1.7661399841308594
3.3970699310302734
-2.0932300090789795
2.9466700553894043
-2.4203200340270996
2.496259927749634
-2.7474000453948975
2.0458600521087646
-3.0744900703430176
1.5954500436782837
-3.4015800952911377
1.1450400352478027
-3.7286601066589355
0.6946380138397217
-4.055749893188477
0.24423299729824066
-4.382840156555176
-0.20617300271987915
-4.7099199295043945
-0.656578004360199
-5.037010192871094
-1.1069799661636353
-5.364099979400635
-1.5573899745941162
-5.691180229187012
-2.0077900886535645
-6.018270015716553
-2.458199977874756
-6.3453497886657715
-2.9086101055145264
-6.672440052032471
-3.3590099811553955
-6.999529838562012
-3.809420108795166
-7.326610088348389
-4.259819984436035
-7.65369987487793
-4.710229873657227
-7.980790138244629
-5.160630226135254
-8.307869911193848
-5.611040115356445
-8.634960174560547
-6.061450004577637
-8.962050437927246
-6.511849880218506
-9.289130210876465
-6.962259769439697
-9.616220474243164
-7.412660121917725
-9.943309783935547
-7.863070011138916
-10.270400047302246
-8.313469886779785
-10.59749984741211
-8.763879776000977
-10.924599647521973
-9.214280128479004
-11.251700401306152
-9.664690017700195
-11.578700065612793
-10.115099906921387
-11.905799865722656
-10.565500259399414
-12.23289966583252
-11.015899658203125
-12.5600004196167
