-9.89721965789795
-7.904799938201904
-9.610699653625488
-7.4269700050354
-9.324179649353027
-6.949150085449219
-9.037659645080566
-6.471320152282715
-8.751139640808105
-5.993490219116211
-8.464619636535645
-5.515659809112549
-8.178099632263184
-5.037829875946045
-7.891580104827881
-4.559999942779541
-7.60506010055542
-4.082170009613037
-7.318540096282959
-3.604340076446533
-7.032020092010498
-3.12650990486145
-6.745500087738037
-2.6486799716949463
-6.458980083465576
-2.1708500385284424
-6.172460079193115
-1.693019986152649
-5.885950088500977
-1.215190052986145
-5.599430084228516
-0.7373629808425903
-5.312910079956055
-0.25953400135040283
-5.026390075683594
0.21829600632190704
-4.739870071411133
0.6961249709129333
