1.6880600452423096
-10.354299545288086
2.039900064468384
-9.923789978027344
2.391740083694458
-9.493240356445312
2.7435801029205322
-9.062700271606445
3.0954298973083496
-8.632149696350098
3.447269916534424
-8.20160961151123
3.799109935760498
-7.771059989929199
4.150949954986572
-7.340519905090332
4.5027899742126465
-6.909979820251465
4.854629993438721
-6.479430198669434
5.206470012664795
-6.048890113830566
5.558320045471191
-5.618340015411377
5.910160064697266
-5.18779993057251
6.26200008392334
-4.75724983215332
6.613840103149414
-4.326710224151611
6.965680122375488
-3.896169900894165
7.3175201416015625
-3.4656200408935547
7.669370174407959
-3.0350799560546875
8.021209716796875
-2.604530096054077
8.37304973602295
-2.17399001121521
8.724889755249023
-1.74344003200531
9.076729774475098
-1.3128999471664429
9.428569793701172
-0.8823549747467041
9.780420303344727
-0.4518109858036041
10.13230037689209
-0.021266799420118332
10.484100341796875
0.409278005361557
10.83590030670166
0.839821994304657
11.187800407409668
1.2703700065612793
11.539600372314453
1.700909972190857
11.891500473022461
2.1314499378204346
12.243300437927246
2.562000036239624
12.595100402832031
2.992539882659912
12.946999549865723
3.4230899810791016
13.298800468444824
3.8536300659179688
13.650699615478516
4.284180164337158
14.0024995803833
4.714719772338867
14.354399681091309
5.145259857177734
14.706199645996094
5.575809955596924
15.057999610900879
6.006350040435791
15.409899711608887
6.4369001388549805
15.761699676513672
6.867440223693848
16.11359977722168
7.297989845275879
16.46540069580078
7.728529930114746
16.81719970703125
8.159070014953613
17.169099807739258
8.589619636535645
17.52090072631836
9.020159721374512
17.872800827026367
9.45071029663086
18.224599838256836
9.881250381469727
18.576499938964844
10.311800003051758
18.928300857543945
10.742300033569336
19.280099868774414
11.172900199890137
19.631999969482422
11.603400230407715
19.983800888061523
12.034000396728516
