-19.98430061340332
3.5632998943328857
-19.448999404907227
3.4014999866485596
-18.913799285888672
3.2397100925445557
-18.37849998474121
3.0779099464416504
-17.843299865722656
2.916110038757324
-17.308000564575195
2.754309892654419
-16.77280044555664
2.5925099849700928
-16.237499237060547
2.430720090866089
-15.702300071716309
2.2689199447631836
-15.166999816894531
2.1071200370788574
-14.631699562072754
1.9453200101852417
-14.096500396728516
1.7835299968719482
-13.561200141906738
1.6217299699783325
-13.026000022888184
1.4599299430847168
-12.490699768066406
1.2981300354003906
-11.955499649047852
1.1363400220870972
-11.42020034790039
0.9745380282402039
-10.885000228881836
0.8127400279045105
-10.349699974060059
0.6509420275688171
-9.81449031829834
0.4891450107097626
-9.279230117797852
0.3273470103740692
-8.743980407714844
0.16554899513721466
-8.20872974395752
0.0037515899166464806
-7.673480033874512
-0.15804600715637207
-7.138229846954346
-0.31984400749206543
-6.602980136871338
-0.4816420078277588
-6.067729949951172
-0.643438994884491
-5.532479763031006
-0.8052369952201843
-4.997220039367676
-0.9670349955558777
-4.46196985244751
-1.1288299560546875
-3.926719903945923
-1.2906299829483032
-3.391469955444336
-1.452430009841919
-2.856220006942749
-1.6142300367355347
-2.320970058441162
-1.7760200500488281
-1.7857199907302856
-1.9378199577331543
-1.2504700422286987
-2.0996201038360596
-0.7152140140533447
-2.2614200115203857
-0.17996299266815186
-2.4232099056243896
0.35528799891471863
-2.585010051727295
0.8905400037765503
-2.746809959411621
1.4257899522781372
-2.9086101055145264
1.9610400199890137
-3.0703999996185303
2.4962899684906006
-3.2321999073028564
3.0315399169921875
-3.3940000534057617
3.566800117492676
-3.555799961090088
4.102049827575684
-3.717600107192993
4.63730001449585
-3.879390001296997
5.172550201416016
-4.041190147399902
5.707799911499023
-4.2029900550842285
6.2430500984191895
-4.364789962768555
6.778299808502197
-4.526579856872559
7.3135600090026855
-4.688379764556885
7.848810195922852
-4.850180149078369
8.38405990600586
-5.011980056762695
8.919309616088867
-5.173769950866699
9.454560279846191
-5.335569858551025
9.9898099899292
-5.497369766235352
10.525099754333496
-5.659170150756836
11.06029987335205
-5.820970058441162
