3.82069993019104
-13.962400436401367
3.931920051574707
-13.416500091552734
4.043139934539795
-12.870699882507324
4.154359817504883
-12.324799537658691
4.265580177307129
-11.778900146484375
4.3767900466918945
-11.232999801635742
4.488009929656982
-10.687199592590332
4.59922981262207
-10.141300201416016
4.710450172424316
-9.595399856567383
4.821660041809082
-9.049530029296875
4.93287992477417
-8.503649711608887
5.044099807739258
-7.957769870758057
5.155320167541504
-7.411900043487549
5.266540050506592
-6.866020202636719
5.377749919891357
-6.3201398849487305
5.488969802856445
-5.774270057678223
5.600190162658691
-5.228390216827393
5.711410045623779
-4.682519912719727
5.822629928588867
-4.1366400718688965
5.933839797973633
-3.5907599925994873
6.045060157775879
-3.0448899269104004
6.156280040740967
-2.4990100860595703
6.267499923706055
-1.9531300067901611
6.378719806671143
-1.4072599411010742
6.489930152893066
-0.8613809943199158
6.601150035858154
-0.3155049979686737
6.712369918823242
0.23037099838256836
6.82358980178833
0.7762479782104492
6.934810161590576
1.322119951248169
7.046020030975342
1.8680000305175781
7.15723991394043
2.4138801097869873
7.268459796905518
2.959749937057495
7.379680156707764
3.5056300163269043
7.490900039672852
4.051509857177734
7.602109909057617
4.5973801612854
7.713329792022705
5.1432600021362305
7.824550151824951
5.689129829406738
7.935770034790039
6.235010147094727
8.046990394592285
6.780889987945557
8.15820026397705
7.3267598152160645
