10.36929988861084
19.08169937133789
10.65719985961914
18.59760093688965
10.945099830627441
18.113500595092773
11.232999801635742
17.6294002532959
11.520999908447266
17.145299911499023
11.808899879455566
16.66119956970215
12.096799850463867
16.177099227905273
12.384699821472168
15.692999839782715
12.672699928283691
15.208900451660156
12.960599899291992
14.724800109863281
13.248499870300293
14.240699768066406
13.536399841308594
13.756600379943848
13.824399948120117
13.272500038146973
14.112299919128418
12.788399696350098
14.400199890136719
12.304300308227539
14.68809986114502
11.820199966430664
14.976099967956543
11.336099624633789
