3.0487000942230225
4.044119834899902
2.6589999198913574
3.6773900985717773
2.269289970397949
3.310659885406494
1.8795900344848633
2.94392991065979
1.4898799657821655
2.577199935913086
1.1001700162887573
2.2104599475860596
0.7104679942131042
1.8437299728393555
0.3207629919052124
1.4769999980926514
-0.06894300132989883
1.1102700233459473
-0.45864900946617126
0.7435430288314819
-0.8483539819717407
0.37681299448013306
-1.2380599975585938
0.010082400403916836
-1.627769947052002
-0.3566479980945587
-2.017469882965088
-0.7233780026435852
-2.407180070877075
-1.090109944343567
