9.466859817504883
8.476799964904785
9.215270042419434
7.974160194396973
8.963689804077148
7.471519947052002
8.712109565734863
6.9688801765441895
8.460519790649414
6.466239929199219
8.208939552307129
5.963590145111084
7.957359790802002
5.460949897766113
7.705780029296875
4.958310127258301
7.454189777374268
4.45566987991333
7.202610015869141
3.9530301094055176
6.9510297775268555
3.4503800868988037
6.699440002441406
2.947740077972412
6.447859764099121
2.4451000690460205
6.196280002593994
1.9424599409103394
5.944690227508545
1.4398200511932373
5.69310998916626
0.9371749758720398
5.441530227661133
0.4345329999923706
5.189939975738525
-0.06810840219259262
4.938360214233398
-0.5707499980926514
4.686779975891113
-1.073390007019043
4.435190200805664
-1.5760300159454346
4.183609962463379
-2.0786800384521484
3.932029962539673
-2.58132004737854
3.6804399490356445
-3.0839600563049316
3.4288599491119385
-3.5866000652313232
