-9.692620277404785
1.0725899934768677
-9.202239990234375
0.791812002658844
-8.7118501663208
0.5110359787940979
-8.221460342407227
0.2302599996328354
-7.731080055236816
-0.050515998154878616
-7.240690231323242
-0.3312920033931732
-6.750309944152832
-0.6120679974555969
-6.259920120239258
-0.892844021320343
-5.769529819488525
-1.1736199855804443
-5.279150009155273
-1.4543999433517456
-4.788760185241699
-1.7351700067520142
-4.298369884490967
-2.0159499645233154
-3.807990074157715
-2.296720027923584
-3.3176000118255615
-2.577500104904175
-2.8272199630737305
-2.8582799434661865
-2.336829900741577
-3.139050006866455
-1.8464399576187134
-3.419830083847046
-1.3560600280761719
-3.7005999088287354
-0.8656730055809021
-3.981379985809326
-0.3752869963645935
-4.262159824371338
0.1150989979505539
-4.5429301261901855
0.6054850220680237
-4.823709964752197
1.095870018005371
-5.104479789733887
1.5862599611282349
-5.385260105133057
2.0766398906707764
-5.666039943695068
2.5670299530029297
-5.946809768676758
3.057420015335083
-6.227590084075928
3.547800064086914
-6.508359909057617
4.038189888000488
-6.789140224456787
4.528570175170898
-7.069920063018799
5.018959999084473
-7.350689888000488
5.509349822998047
-7.631470203399658
5.999730110168457
-7.912240028381348
6.490119934082031
-8.19301986694336
6.980500221252441
-8.473799705505371
7.470890045166016
-8.754570007324219
7.96127986907959
-9.03534984588623
8.45166015625
-9.316120147705078
8.942049980163574
-9.59689998626709
9.432430267333984
-9.877679824829102
9.922820091247559
-10.158499717712402
10.413200378417969
-10.439200401306152
10.903599739074707
-10.720000267028809
11.394000053405762
-11.000800132751465
11.884400367736816
-11.281599998474121
12.374799728393555
-11.562299728393555
12.865099906921387
-11.843099594116211
13.355500221252441
-12.123900413513184
