0.9029560089111328
10.319999694824219
1.4547799825668335
10.32129955291748
2.0066099166870117
10.322600364685059
2.5584399700164795
10.32390022277832
3.1102700233459473
10.325200080871582
3.6620900630950928
10.326499938964844
4.2139201164245605
10.327799797058105
4.765749931335449
10.329099655151367
5.317580223083496
10.330400466918945
5.8694000244140625
10.331700325012207
6.421229839324951
10.333000183105469
6.973060131072998
10.33430004119873
7.524889945983887
10.335599899291992
8.076709747314453
10.336899757385254
8.6285400390625
10.338199615478516
9.180370330810547
10.339500427246094
9.732190132141113
10.340800285339355
10.284000396728516
10.342100143432617
10.835800170898438
10.343400001525879
11.387700080871582
10.34469985961914
11.939499855041504
10.345999717712402
12.491299629211426
10.347299575805664
13.04319953918457
10.348600387573242
13.595000267028809
10.349900245666504
14.14680004119873
10.351200103759766
14.698599815368652
10.352499961853027
15.250499725341797
10.353799819946289
