10.485899925231934
10.906200408935547
9.986579895019531
10.652299880981445
9.487279891967773
10.39840030670166
8.987970352172852
10.144499778747559
8.488670349121094
9.89052963256836
7.989369869232178
9.63659954071045
7.490059852600098
9.38267993927002
6.99075984954834
9.12874984741211
6.491459846496582
8.8748197555542
5.992149829864502
8.62090015411377
5.492849826812744
8.36697006225586
4.993539810180664
8.11303997039795
4.494239807128906
7.859119892120361
3.9949400424957275
7.605189800262451
3.4956300258636475
7.351260185241699
2.9963300228118896
7.097330093383789
2.4970200061798096
6.843410015106201
1.9977200031280518
6.589479923248291
1.498420000076294
6.335549831390381
0.9991130232810974
6.081630229949951
0.49980899691581726
5.827700138092041
0.0005054469802416861
5.573770046234131
-0.4987980127334595
5.319839954376221
-0.9981020092964172
5.065919876098633
-1.4974100589752197
4.811989784240723
-1.996709942817688
4.558060169219971
-2.4960100650787354
4.304140090942383
-2.9953200817108154
4.050209999084473
-3.4946200847625732
3.7962799072265625
-3.9939301013946533
3.5423500537872314
-4.493229866027832
3.2884299755096436
-4.99252986907959
3.0344998836517334
-5.49183988571167
2.7805700302124023
-5.991139888763428
2.5266499519348145
-6.4904398918151855
2.2727200984954834
-6.989749908447266
2.0187900066375732
-7.489049911499023
1.7648600339889526
-7.9883599281311035
1.5109399557113647
-8.48766040802002
1.2570099830627441
-8.986960411071777
1.0030800104141235
-9.4862699508667
0.7491559982299805
-9.985569953918457
0.49522900581359863
-10.48490047454834
0.2413019984960556
-10.984199523925781
-0.012625199742615223
-11.483499526977539
-0.26655200123786926
-11.982799530029297
-0.5204790234565735
-12.482099533081055
-0.7744070291519165
-12.981399536132812
-1.0283299684524536
