1.048699975013733
9.804900169372559
0.6739349961280823
9.383170127868652
0.2991670072078705
8.96144962310791
-0.07560080289840698
8.539719581604004
-0.4503679871559143
8.118000030517578
-0.8251360058784485
7.696269989013672
-1.1999000310897827
7.274549961090088
-1.5746699571609497
6.852829933166504
-1.9494400024414062
6.431099891662598
-2.3242099285125732
6.009379863739014
-2.698970079421997
5.587649822235107
-3.073740005493164
5.165929794311523
-3.448509931564331
4.7442097663879395
-3.823280096054077
4.322480201721191
-4.198050022125244
3.9007599353790283
-4.572810173034668
3.479029893875122
-4.947579860687256
3.057310104370117
-5.322350025177002
2.635590076446533
-5.697120189666748
2.213860034942627
-6.071879863739014
1.792140007019043
-6.44665002822876
1.3704099655151367
-6.821420192718506
0.9486889839172363
-7.196189880371094
0.5269650220870972
-7.570950031280518
0.10524100065231323
-7.945720195770264
-0.3164829909801483
-8.320489883422852
-0.7382069826126099
-8.695260047912598
-1.1599299907684326
-9.070030212402344
-1.5816600322723389
-9.44478988647461
-2.003380060195923
-9.819560050964355
-2.425100088119507
-10.194299697875977
-2.846829891204834
-10.569100379943848
-3.268549919128418
-10.943900108337402
-3.690279960632324
-11.318599700927734
-4.111999988555908
-11.693400382995605
-4.533720016479492
-12.06820011138916
-4.955450057983398
-12.442899703979492
-5.377170085906982
-12.817700386047363
-5.798900127410889
-13.192500114440918
-6.220620155334473
-13.56719970703125
-6.642340183258057
-13.942000389099121
-7.064070224761963
-14.316800117492676
-7.485789775848389
-14.691499710083008
-7.907519817352295
-15.066300392150879
-8.329239845275879
-15.441100120544434
-8.750969886779785
-15.815799713134766
-9.172690391540527
-16.19059944152832
-9.594409942626953
-16.565399169921875
-10.01609992980957
-16.940099716186523
-10.437899589538574
-17.314899444580078
-10.859600067138672
-17.689699172973633
-11.281299591064453
-18.06439971923828
-11.70300006866455
-18.439199447631836
-12.124799728393555
-18.81399917602539
-12.546500205993652
-19.188800811767578
-12.968199729919434
-19.563499450683594
-13.389900207519531
