13.170100212097168
-13.559100151062012
12.82390022277832
-13.119999885559082
12.477800369262695
-12.680800437927246
12.131600379943848
-12.241700172424316
11.785400390625
-11.802599906921387
11.439299583435059
-11.36340045928955
11.093099594116211
-10.924300193786621
10.746999740600586
-10.485099792480469
10.400799751281738
-10.045999526977539
10.05459976196289
-9.606860160827637
9.708490371704102
-9.167719841003418
9.362330436706543
-8.728580474853516
9.016169548034668
-8.289440155029297
8.67000961303711
-7.850299835205078
8.323860168457031
-7.411159992218018
7.977700233459473
-6.972020149230957
7.631539821624756
-6.532879829406738
7.285379886627197
-6.093739986419678
6.939219951629639
-5.6546101570129395
6.59306001663208
-5.215469837188721
6.246910095214844
-4.77632999420166
5.900750160217285
-4.3371901512146
5.554590225219727
-3.89805006980896
5.20842981338501
-3.4589099884033203
4.862269878387451
-3.0197699069976807
4.516109943389893
-2.58063006401062
4.169950008392334
-2.1414899826049805
3.8238000869750977
-1.7023500204086304
3.47763991355896
-1.2632100582122803
3.1314799785614014
-0.824072003364563
2.7853200435638428
-0.3849329948425293
2.439160108566284
0.054206401109695435
2.0929999351501465
0.4933460056781769
1.7468500137329102
0.9324849843978882
1.400689959526062
1.3716200590133667
1.0545300245285034
1.8107600212097168
0.7083699703216553
2.2499001026153564
0.36221200227737427
2.689039945602417
0.01605360023677349
3.1281800270080566
-0.3301050066947937
3.5673201084136963
-0.6762629747390747
4.006460189819336
-1.022420048713684
4.4456000328063965
-1.3685799837112427
4.884739875793457
-1.7147400379180908
5.323880195617676
-2.0608999729156494
5.763020038604736
-2.407059907913208
6.202159881591797
-2.7532100677490234
6.641300201416016
-3.099370002746582
7.080440044403076
-3.4455299377441406
7.519579887390137
-3.7916901111602783
7.9587202072143555
-4.137849807739258
8.397850036621094
-4.484010219573975
8.836990356445312
-4.830160140991211
9.276129722595215
-5.1763200759887695
9.715270042419434
-5.522480010986328
10.154399871826172
-5.868639945983887
10.593600273132324
