-14.120499610900879
-19.583099365234375
-13.7524995803833
-19.161399841308594
-13.384499549865723
-18.73979949951172
-13.016500473022461
-18.318099975585938
-12.648500442504883
-17.896499633789062
-12.280500411987305
-17.47480010986328
-11.912500381469727
-17.053199768066406
-11.544500350952148
-16.631500244140625
-11.17650032043457
-16.209800720214844
-10.808500289916992
-15.788200378417969
-10.440500259399414
-15.366499900817871
-10.072500228881836
-14.944899559020996
-9.704449653625488
-14.523200035095215
-9.336440086364746
-14.10159969329834
-8.968429565429688
-13.679900169372559
-8.600419998168945
-13.258299827575684
-8.232419967651367
-12.836600303649902
-7.864409923553467
-12.414999961853027
-7.496399879455566
-11.993300437927246
-7.128399848937988
-11.571700096130371
-6.760389804840088
-11.149999618530273
-6.392380237579346
-10.728400230407715
-6.024380207061768
-10.306699752807617
-5.656370162963867
-9.885069847106934
-5.288360118865967
-9.463419914245605
-4.920350074768066
-9.041769981384277
-4.552350044250488
-8.62012004852295
-4.184340000152588
-8.198470115661621
-3.8163299560546875
-7.776820182800293
-3.4483299255371094
-7.355160236358643
-3.080319881439209
-6.933509826660156
-2.7123100757598877
-6.511859893798828
-2.3443000316619873
-6.0902099609375
-1.9763000011444092
-5.668560028076172
-1.6082899570465088
-5.246910095214844
-1.240280032157898
-4.825250148773193
-0.8722760081291199
-4.403600215911865
-0.504269003868103
-3.981950044631958
-0.13626199960708618
-3.56030011177063
0.23174500465393066
-3.1386499404907227
0.5997520089149475
-2.7170000076293945
0.9677590131759644
-2.295340061187744
1.3357700109481812
-1.8736900091171265
1.7037700414657593
-1.4520399570465088
2.07177996635437
-1.0303900241851807
2.4397900104522705
-0.6087380051612854
2.8077900409698486
-0.18708600103855133
3.175800085067749
0.23456600308418274
3.5438098907470703
0.6562169790267944
3.9118199348449707
1.0778700113296509
4.279819965362549
1.499519944190979
4.647830009460449
1.9211699962615967
5.01584005355835
2.342819929122925
5.383840084075928
2.7644801139831543
5.751850128173828
3.1861300468444824
6.1198601722717285
3.6077799797058105
6.487870216369629
4.029429912567139
6.855869770050049
4.451079845428467
7.223879814147949
4.872729778289795
7.59188985824585
5.2943902015686035
7.959889888763428
5.716040134429932
8.327899932861328
6.13769006729126
8.695910453796387
6.559340000152588
9.063920021057129
6.980989933013916
9.431920051574707
7.402639865875244
9.79992961883545
7.824289798736572
10.167900085449219
8.245949745178223
10.535900115966797
8.66759967803955
10.904000282287598
9.089249610900879
11.272000312805176
9.510899543762207
11.640000343322754
9.932550430297852
12.008000373840332
10.35420036315918
12.37600040435791
10.775899887084961
12.744000434875488
11.197500228881836
13.112000465393066
11.619199752807617
13.479999542236328
12.040800094604492
13.847999572753906
12.462499618530273
14.215999603271484
12.884099960327148
14.583999633789062
13.305800437927246
14.95199966430664
13.727399826049805
15.319999694824219
14.149100303649902
15.687999725341797
14.570699691772461
16.055999755859375
14.992400169372559
16.424100875854492
15.413999557495117
