1.126520037651062
-9.479299545288086
1.4554599523544312
-9.025320053100586
1.7843999862670898
-8.57133960723877
2.113339900970459
-8.11736011505127
2.4422800540924072
-7.663380146026611
2.7712199687957764
-7.209390163421631
3.1001598834991455
-6.755410194396973
3.4291000366210938
-6.3014302253723145
3.758039951324463
-5.847449779510498
4.086989879608154
-5.39346981048584
4.415929794311523
-4.939479827880859
4.744870185852051
-4.485499858856201
5.07381010055542
-4.031519889831543
5.402750015258789
-3.5775399208068848
5.731689929962158
-3.1235599517822266
6.060629844665527
-2.669569969177246
6.389570236206055
-2.215590000152588
6.718510150909424
-1.7616100311279297
7.047450065612793
-1.307629942893982
7.376399993896484
-0.853646993637085
7.7053399085998535
-0.3996649980545044
8.034279823303223
0.05431690067052841
8.36322021484375
0.5082989931106567
8.692159652709961
0.9622809886932373
9.021100044250488
1.416260004043579
9.350040435791016
1.8702399730682373
9.678979873657227
2.3242299556732178
10.00790023803711
2.778209924697876
10.336899757385254
3.232189893722534
10.665800094604492
3.6861701011657715
10.99470043182373
4.14015007019043
11.323699951171875
4.59414005279541
11.652600288391113
5.048120021820068
11.981599807739258
5.502099990844727
12.310500144958496
5.956079959869385
12.63949966430664
6.410059928894043
12.968400001525879
6.864049911499023
13.297300338745117
7.318029880523682
13.626299858093262
7.77200984954834
13.9552001953125
8.225990295410156
14.284199714660645
8.679969787597656
14.613100051879883
9.133959770202637
14.942000389099121
9.587940216064453
15.270999908447266
10.041899681091309
15.599900245666504
10.49590015411377
15.928899765014648
10.949899673461914
16.25779914855957
11.403900146484375
16.586700439453125
11.857799530029297
16.915700912475586
12.311800003051758
17.244600296020508
12.765800476074219
