12.960200309753418
-14.224900245666504
12.616900444030762
-13.783300399780273
12.273699760437012
-13.341699600219727
11.930500030517578
-12.900199890136719
11.587300300598145
-12.458600044250488
11.244000434875488
-12.01710033416748
10.900799751281738
-11.575499534606934
10.557600021362305
-11.133899688720703
10.214400291442871
-10.692399978637695
9.871159553527832
-10.250800132751465
9.527939796447754
-9.809240341186523
9.184720039367676
-9.367679595947266
8.841500282287598
-8.926119804382324
8.498279571533203
-8.484550476074219
8.155059814453125
-8.042989730834961
7.811840057373047
-7.6014299392700195
7.4686198234558105
-7.159870147705078
7.12539005279541
-6.718299865722656
6.782169818878174
-6.276740074157715
6.438950061798096
-5.835179805755615
6.095729827880859
-5.393620014190674
5.752510070800781
-4.95205020904541
5.409289836883545
-4.5104899406433105
5.066070079803467
-4.068930149078369
4.7228498458862305
-3.6273701190948486
4.379630088806152
-3.185800075531006
4.036399841308594
-2.7442400455474854
3.6931800842285156
-2.302680015563965
3.3499600887298584
-1.861109972000122
3.006740093231201
-1.4195499420166016
2.663520097732544
-0.9779899716377258
2.3203001022338867
-0.5364270210266113
1.97707998752594
-0.09486450254917145
1.6338599920272827
0.34669798612594604
1.2906399965286255
0.7882609963417053
0.9474160075187683
1.2298200130462646
0.6041949987411499
1.6713900566101074
0.2609739899635315
2.112950086593628
-0.08224739879369736
2.5545101165771484
-0.42546799778938293
2.99606990814209
-0.768688976764679
3.4376399517059326
-1.1119099855422974
3.879199981689453
-1.4551299810409546
4.3207597732543945
-1.7983499765396118
4.762320041656494
-2.1415700912475586
5.203889846801758
-2.484790086746216
5.645450115203857
-2.8280200958251953
6.087009906768799
-3.1712400913238525
6.528570175170898
-3.5144600868225098
6.970139980316162
-3.857680082321167
7.4116997718811035
-4.200900077819824
7.853260040283203
-4.544119834899902
8.294819831848145
-4.887340068817139
8.736390113830566
-5.230559825897217
9.177949905395508
-5.573780059814453
9.61950969696045
-5.916999816894531
10.061100006103516
-6.26023006439209
10.502599716186523
-6.603449821472168
10.944199562072754
-6.946670055389404
11.3858003616333
-7.289889812469482
11.827300071716309
-7.633110046386719
12.268899917602539
-7.976329803466797
12.71049976348877
-8.319549560546875
13.152000427246094
-8.66277027130127
13.593600273132324
-9.005990028381348
14.035099983215332
-9.349220275878906
14.476699829101562
-9.692440032958984
14.918299674987793
-10.035699844360352
15.359800338745117
-10.378899574279785
15.801400184631348
-10.722100257873535
16.243000030517578
-11.065299987792969
16.684499740600586
-11.408499717712402
17.126100540161133
-11.751799583435059
17.56760025024414
