-4.88385009765625
-8.183070182800293
-4.605329990386963
-7.7156500816345215
-4.326819896697998
-7.248219966888428
-4.048309803009033
-6.780799865722656
-3.769789934158325
-6.313379764556885
-3.4912800788879395
-5.8459601402282715
-3.2127699851989746
-5.3785400390625
-2.9342501163482666
-4.911109924316406
-2.6557400226593018
-4.443689823150635
-2.377229928970337
-3.9762699604034424
-2.098710060119629
-3.50885009765625
-1.820199966430664
-3.0414299964904785
-1.5416899919509888
-2.5739998817443848
-1.2631700038909912
-2.1065800189971924
-0.9846600294113159
-1.6391600370407104
-0.7061470150947571
-1.1717400550842285
-0.42763400077819824
-0.7043169736862183
-0.1491200029850006
-0.23689499497413635
0.12939299643039703
0.23052699863910675
0.40790700912475586
0.6979489922523499
0.6864200234413147
1.165369987487793
0.9649329781532288
1.632789969444275
1.2434500455856323
2.100209951400757
1.5219600200653076
2.5676400661468506
1.800469994544983
3.035059928894043
2.0789899826049805
3.5024800300598145
2.3575000762939453
3.969899892807007
