10.747300148010254
17.992300033569336
10.968500137329102
17.480899810791016
11.189599990844727
16.969499588012695
11.410699844360352
16.458099365234375
11.6318998336792
15.946599960327148
11.852999687194824
15.435199737548828
12.07409954071045
14.923800468444824
12.295299530029297
14.412400245666504
12.516400337219238
13.901000022888184
12.737500190734863
13.38949966430664
12.958700180053711
12.878100395202637
13.179800033569336
12.366700172424316
13.401000022888184
11.855299949645996
13.622099876403809
11.343899726867676
13.843199729919434
10.83240032196045
14.064399719238281
10.321000099182129
14.285499572753906
9.809590339660645
14.506600379943848
9.29817008972168
14.727800369262695
8.786749839782715
14.94890022277832
8.27532958984375
15.170100212097168
7.763909816741943
15.391200065612793
7.252490043640137
15.612299919128418
6.741069793701172
15.833499908447266
6.229650020599365
