12.593999862670898
-15.442000389099121
12.043499946594238
-15.321700096130371
11.493000030517578
-15.201399803161621
10.942399978637695
-15.081100463867188
10.391900062561035
-14.960800170898438
9.84136962890625
-14.840499877929688
9.290849685668945
-14.72029972076416
8.740320205688477
-14.600000381469727
8.189800262451172
-14.479700088500977
7.639269828796387
-14.359399795532227
7.08873987197876
-14.239100456237793
6.538219928741455
-14.118800163269043
5.987689971923828
-13.998499870300293
5.437170028686523
-13.878199577331543
4.8866400718688965
-13.75790023803711
4.336120128631592
-13.63759994506836
3.7855899333953857
-13.51729965209961
3.235059976577759
-13.397000312805176
2.684540033340454
-13.276800155639648
2.134010076522827
-13.156499862670898
1.583490014076233
-13.036199569702148
1.032960057258606
-12.915900230407715
0.48243600130081177
-12.795599937438965
-0.06808950006961823
-12.675299644470215
-0.6186149716377258
-12.555000305175781
-1.1691399812698364
-12.434700012207031
-1.719670057296753
-12.314399719238281
-2.2701900005340576
-12.194100379943848
-2.8207199573516846
-12.073800086975098
-3.3712399005889893
-11.953499794006348
-3.9217700958251953
-11.83329963684082
-4.472300052642822
-11.713000297546387
-5.022819995880127
-11.592700004577637
-5.573349952697754
-11.472399711608887
-6.123869895935059
-11.352100372314453
-6.6743998527526855
-11.231800079345703
-7.22491979598999
-11.111499786376953
-7.775450229644775
-10.99120044708252
-8.325980186462402
-10.87090015411377
-8.876500129699707
-10.75059986114502
-9.427029609680176
-10.63029956817627
-9.97754955291748
-10.510100364685059
-10.52810001373291
-10.389800071716309
-11.07859992980957
-10.269499778747559
-11.62909984588623
-10.149200439453125
