-18.67609977722168
-0.37373700737953186
-18.165199279785156
-0.14981499314308167
-17.654199600219727
0.07410769909620285
-17.143299102783203
0.29802998900413513
-16.632400512695312
0.5219529867172241
-16.12150001525879
0.7458750009536743
-15.610600471496582
0.9697980284690857
-15.099699974060059
1.1937199831008911
-14.588800430297852
1.417639970779419
-14.077899932861328
1.641569972038269
-13.567000389099121
1.8654899597167969
-13.056099891662598
2.0894100666046143
-12.54520034790039
2.3133299350738525
-12.034199714660645
2.537260055541992
-11.523300170898438
2.7611799240112305
-11.012399673461914
2.985100030899048
-10.501500129699707
3.209019899368286
-9.990599632263184
3.432950019836426
-9.479689598083496
3.656869888305664
-8.968779563903809
3.8807899951934814
-8.457869529724121
4.104710102081299
-7.946959972381592
4.328639984130859
-7.436049938201904
4.552559852600098
-6.925149917602539
4.776480197906494
-6.414239883422852
5.000400066375732
-5.903329849243164
5.224329948425293
-5.392419815063477
5.448249816894531
-4.881509780883789
5.672170162200928
-4.37060022354126
5.896090030670166
-3.859689950942993
6.120019912719727
-3.3487799167633057
6.343939781188965
-2.837869882583618
6.567860126495361
-2.3269600868225098
6.7917799949646
-1.8160500526428223
7.01570987701416
-1.3051400184631348
7.239630222320557
-0.7942299842834473
7.463550090789795
-0.28332000970840454
7.687469959259033
0.22758999466896057
7.911399841308594
0.7384989857673645
8.135319709777832
1.2494100332260132
8.35923957824707
1.7603199481964111
8.583160400390625
2.2712299823760986
8.807089805603027
2.782140016555786
9.031009674072266
3.2930500507354736
9.254929542541504
3.803960084915161
9.478850364685059
4.3148698806762695
9.702779769897461
4.825779914855957
9.9266996383667
5.3366899490356445
10.15060043334961
5.847599983215332
10.374500274658203
6.3585100173950195
10.59850025177002
6.869420051574707
10.822400093078613
