-4.374509811401367
5.477190017700195
-4.820109844207764
5.8126702308654785
-5.26570987701416
6.148139953613281
-5.711319923400879
6.4836201667785645
-6.156919956207275
6.8190999031066895
-6.602519989013672
7.154580116271973
-7.048130035400391
7.490049839019775
-7.493730068206787
7.825530052185059
-7.939330101013184
8.161009788513184
-8.384940147399902
8.496479988098145
-8.83053970336914
8.83195972442627
-9.276140213012695
9.167440414428711
-9.721750259399414
9.502920150756836
-10.1673002243042
9.838390350341797
-10.61299991607666
10.17389965057373
-11.058600425720215
10.509300231933594
-11.504199981689453
10.844799995422363
-11.949799537658691
11.180299758911133
-12.395400047302246
11.515800476074219
-12.840999603271484
11.851300239562988
-13.286600112915039
12.186699867248535
