7.998990058898926
11.42300033569336
7.479400157928467
11.210399627685547
6.95980978012085
10.997900009155273
6.440219879150391
10.785300254821777
5.920639991760254
10.572699546813965
5.401050090789795
10.360199928283691
4.881460189819336
10.147600173950195
4.361869812011719
9.935079574584961
3.8422799110412598
9.722530364990234
3.322690010070801
9.509969711303711
2.803109884262085
9.297419548034668
2.283519983291626
9.084859848022461
1.7639299631118774
8.872300148010254
1.244339942932129
8.659749984741211
0.7247530221939087
8.447190284729004
0.20516499876976013
8.234640121459961
-0.3144240081310272
8.022080421447754
-0.834011971950531
7.809529781341553
-1.353600025177002
7.596970081329346
-1.8731900453567505
7.384419918060303
-2.392780065536499
7.171860218048096
-2.9123599529266357
6.959310054779053
-3.431950092315674
6.7467498779296875
-3.951539993286133
6.534200191497803
-4.471129894256592
6.3216400146484375
-4.990719795227051
6.1090898513793945
-5.510310173034668
5.8965301513671875
-6.029890060424805
5.6839799880981445
-6.549479961395264
5.471419811248779
-7.069069862365723
5.2588701248168945
-7.588659763336182
5.046309947967529
-8.10824966430664
4.833759784698486
-8.627840042114258
4.621200084686279
-9.147419929504395
4.408639907836914
-9.667010307312012
4.196090221405029
-10.186599731445312
3.983530044555664
-10.706199645996094
3.770979881286621
-11.225799560546875
3.558419942855835
-11.745400428771973
3.345870018005371
-12.265000343322754
3.133310079574585
-12.784500122070312
2.920759916305542
-13.304100036621094
2.708199977874756
-13.823699951171875
2.495650053024292
