13.272100448608398
3.8204898834228516
13.10669994354248
4.357500076293945
12.941300392150879
4.894499778747559
12.775899887084961
5.43149995803833
12.61050033569336
5.968510150909424
12.445099830627441
6.505509853363037
12.27970027923584
7.042510032653809
12.1141996383667
7.579520225524902
11.948800086975098
8.116519927978516
11.78339958190918
8.65353012084961
11.618000030517578
9.190529823303223
11.45259952545166
9.727529525756836
11.287199974060059
10.26449966430664
11.121800422668457
10.80150032043457
10.956399917602539
11.338500022888184
10.791000366210938
11.875499725341797
10.62559986114502
12.412500381469727
10.460200309753418
12.949600219726562
10.294699668884277
13.486599922180176
10.129300117492676
14.023599624633789
9.963930130004883
14.560600280761719
9.7985200881958
15.097599983215332
9.633110046386719
15.634599685668945
