-3.1331799030303955
-9.79226016998291
-3.6134300231933594
-9.513070106506348
-4.093669891357422
-9.233869552612305
-4.573919773101807
-8.954680442810059
-5.05417013168335
-8.675490379333496
-5.534409999847412
-8.396300315856934
-6.014659881591797
-8.11709976196289
-6.494909763336182
-7.837910175323486
-6.975150108337402
-7.558720111846924
-7.455399990081787
-7.279530048370361
-7.935649871826172
-7.000339984893799
-8.415900230407715
-6.721139907836914
-8.896140098571777
-6.441949844360352
-9.37639045715332
-6.162759780883789
-9.856639862060547
-5.883570194244385
-10.336899757385254
-5.6043701171875
-10.817099571228027
-5.3251800537109375
-11.29740047454834
-5.045989990234375
-11.777600288391113
-4.7667999267578125
-12.25790023803711
-4.487599849700928
-12.738100051879883
-4.208409786224365
-13.218400001525879
-3.929219961166382
-13.698599815368652
-3.6500298976898193
-14.178899765014648
-3.3708300590515137
-14.659099578857422
-3.091639995574951
-15.139399528503418
-2.8124499320983887
-15.619600296020508
-2.5332601070404053
-16.09980010986328
-2.2540600299835205
-16.58009910583496
-1.974869966506958
