-5.781680107116699
4.427999973297119
-5.606480121612549
4.959740161895752
-5.431270122528076
5.491479873657227
-5.2560601234436035
6.023210048675537
-5.080860137939453
6.55495023727417
-4.9056501388549805
7.0866899490356445
-4.73045015335083
7.618430137634277
-4.555240154266357
8.15017032623291
-4.380030155181885
8.681909561157227
-4.204830169677734
9.21364974975586
-4.029620170593262
9.745389938354492
-3.85440993309021
10.277099609375
-3.6792099475860596
10.808899879455566
-3.503999948501587
11.34060001373291
-3.3287999629974365
11.872300148010254
-3.153589963912964
12.40410041809082
-2.978379964828491
12.935799598693848
-2.803179979324341
13.467599868774414
-2.627969980239868
13.999300003051758
-2.4527599811553955
14.531000137329102
-2.277559995651245
15.062800407409668
-2.1023499965667725
15.594499588012695
-1.927150011062622
16.126300811767578
-1.7519400119781494
16.658000946044922
-1.5767300128936768
17.189699172973633
