5.864130020141602
2.9400899410247803
6.179470062255859
3.391849994659424
6.4948201179504395
3.8436100482940674
6.810160160064697
4.295360088348389
7.125510215759277
4.747119903564453
7.440849781036377
5.198880195617676
7.756199836730957
5.650629997253418
8.071539878845215
6.102389812469482
8.386890411376953
6.554150104522705
8.702230453491211
7.005899906158447
9.017580032348633
7.45766019821167
9.33292007446289
7.909420013427734
9.648269653320312
8.361169815063477
9.96360969543457
8.8129301071167
10.279000282287598
9.264690399169922
10.594300270080566
9.716440200805664
10.909600257873535
10.16819953918457
11.225000381469727
10.619999885559082
11.540300369262695
11.071700096130371
11.85569953918457
11.523500442504883
12.170999526977539
11.975199699401855
12.48639965057373
12.427000045776367
12.8016996383667
12.878700256347656
13.11709976196289
13.330499649047852
13.43239974975586
13.782299995422363
13.74779987335205
14.234000205993652
14.06309986114502
14.685799598693848
14.378399848937988
15.137499809265137
14.69379997253418
15.589300155639648
15.009099960327148
16.041000366210938
15.32450008392334
16.492799758911133
15.639800071716309
16.944599151611328
