-18.467899322509766
-10.499600410461426
-18.068700790405273
-10.103799819946289
-17.66950035095215
-9.708040237426758
-17.270299911499023
-9.312230110168457
-16.8710994720459
-8.916430473327637
-16.471900939941406
-8.5206298828125
-16.072599411010742
-8.12483024597168
-15.673399925231934
-7.729030132293701
-15.274200439453125
-7.3332200050354
-14.875
-6.937419891357422
-14.475799560546875
-6.541619777679443
-14.076600074768066
-6.145820140838623
-13.677399635314941
-5.7500200271606445
-13.27810001373291
-5.354209899902344
-12.878899574279785
-4.958409786224365
-12.479700088500977
-4.562610149383545
-12.080499649047852
-4.166810035705566
-11.681300163269043
-3.7709999084472656
-11.282099723815918
-3.375200033187866
-10.88290023803711
-2.9793999195098877
-10.483599662780762
-2.5836000442504883
-10.084400177001953
-2.1877999305725098
-9.685210227966309
-1.791990041732788
-9.285989761352539
-1.3961900472640991
-8.88677978515625
-1.0003900527954102
-8.487560272216797
-0.6045860052108765
-8.088350296020508
-0.20878399908542633
-7.689129829406738
0.1870180070400238
-7.289919853210449
0.5828199982643127
-6.890699863433838
0.9786220192909241
-6.491479873657227
1.3744200468063354
-6.0922698974609375
1.7702300548553467
-5.693049907684326
2.166029930114746
-5.293839931488037
2.5618300437927246
-4.894619941711426
2.957629919052124
-4.495409965515137
3.353440046310425
-4.096189975738525
3.749239921569824
-3.6969799995422363
4.145040035247803
-3.297760009765625
4.540840148925781
-2.898550033569336
4.936639785766602
-2.4993300437927246
5.332449913024902
-2.1001200675964355
5.728250026702881
-1.7008999586105347
6.124050140380859
-1.3016899824142456
6.51984977722168
-0.9024720191955566
6.9156599044799805
-0.5032560229301453
7.311460018157959
-0.10404100269079208
7.7072601318359375
0.2951740026473999
8.103059768676758
0.6943889856338501
8.498860359191895
1.0936000347137451
8.894669532775879
1.4928200244903564
9.290470123291016
1.8920400142669678
9.686269760131836
2.291249990463257
10.082099914550781
2.690469980239868
10.477899551391602
3.0896799564361572
10.873700141906738
3.4888999462127686
11.269499778747559
3.8881099224090576
11.665300369262695
4.287330150604248
12.061100006103516
4.686540126800537
12.456899642944336
5.085760116577148
12.852700233459473
5.4849700927734375
13.248499870300293
5.884190082550049
13.64430046081543
6.283400058746338
14.04010009765625
6.682620048522949
14.43589973449707
7.081830024719238
14.831700325012207
