9.78180980682373
-16.47369956970215
9.240289688110352
-16.3169002532959
8.698780059814453
-16.16010093688965
8.157270431518555
-16.00320053100586
7.615749835968018
-15.846400260925293
7.074240207672119
-15.689599990844727
6.53272008895874
-15.53279972076416
5.991209983825684
-15.375900268554688
5.449689865112305
-15.219099998474121
4.908180236816406
-15.062299728393555
4.366660118103027
-14.905500411987305
3.8251500129699707
-14.748700141906738
3.283639907836914
-14.59179973602295
2.7421200275421143
-14.4350004196167
2.2006099224090576
-14.278200149536133
1.6590900421142578
-14.121399879455566
1.1175800561904907
-13.964500427246094
0.5760639905929565
-13.807700157165527
0.03454969823360443
-13.650899887084961
-0.5069649815559387
-13.494099617004395
-1.0484800338745117
-13.337200164794922
-1.5899900197982788
-13.180399894714355
-2.131510019302368
-13.023599624633789
-2.6730198860168457
-12.866800308227539
-3.2145400047302246
-12.710000038146973
-3.7560501098632812
-12.553099632263184
-4.29757022857666
-12.396300315856934
-4.839079856872559
-12.239500045776367
-5.380589962005615
-12.0826997756958
-5.922110080718994
-11.925800323486328
-6.463620185852051
-11.769000053405762
-7.0051398277282715
-11.612199783325195
-7.546649932861328
-11.455400466918945
-8.088170051574707
-11.298500061035156
-8.629679679870605
-11.14169979095459
-9.171199798583984
-10.98490047454834
-9.7127103805542
-10.828100204467773
-10.254199981689453
-10.671299934387207
-10.795700073242188
-10.514399528503418
-11.337300300598145
-10.357600212097168
-11.878800392150879
-10.200799942016602
-12.420299530029297
-10.043999671936035
-12.961799621582031
-9.887140274047852
-13.503299713134766
-9.73031997680664
-14.0447998046875
-9.57349967956543
-14.586299896240234
-9.416680335998535
-15.127900123596191
-9.259849548339844
-15.669400215148926
-9.10303020477295
-16.210899353027344
-8.946209907531738
-16.752399444580078
-8.789380073547363
-17.293899536132812
-8.632559776306152
-17.835399627685547
-8.475740432739258
-18.37689971923828
-8.318920135498047
