-14.805800437927246
10.826299667358398
-14.434200286865234
10.405799865722656
-14.062700271606445
9.985260009765625
-13.691200256347656
9.564760208129883
-13.319700241088867
9.14426040649414
-12.948200225830078
8.723759651184082
-12.576600074768066
8.30325984954834
-12.205100059509277
7.882760047912598
-11.833600044250488
7.462259769439697
-11.4621000289917
7.041759967803955
-11.09060001373291
6.621260166168213
-10.718999862670898
6.200769901275635
-10.34749984741211
5.780270099639893
-9.97599983215332
5.359769821166992
-9.604479789733887
4.93927001953125
-9.232959747314453
4.518770217895508
-8.86143970489502
4.098269939422607
-8.489919662475586
3.677769899368286
-8.118399620056152
3.257270097732544
-7.746880054473877
2.8367700576782227
-7.375360012054443
2.4162800312042236
-7.00383996963501
1.9957799911499023
-6.632319927215576
1.575279951095581
-6.260799884796143
1.1547800302505493
-5.889279842376709
0.734279990196228
-5.517759799957275
0.3137809932231903
-5.146240234375
-0.10671799629926682
-4.774720191955566
-0.5272169709205627
-4.403200149536133
-0.9477159976959229
-4.031680107116699
-1.3682199716567993
-3.6601600646972656
-1.7887099981307983
-3.288640022277832
-2.20920991897583
-2.9171199798583984
-2.6297099590301514
-2.545599937438965
-3.0502099990844727
-2.1740798950195312
-3.470710039138794
-1.8025599718093872
-3.8912100791931152
-1.4310400485992432
-4.311709880828857
-1.0595200061798096
-4.732210159301758
-0.687995970249176
-5.1527099609375
-0.3164759874343872
-5.573200225830078
0.055044401437044144
-5.99370002746582
0.4265649914741516
-6.4141998291015625
0.7980849742889404
-6.834700107574463
1.169600009918213
-7.255199909210205
1.5411200523376465
-7.6757001876831055
1.9126399755477905
-8.096199989318848
2.284169912338257
-8.51669979095459
2.6556899547576904
-8.937199592590332
3.027209997177124
-9.35768985748291
3.3987300395965576
-9.778189659118652
3.770250082015991
-10.198699951171875
4.141769886016846
-10.619199752807617
4.513289928436279
-11.03969955444336
4.884809970855713
-11.460200309753418
5.2563300132751465
-11.88070011138916
5.62785005569458
-12.301199913024902
5.999370098114014
-12.721699714660645
6.370890140533447
-13.142200469970703
6.742410182952881
-13.562700271606445
7.1139302253723145
-13.983200073242188
7.48544979095459
-14.40369987487793
7.856969833374023
-14.824199676513672
8.228489875793457
-15.24470043182373
8.60000991821289
-15.665200233459473
8.971529960632324
-16.0856990814209
9.343050003051758
-16.506200790405273
9.714570045471191
-16.926700592041016
10.086099624633789
-17.347200393676758
10.457599639892578
-17.7677001953125
10.829099655151367
-18.188199996948242
11.200599670410156
-18.608699798583984
