-16.685100555419922
16.836200714111328
-16.23080062866211
16.500999450683594
-15.776399612426758
16.165800094604492
-15.322099685668945
15.830699920654297
-14.86769962310791
15.495499610900879
-14.413299560546875
15.160400390625
-13.958999633789062
14.825200080871582
-13.504599571228027
14.490099906921387
-13.050299644470215
14.154899597167969
-12.59589958190918
13.819700241088867
-12.141599655151367
13.484600067138672
-11.687199592590332
13.149399757385254
-11.232799530029297
12.814299583435059
-10.778499603271484
12.479100227355957
-10.32409954071045
12.143899917602539
-9.869770050048828
11.808799743652344
-9.415410041809082
11.473600387573242
-8.961050033569336
11.138500213623047
-8.506699562072754
10.803299903869629
-8.052339553833008
10.468099594116211
-7.59798002243042
10.133000373840332
-7.143620014190674
9.797829627990723
-6.68927001953125
9.46267032623291
-6.234910011291504
9.127510070800781
-5.780550003051758
8.792349815368652
-5.326189994812012
8.457189559936523
-4.871840000152588
8.122030258178711
-4.417479991912842
7.786870002746582
-3.9631199836730957
7.451720237731934
-3.5087599754333496
7.116559982299805
-3.054409980773926
6.781400203704834
-2.6000499725341797
6.446239948272705
-2.1456899642944336
6.111080169677734
-1.6913299560546875
5.7759199142456055
-1.2369799613952637
5.440760135650635
-0.7826200127601624
5.105599880218506
-0.32826200127601624
4.770450115203857
0.1260949969291687
4.4352898597717285
0.580452024936676
4.100130081176758
1.034809947013855
3.764970064163208
1.489169955253601
3.429810047149658
1.943519949913025
3.0946500301361084
2.3978800773620605
2.7594900131225586
2.8522400856018066
2.424329996109009
3.3066000938415527
2.0891799926757812
3.7609500885009766
1.7540199756622314
4.215310096740723
1.4188599586486816
4.669670104980469
1.0836999416351318
5.124030113220215
0.7485399842262268
5.578380107879639
0.41338101029396057
6.032740116119385
0.07822249829769135
6.487100124359131
-0.2569360136985779
6.941460132598877
-0.5920950174331665
7.395810127258301
-0.9272540211677551
7.850170135498047
-1.262410044670105
8.304530143737793
-1.5975699424743652
8.758890151977539
-1.932729959487915
9.213239669799805
-2.267889976501465
9.66759967803955
-2.6030499935150146
10.121999740600586
-2.9382100105285645
10.576299667358398
-3.2733700275421143
11.030699729919434
-3.608520030975342
11.484999656677246
-3.9436800479888916
11.939399719238281
-4.278840065002441
12.393699645996094
-4.613999843597412
12.848099708557129
-4.949160099029541
13.302499771118164
-5.284319877624512
13.756799697875977
-5.619480133056641
14.211199760437012
-5.954639911651611
14.665499687194824
-6.289790153503418
15.11989974975586
-6.624949932098389
15.574199676513672
-6.960110187530518
16.028600692749023
-7.295269966125488
16.482999801635742
-7.630430221557617
16.937299728393555
-7.965590000152588
17.391700744628906
-8.300749778747559
17.84600067138672
-8.635910034179688
18.300399780273438
-8.971070289611816
18.75469970703125
-9.306220054626465
19.2091007232666
-9.641380310058594
19.66349983215332
-9.976539611816406
