9.774970054626465
4.0218400955200195
9.214010238647461
4.000619888305664
8.653039932250977
3.9793999195098877
8.092080116271973
3.9581799507141113
7.531109809875488
3.9369699954986572
6.970149993896484
3.915750026702881
6.409180164337158
3.8945300579071045
5.848219871520996
3.873310089111328
5.28725004196167
3.852099895477295
4.726290225982666
3.8308799266815186
4.165319919586182
3.809659957885742
3.6043500900268555
3.788439989089966
3.0433900356292725
3.7672300338745117
2.482419967651367
3.7460100650787354
1.9214600324630737
3.724790096282959
1.3604899644851685
3.7035698890686035
0.7995269894599915
3.682349920272827
0.2385610044002533
3.661139965057373
-0.32240399718284607
3.6399199962615967
-0.8833699822425842
3.6187000274658203
-1.4443399906158447
3.597480058670044
-2.0053000450134277
3.57627010345459
-2.566270112991333
3.5550498962402344
-3.127229928970337
3.533829927444458
-3.688199996948242
3.5126099586486816
-4.249159812927246
3.4914000034332275
-4.8101301193237305
3.470180034637451
-5.371089935302734
3.448960065841675
-5.9320597648620605
3.4277400970458984
-6.493030071258545
3.4065299034118652
-7.053989887237549
3.385309934616089
-7.614960193634033
3.3640899658203125
-8.175919532775879
3.342869997024536
-8.736889839172363
3.321660041809082
-9.297849655151367
3.3004400730133057
-9.858819961547852
3.2792201042175293
-10.4197998046875
3.257999897003174
-10.98069953918457
3.2367799282073975
-11.54170036315918
3.2155699729919434
-12.102700233459473
3.194350004196167
-12.663599967956543
3.1731300354003906
-13.224599838256836
3.1519100666046143
-13.785599708557129
3.13070011138916
-14.346500396728516
3.1094799041748047
-14.907500267028809
3.0882599353790283
-15.468500137329102
3.067039966583252
