-0.30533599853515625
9.473810195922852
0.10197900235652924
9.099120140075684
0.5092930197715759
8.724430084228516
0.9166079759597778
8.349740028381348
1.3239200115203857
7.97504997253418
1.7312400341033936
7.600359916687012
2.138550043106079
7.225669860839844
2.545870065689087
6.850979804992676
2.9531800746917725
6.476290225982666
3.3605000972747803
6.101600170135498
3.767810106277466
5.72691011428833
4.175119876861572
5.352220058441162
4.58243989944458
4.977519989013672
4.989749908447266
4.602829933166504
5.397069931030273
4.228139877319336
5.804379940032959
3.853450059890747
6.211699962615967
3.478760004043579
6.619009971618652
3.104069948196411
7.02632999420166
2.729379892349243
7.433640003204346
2.3546900749206543
7.8409600257873535
1.9800000190734863
8.248270034790039
1.6053099632263184
8.655590057373047
1.23062002658844
9.062899589538574
0.8559319972991943
9.470210075378418
0.48124098777770996
