-0.7398260235786438
4.255189895629883
-1.1429500579833984
4.64378023147583
-1.5460699796676636
5.032370090484619
-1.9491900205612183
5.420959949493408
-2.3523099422454834
5.809549808502197
-2.755429983139038
6.1981401443481445
-3.1585500240325928
6.586730003356934
-3.5616800785064697
6.975319862365723
-3.9647998809814453
7.36391019821167
-4.367919921875
7.752500057220459
-4.771039962768555
8.141090393066406
-5.174160003662109
8.529680252075195
-5.577280044555664
8.918270111083984
-5.980400085449219
9.306859970092773
-6.383530139923096
9.695449829101562
-6.78665018081665
10.083999633789062
-7.189770221710205
10.472599983215332
-7.592889785766602
10.861200332641602
-7.996009826660156
11.249799728393555
-8.399129867553711
11.638400077819824
-8.802249908447266
12.027000427246094
-9.2053804397583
12.415599822998047
-9.608499526977539
12.804200172424316
-10.01159954071045
13.19279956817627
-10.41469955444336
13.581399917602539
-10.817899703979492
13.969900131225586
-11.220999717712402
14.358499526977539
-11.624099731445312
14.747099876403809
-12.027199745178223
15.135700225830078
-12.430299758911133
15.524299621582031
-12.833499908447266
15.9128999710083
-13.236599922180176
16.30150032043457
-13.639699935913086
16.690099716186523
-14.042799949645996
17.078699111938477
-14.446000099182129
17.467300415039062
-14.849100112915039
17.855899810791016
-15.25220012664795
18.244400024414062
-15.65530014038086
18.632999420166016
