-14.373900413513184
10.415800094604492
-13.828499794006348
10.270899772644043
-13.283100128173828
10.125900268554688
-12.737700462341309
9.980990409851074
-12.19219970703125
9.836050033569336
-11.64680004119873
9.691109657287598
-11.101400375366211
9.546170234680176
-10.555999755859375
9.401220321655273
-10.010600090026855
9.256279945373535
-9.465169906616211
9.111339569091797
-8.919750213623047
8.966400146484375
-8.374340057373047
8.821459770202637
-7.828919887542725
8.676520347595215
-7.2835001945495605
8.531579971313477
-6.7380900382995605
8.386639595031738
-6.192669868469238
8.241689682006836
-5.6472601890563965
8.096750259399414
-5.101840019226074
7.951809883117676
-4.556419849395752
7.806869983673096
-4.01101016998291
7.661930084228516
-3.465590000152588
7.5169901847839355
-2.9201700687408447
7.372049808502197
-2.3747599124908447
7.227109909057617
-1.8293399810791016
7.082159996032715
-1.2839299440383911
6.937220096588135
-0.738510012626648
6.792280197143555
-0.19309300184249878
6.647339820861816
0.3523229956626892
6.502399921417236
0.8977389931678772
6.357460021972656
1.443160057067871
6.212520122528076
1.988569974899292
6.067580223083496
2.533989906311035
5.922639846801758
3.079400062561035
5.7776899337768555
3.6248199939727783
5.632750034332275
4.1702399253845215
5.487810134887695
4.7156500816345215
5.342870235443115
5.2610697746276855
5.197929859161377
5.8064799308776855
5.052989959716797
6.351900100708008
4.908050060272217
6.897319793701172
4.763110160827637
7.442729949951172
4.618159770965576
7.988150119781494
4.473219871520996
8.533570289611816
4.328279972076416
9.078980445861816
4.183340072631836
9.62440013885498
4.038400173187256
10.1697998046875
3.8934600353240967
10.715200424194336
3.7485198974609375
11.260600090026855
3.6035799980163574
11.806099891662598
3.458630084991455
12.351499557495117
3.313689947128296
12.896900177001953
3.168750047683716
13.442299842834473
3.0238099098205566
13.987700462341309
2.8788700103759766
14.533100128173828
2.7339301109313965
15.07859992980957
2.5889899730682373
15.62399959564209
2.4440500736236572
16.16939926147461
2.299099922180176
16.714799880981445
2.1541600227355957
17.26020050048828
2.0092198848724365
17.805599212646484
1.8642799854278564
18.35110092163086
1.7193399667739868
18.896499633789062
1.5743999481201172
19.4419002532959
1.429460048675537
19.987300872802734
1.2845200300216675
