-12.182000160217285
12.600199699401855
-12.427399635314941
12.106900215148926
-12.672800064086914
11.61359977722168
-12.918100357055664
11.12030029296875
-13.16349983215332
10.626999855041504
-13.40880012512207
10.133700370788574
-13.654199600219727
9.640460014343262
-13.8996000289917
9.147170066833496
-14.14490032196045
8.65388011932373
-14.390299797058105
8.160590171813965
-14.635600090026855
7.667300224304199
-14.880999565124512
7.174009799957275
-15.126299858093262
6.68071985244751
-15.371700286865234
6.187429904937744
-15.61709976196289
5.6941399574279785
-15.86240005493164
5.200850009918213
-16.107799530029297
4.707560062408447
-16.353099822998047
4.214270114898682
-16.598499298095703
3.720979928970337
-16.843900680541992
3.227679967880249
-17.08919906616211
2.7343900203704834
-17.3346004486084
2.2411000728607178
-17.57990074157715
1.7478100061416626
-17.825300216674805
1.254520058631897
-18.07069969177246
0.7612329721450806
-18.31599998474121
0.26794299483299255
-18.561399459838867
-0.22534699738025665
-18.806699752807617
-0.7186369895935059
