-19.091800689697266
8.847660064697266
-18.528900146484375
8.888199806213379
-17.965999603271484
8.928730010986328
-17.403200149536133
8.969269752502441
-16.840299606323242
9.009810447692871
-16.27739906311035
9.050350189208984
-15.714500427246094
9.090889930725098
-15.151700019836426
9.131429672241211
-14.588800430297852
9.17197036743164
-14.025899887084961
9.212510108947754
-13.463000297546387
9.253049850463867
-12.900199890136719
9.29358959197998
-12.337300300598145
9.33413028717041
-11.774399757385254
9.374670028686523
-11.21150016784668
9.415200233459473
-10.648699760437012
9.455739974975586
-10.085800170898438
9.4962797164917
-9.522919654846191
9.536820411682129
-8.960049629211426
9.577360153198242
-8.397170066833496
9.617899894714355
-7.8343000411987305
9.658439636230469
-7.271420001983643
9.698980331420898
-6.708549976348877
9.739520072937012
-6.145679950714111
9.780059814453125
-5.582799911499023
9.820599555969238
-5.019929885864258
9.861140251159668
-4.45704984664917
9.901670455932617
-3.8941800594329834
9.94221019744873
-3.3313000202178955
9.982749938964844
-2.76842999458313
10.023300170898438
-2.205549955368042
10.063799858093262
-1.642680048942566
10.104399681091309
-1.0798100233078003
10.14490032196045
-0.5169309973716736
10.185400009155273
0.04594380035996437
10.22599983215332
0.608817994594574
10.266500473022461
1.1716899871826172
10.307100296020508
1.734570026397705
10.347599983215332
2.2974400520324707
10.388099670410156
2.8603200912475586
10.42870044708252
3.423190116882324
10.469200134277344
3.986069917678833
10.50979995727539
4.548940181732178
10.550299644470215
5.111810207366943
10.590800285339355
5.674689769744873
10.631400108337402
6.237559795379639
10.671899795532227
6.800439834594727
10.712499618530273
7.363309860229492
10.753000259399414
7.92618989944458
10.793499946594238
8.489060401916504
10.834099769592285
9.051939964294434
10.874600410461426
9.6148099899292
10.915200233459473
10.17770004272461
10.955699920654297
