19.72559928894043
-15.041899681091309
19.27090072631836
-14.715100288391113
18.816299438476562
-14.388400077819824
18.361600875854492
-14.061599731445312
17.906999588012695
-13.73490047454834
17.452299118041992
-13.408100128173828
16.997600555419922
-13.081399917602539
16.542999267578125
-12.754599571228027
16.088300704956055
-12.427900314331055
15.633700370788574
-12.101099967956543
15.178999900817871
-11.774399757385254
14.724300384521484
-11.447600364685059
14.269700050354004
-11.12090015411377
13.8149995803833
-10.794099807739258
13.360400199890137
-10.467399597167969
12.905699729919434
-10.140600204467773
12.45110034942627
-9.81387996673584
11.996399879455566
-9.487130165100098
11.54170036315918
-9.160380363464355
11.0871000289917
-8.833629608154297
10.632399559020996
-8.506879806518555
10.177800178527832
-8.180130004882812
9.72311019897461
-7.85338020324707
9.268449783325195
-7.52662992477417
8.813790321350098
-7.199880123138428
8.359129905700684
-6.873129844665527
7.904469966888428
-6.546380043029785
7.449820041656494
-6.219629764556885
6.995160102844238
-5.892879962921143
6.540500164031982
-5.5661301612854
6.085840225219727
-5.2393798828125
5.6311798095703125
-4.912630081176758
5.176519870758057
-4.585879802703857
4.721869945526123
-4.259119987487793
4.267210006713867
-3.9323699474334717
3.8125500679016113
-3.6056199073791504
3.3578898906707764
-3.278870105743408
2.9032299518585205
-2.952120065689087
2.448580026626587
-2.6253700256347656
1.9939199686050415
-2.2986199855804443
1.5392600297927856
-1.971869945526123
1.0845999717712402
-1.6451200246810913
0.6299430131912231
-1.31836998462677
0.1752849966287613
-0.9916229844093323
-0.2793729901313782
-0.6648730039596558
-0.7340319752693176
-0.33812299370765686
-1.188689947128296
-0.011373000219464302
-1.6433500051498413
0.31537699699401855
-2.0980100631713867
0.6421269774436951
-2.5526599884033203
0.9688770174980164
-3.007319927215576
1.2956299781799316
-3.461980104446411
1.622380018234253
-3.916640043258667
1.9491300582885742
-4.371300220489502
2.2758800983428955
-4.825960159301758
2.6026298999786377
-5.280610084533691
2.929379940032959
-5.735270023345947
3.2561299800872803
-6.189929962158203
3.5828800201416016
-6.644589900970459
3.909630060195923
-7.099249839782715
4.236380100250244
-7.553899765014648
4.563129901885986
-8.008560180664062
4.889880180358887
-8.46321964263916
5.216629981994629
-8.917880058288574
5.543379783630371
-9.372540473937988
5.8701300621032715
-9.827190399169922
6.196879863739014
-10.281900405883789
6.523630142211914
-10.736499786376953
6.850379943847656
-11.191200256347656
7.177130222320557
-11.64579963684082
7.503880023956299
-12.100500106811523
7.830629825592041
-12.555100440979004
8.157380104064941
-13.00979995727539
8.484129905700684
-13.464500427246094
8.810879707336426
-13.919099807739258
9.137630462646484
-14.373800277709961
9.464380264282227
-14.828399658203125
9.791130065917969
-15.283100128173828
10.117899894714355
-15.737799644470215
10.444600105285645
