-0.1585330069065094
-17.975799560546875
-0.6288899779319763
-17.685100555419922
-1.0992499589920044
-17.394399642944336
-1.5696099996566772
-17.103700637817383
-2.0399599075317383
-16.813100814819336
-2.510319948196411
-16.52239990234375
-2.980679988861084
-16.231700897216797
-3.4510300159454346
-15.940999984741211
-3.9213900566101074
-15.650300025939941
-4.391749858856201
-15.359600067138672
-4.862110137939453
-15.068900108337402
-5.332459926605225
-14.778200149536133
-5.802820205688477
-14.487500190734863
-6.27318000793457
-14.196800231933594
-6.743539810180664
-13.906100273132324
-7.213890075683594
-13.615400314331055
-7.6842498779296875
-13.324799537658691
-8.154609680175781
-13.034099578857422
-8.624970436096191
-12.743399620056152
-9.095319747924805
-12.452699661254883
-9.565679550170898
-12.161999702453613
-10.03600025177002
-11.871299743652344
-10.506400108337402
-11.580599784851074
-10.976799964904785
-11.289899826049805
-11.447099685668945
-10.999199867248535
-11.917499542236328
-10.708499908447266
-12.387800216674805
-10.417799949645996
-12.858200073242188
-10.127099990844727
-13.328499794006348
-9.83644962310791
-13.79889965057373
-9.545760154724121
-14.26930046081543
-9.255069732666016
-14.73960018157959
-8.964380264282227
-15.210000038146973
-8.673689842224121
-15.680299758911133
-8.383000373840332
-16.150699615478516
-8.092300415039062
-16.621000289916992
-7.801609992980957
-17.091400146484375
-7.51092004776001
-17.561800003051758
-7.2202301025390625
-18.032100677490234
-6.929540157318115
-18.502500534057617
-6.638840198516846
-18.97279930114746
-6.34814977645874
-19.443199157714844
-6.057459831237793
-19.91349983215332
-5.766769886016846
