9.506699562072754
-18.538700103759766
9.083040237426758
-18.16939926147461
8.659370422363281
-17.800100326538086
8.235699653625488
-17.43079948425293
7.812039852142334
-17.061500549316406
7.388370037078857
-16.69219970703125
6.964710235595703
-16.322900772094727
6.541039943695068
-15.95359992980957
6.117380142211914
-15.58430004119873
5.693709850311279
-15.21500015258789
5.270040035247803
-14.84570026397705
4.846380233764648
-14.476400375366211
4.422709941864014
-14.107099533081055
3.9990499019622803
-13.737899780273438
3.5753800868988037
-13.368599891662598
3.151710033416748
-12.999300003051758
2.7280499935150146
-12.630000114440918
2.304379940032959
-12.260700225830078
1.8807200193405151
-11.891400337219238
1.4570499658584595
-11.522100448608398
1.0333900451660156
-11.152799606323242
0.60971999168396
-10.783499717712402
0.18605400621891022
-10.414199829101562
-0.23761199414730072
-10.044899940490723
-0.6612780094146729
-9.675640106201172
-1.084939956665039
-9.306349754333496
-1.5086100101470947
-8.937060356140137
-1.9322799444198608
-8.567770004272461
-2.355940103530884
-8.198479652404785
-2.7796099185943604
-7.829179763793945
-3.2032699584960938
-7.459889888763428
-3.6269400119781494
-7.09060001373291
-4.050600051879883
-6.721310138702393
-4.474269866943359
-6.352019786834717
-4.897940158843994
-5.982719898223877
-5.321599960327148
-5.613430023193359
-5.745269775390625
-5.244140148162842
-6.1689300537109375
-4.874849796295166
-6.592599868774414
-4.505559921264648
-7.016270160675049
-4.136260032653809
-7.439929962158203
-3.766969919204712
-7.86359977722168
-3.3976800441741943
-8.287260055541992
-3.0283899307250977
-8.710929870605469
-2.65910005569458
-9.134590148925781
-2.289799928665161
-9.558259963989258
-1.9205100536346436
-9.981929779052734
-1.5512200593948364
-10.405599594116211
-1.1819299459457397
-10.829299926757812
-0.8126350045204163
-11.252900123596191
-0.44334301352500916
-11.676600456237793
-0.0740509033203125
