11.126500129699707
-10.298299789428711
10.598999977111816
-10.47029972076416
10.071599960327148
-10.64229965209961
9.544130325317383
-10.814200401306152
9.016690254211426
-10.986200332641602
8.489250183105469
-11.158100128173828
7.9618000984191895
-11.330100059509277
7.434360027313232
-11.502099990844727
6.906919956207275
-11.673999786376953
6.379469871520996
-11.845999717712402
5.852029800415039
-12.017900466918945
5.32459020614624
-12.189900398254395
4.797140121459961
-12.361900329589844
4.269700050354004
-12.53380012512207
3.742259979248047
-12.70580005645752
3.2148098945617676
-12.877799987792969
2.6873700618743896
-13.049699783325195
2.1599299907684326
-13.221699714660645
1.6324900388717651
-13.393600463867188
1.1050399541854858
-13.565600395202637
0.5775989890098572
-13.737600326538086
0.050155799835920334
-13.909500122070312
-0.4772869944572449
-14.081500053405762
-1.004729986190796
-14.253399848937988
-1.532170057296753
-14.425399780273438
-2.059619903564453
-14.597399711608887
-2.58705997467041
-14.76930046081543
-3.114500045776367
-14.941300392150879
-3.6419498920440674
-15.113300323486328
-4.1693902015686035
-15.285200119018555
-4.696829795837402
-15.457200050354004
-5.224279880523682
-15.62909984588623
-5.751719951629639
-15.80109977722168
-6.279160022735596
-15.973099708557129
-6.806600093841553
-16.145000457763672
-7.334050178527832
-16.316999435424805
-7.861489772796631
-16.48889923095703
-8.388930320739746
-16.660900115966797
-8.916379928588867
-16.83289909362793
-9.443819999694824
-17.00480079650879
-9.971260070800781
-17.176799774169922
-10.498700141906738
-17.34869956970215
-11.026100158691406
-17.520700454711914
-11.553600311279297
-17.692699432373047
-12.081000328063965
-17.864599227905273
-12.608499526977539
-18.03660011291504
-13.135899543762207
-18.208599090576172
-13.663399696350098
-18.38050079345703
-14.190799713134766
-18.552499771118164
-14.718299865722656
-18.72439956665039
