17.464599609375
-15.59570026397705
16.953100204467773
-15.796600341796875
16.441600799560547
-15.9975004196167
15.930100440979004
-16.198400497436523
15.418600082397461
-16.39929962158203
14.906999588012695
-16.600200653076172
14.395500183105469
-16.80109977722168
13.883999824523926
-17.00200080871582
13.3725004196167
-17.202899932861328
12.861000061035156
-17.403900146484375
12.349499702453613
-17.604799270629883
11.838000297546387
-17.805700302124023
11.326499938964844
-18.00659942626953
10.814900398254395
-18.207500457763672
10.303400039672852
-18.40839958190918
9.791910171508789
-18.60930061340332
9.280400276184082
-18.810199737548828
8.768890380859375
-19.011199951171875
8.257369995117188
-19.212099075317383
7.7458600997924805
-19.413000106811523
7.234350204467773
-19.61389923095703
