-14.817099571228027
-11.430000305175781
-14.327899932861328
-11.15250015258789
-13.838700294494629
-10.875100135803223
-13.349499702453613
-10.597700119018555
-12.860300064086914
-10.320300102233887
-12.371100425720215
-10.042900085449219
-11.8818998336792
-9.765460014343262
-11.3927001953125
-9.48805046081543
-10.903499603271484
-9.210630416870117
-10.414299964904785
-8.933210372924805
-9.925100326538086
-8.655799865722656
-9.43589973449707
-8.378379821777344
-8.946709632873535
-8.100970268249512
-8.457509994506836
-7.823550224304199
-7.9683098793029785
-7.546130180358887
-7.479119777679443
-7.2687201499938965
-6.989920139312744
-6.991300106048584
-6.500720024108887
-6.7138800621032715
-6.011529922485352
-6.436470031738281
-5.522329807281494
-6.159049987792969
-5.033140182495117
-5.8816399574279785
-4.54394006729126
-5.604219913482666
-4.054739952087402
-5.3267998695373535
-3.5655500888824463
-5.049389839172363
-3.076349973678589
-4.771969795227051
-2.587160110473633
-4.4945502281188965
-2.0979599952697754
-4.217140197753906
-1.6087599992752075
-3.9397199153900146
-1.119570016860962
-3.6623098850250244
-0.6303709745407104
-3.384890079498291
-0.14117500185966492
-3.1074700355529785
0.348021000623703
-2.8300600051879883
0.8372179865837097
-2.552639961242676
1.3264100551605225
-2.2752199172973633
1.8156100511550903
-1.9978100061416626
2.304810047149658
-1.72038996219635
2.7939999103546143
-1.4429800510406494
3.2832000255584717
-1.165560007095337
3.7723898887634277
-0.8881440162658691
4.261590003967285
-0.6107270121574402
4.750790119171143
-0.33331099152565
5.239980220794678
-0.05589490011334419
5.729179859161377
0.22152100503444672
6.218369960784912
0.4989379942417145
6.7075700759887695
0.7763540148735046
7.196770191192627
1.0537699460983276
7.685959815979004
1.3311899900436401
8.17516040802002
1.6086000204086304
