-18.034000396728516
18.060199737548828
-17.486499786376953
17.95400047302246
-16.93899917602539
17.847700119018555
-16.391599655151367
17.74139976501465
-15.844099998474121
17.63520050048828
-15.296600341796875
17.528900146484375
-14.749099731445312
17.42259979248047
-14.201600074768066
17.3164005279541
-13.65410041809082
17.210100173950195
-13.10669994354248
17.10379981994629
-12.559200286865234
16.997600555419922
-12.011699676513672
16.891300201416016
-11.464200019836426
16.78499984741211
-10.91670036315918
16.678800582885742
-10.369199752807617
16.572500228881836
-9.821749687194824
16.46619987487793
-9.274270057678223
16.360000610351562
-8.726790428161621
16.253700256347656
-8.179300308227539
16.14739990234375
-7.631820201873779
16.041200637817383
-7.0843400955200195
15.934900283813477
-6.5368499755859375
15.82859992980957
-5.989369869232178
15.722399711608887
-5.441889762878418
15.616100311279297
-4.894400119781494
15.50979995727539
-4.346920013427734
15.403599739074707
-3.7994399070739746
15.297300338745117
-3.2519500255584717
15.190999984741211
-2.704469919204712
15.084799766540527
-2.1569900512695312
14.978500366210938
-1.6095000505447388
14.872200012207031
-1.062019944190979
14.765999794006348
-0.5145360231399536
14.659700393676758
0.03294749930500984
14.553400039672852
0.5804309844970703
14.447199821472168
1.1279100179672241
14.340900421142578
1.6754000186920166
14.234600067138672
2.2228798866271973
14.128299713134766
2.770359992980957
14.022100448608398
3.317850112915039
13.915800094604492
3.8653299808502197
13.809499740600586
4.412819862365723
13.703300476074219
4.960299968719482
13.597000122070312
5.507780075073242
13.490699768066406
6.055270195007324
13.384499549865723
6.602749824523926
13.278200149536133
7.1502299308776855
13.171899795532227
7.697720050811768
13.065699577331543
8.245200157165527
12.959400177001953
8.792679786682129
12.853099822998047
9.340169906616211
12.746899604797363
9.887649536132812
12.640600204467773
10.435099601745605
12.534299850463867
10.982600212097168
12.428099632263184
