18.81410026550293
-8.268630027770996
18.463699340820312
-7.829949855804443
18.113300323486328
-7.391270160675049
17.76289939880371
-6.952600002288818
17.412500381469727
-6.513919830322266
17.06209945678711
-6.075240135192871
16.711599349975586
-5.636569976806641
16.3612003326416
-5.197889804840088
16.010799407958984
-4.759210109710693
15.660400390625
-4.320529937744141
15.3100004196167
-3.8818600177764893
14.959600448608398
-3.4431800842285156
14.609199523925781
-3.004499912261963
14.25879955291748
-2.5658199787139893
13.90839958190918
-2.127150058746338
13.557999610900879
-1.6884700059890747
13.207599639892578
-1.2497899532318115
12.857199668884277
-0.8111159801483154
12.506799697875977
-0.3724389970302582
12.156299591064453
0.06623870134353638
11.805899620056152
0.5049160122871399
11.455499649047852
0.9435930252075195
11.10509967803955
1.3822699785232544
10.75469970703125
1.8209500312805176
10.40429973602295
2.259619951248169
10.053899765014648
2.6982998847961426
9.703490257263184
3.1369800567626953
9.353079795837402
3.575659990310669
9.002670288085938
4.01432991027832
8.652270317077637
4.453010082244873
8.301859855651855
4.891689777374268
7.951449871063232
5.33036994934082
7.601039886474609
5.769040107727051
7.250629901885986
6.207719802856445
6.9002299308776855
6.646399974822998
6.5498199462890625
7.0850701332092285
6.1994099617004395
7.523749828338623
5.848999977111816
7.962430000305176
5.498589992523193
8.40110969543457
5.148190021514893
8.8397798538208
4.7977800369262695
9.278459548950195
4.4473700523376465
9.717140197753906
4.096960067749023
10.155799865722656
3.7465600967407227
10.594499588012695
3.3961501121520996
11.03320026397705
3.0457398891448975
11.471799850463867
2.6953299045562744
11.910499572753906
2.3449199199676514
12.349200248718262
1.9945199489593506
12.7878999710083
1.6441099643707275
13.22659969329834
1.2936999797821045
13.665200233459473
0.9432920217514038
14.103899955749512
0.5928840041160583
14.54259967803955
0.24247600138187408
14.981300354003906
-0.10793200135231018
15.419899940490723
-0.45833998918533325
15.858599662780762
