11.49940013885498
16.594600677490234
11.11240005493164
16.194000244140625
10.725299835205078
15.793399810791016
10.338299751281738
15.392800331115723
9.9512300491333
14.992199897766113
9.564180374145508
14.59160041809082
9.177140235900879
14.190999984741211
8.79008960723877
13.790399551391602
8.403050422668457
13.389800071716309
8.015999794006348
12.9891996383667
7.628960132598877
12.588600158691406
7.241919994354248
12.187999725341797
6.854869842529297
11.787300109863281
6.467830181121826
11.386699676513672
6.080780029296875
10.986100196838379
5.693739891052246
10.58549976348877
5.306690216064453
10.184900283813477
4.919650077819824
9.784330368041992
4.532609939575195
9.383720397949219
4.145559787750244
8.98311996459961
3.7585198879241943
8.582509994506836
3.3714699745178223
8.181909561157227
2.9844300746917725
7.781300067901611
2.5973799228668213
7.38070011138916
2.2103400230407715
6.980090141296387
1.8232899904251099
6.5794901847839355
1.4362499713897705
6.178880214691162
1.0492099523544312
5.778279781341553
0.6621620059013367
5.377669811248779
0.27511700987815857
4.977069854736328
-0.11192700266838074
4.576469898223877
-0.49897098541259766
4.1758599281311035
-0.8860160112380981
3.7752599716186523
-1.2730599641799927
3.374650001525879
-1.660099983215332
2.9740500450134277
-2.047149896621704
2.5734400749206543
-2.434190034866333
2.172840118408203
-2.821239948272705
1.7722300291061401
-3.208280086517334
1.3716299533843994
-3.595329999923706
0.9710230231285095
-3.982369899749756
0.5704190135002136
-4.369410037994385
0.16981400549411774
-4.756460189819336
-0.23079100251197815
-5.143499851226807
-0.6313949823379517
-5.530550003051758
-1.031999945640564
-5.917590141296387
-1.4326000213623047
-6.30463981628418
-1.8332099914550781
-6.691679954528809
-2.2338099479675293
-7.0787200927734375
-2.6344199180603027
