15.067399978637695
14.237600326538086
14.638099670410156
13.876799583435059
14.208700180053711
13.515999794006348
13.779399871826172
13.155200004577637
13.350000381469727
12.794400215148926
12.920700073242188
12.433699607849121
12.491299629211426
12.07289981842041
12.062000274658203
11.7121000289917
11.632599830627441
11.351300239562988
11.203300476074219
10.990500450134277
10.773900032043457
10.62969970703125
10.344599723815918
10.268899917602539
9.915240287780762
9.908100128173828
9.48589038848877
9.547309875488281
9.056539535522461
9.186519622802734
8.627189636230469
8.825719833374023
8.197850227355957
8.464929580688477
7.768499851226807
8.104140281677246
7.3391499519348145
7.743340015411377
6.909800052642822
7.38254976272583
6.480460166931152
7.021759986877441
6.051109790802002
6.6609601974487305
5.62175989151001
6.300169944763184
5.192409992218018
5.939380168914795
4.763060092926025
5.578579902648926
4.3337202072143555
5.217790126800537
3.904370069503784
4.85699987411499
3.475019931793213
4.496210098266602
3.0456700325012207
4.135409832000732
2.6163299083709717
3.7746200561523438
2.1869800090789795
3.413830041885376
1.7576299905776978
3.053030014038086
1.328279972076416
2.692239999771118
0.8989350199699402
2.3314499855041504
0.4695880115032196
1.9706499576568604
0.04023979976773262
1.6098599433898926
-0.38910800218582153
1.2490700483322144
-0.8184559941291809
0.8882750272750854
-1.2477999925613403
0.5274819731712341
-1.677150011062622
0.16668899357318878
-2.1064999103546143
-0.19410400092601776
-2.5358500480651855
-0.5548970103263855
-2.9651899337768555
-0.915690004825592
-3.3945400714874268
-1.276479959487915
-3.823889970779419
-1.637279987335205
-4.25324010848999
-1.9980700016021729
-4.68257999420166
-2.3588600158691406
-5.111929893493652
-2.7196500301361084
-5.5412797927856445
-3.0804500579833984
-5.970630168914795
-3.441240072250366
-6.399980068206787
-3.802030086517334
-6.829319953918457
-4.162829875946045
-7.258669853210449
-4.523620128631592
-7.6880202293396
-4.8844099044799805
-8.117369651794434
-5.24521017074585
-8.546710014343262
-5.605999946594238
-8.976059913635254
-5.966790199279785
-9.405409812927246
-6.327589988708496
-9.834759712219238
-6.688379764556885
-10.264100074768066
-7.049170017242432
-10.693499565124512
-7.40995979309082
-11.12279987335205
-7.7707600593566895
-11.55210018157959
-8.131549835205078
-11.981499671936035
-8.492340087890625
-12.410799980163574
-8.853139877319336
-12.840200424194336
-9.213930130004883
-13.269499778747559
-9.57472038269043
-13.69890022277832
-9.93552017211914
-14.128199577331543
-10.296299934387207
-14.557600021362305
-10.657099723815918
-14.986900329589844
-11.017900466918945
-15.416299819946289
-11.378700256347656
-15.845600128173828
-11.739500045776367
-16.274999618530273
-12.100299835205078
-16.704299926757812
-12.461099624633789
-17.133699417114258
-12.821900367736816
-17.562999725341797
-13.182700157165527
-17.992399215698242
-13.543399810791016
-18.42169952392578
-13.904199600219727
-18.85110092163086
-14.265000343322754
-19.280399322509766
-14.625800132751465
