-19.891000747680664
-16.255399703979492
-19.479700088500977
-15.870499610900879
-19.068500518798828
-15.485600471496582
-18.65719985961914
-15.100700378417969
-18.246000289916992
-14.715700149536133
-17.834699630737305
-14.33080005645752
-17.423500061035156
-13.945899963378906
-17.01219940185547
-13.560999870300293
-16.60099983215332
-13.17609977722168
-16.189699172973633
-12.791199684143066
-15.778499603271484
-12.406299591064453
-15.367199897766113
-12.021300315856934
-14.956000328063965
-11.63640022277832
-14.544699668884277
-11.251500129699707
-14.133500099182129
-10.866600036621094
-13.722200393676758
-10.48169994354248
-13.310999870300293
-10.096799850463867
-12.899700164794922
-9.711859703063965
-12.48840045928955
-9.326939582824707
-12.077199935913086
-8.94202995300293
-11.665900230407715
-8.557109832763672
-11.25469970703125
-8.172200202941895
-10.843400001525879
-7.787280082702637
-10.43220043182373
-7.402369976043701
-10.020899772644043
-7.017449855804443
-9.609689712524414
-6.632540225982666
-9.198439598083496
-6.247620105743408
-8.787190437316895
-5.862709999084473
-8.375940322875977
-5.477799892425537
-7.964690208435059
-5.092879772186279
-7.553440093994141
-4.707970142364502
-7.142189979553223
-4.323050022125244
-6.730939865112305
-3.9381399154663086
-6.319690227508545
-3.55322003364563
-5.908440113067627
-3.1683099269866943
-5.497189998626709
-2.7833900451660156
-5.085939884185791
-2.39847993850708
-4.674680233001709
-2.0135600566864014
-4.263430118560791
-1.6286499500274658
-3.852180004119873
-1.2437299489974976
-3.440929889678955
-0.8588190078735352
-3.029680013656616
-0.473904013633728
-2.6184298992156982
-0.08898960053920746
-2.2071800231933594
0.29592499136924744
-1.795930027961731
0.680840015411377
-1.3846800327301025
1.065750002861023
-0.9734280109405518
1.4506700038909912
-0.5621770024299622
1.8355799913406372
-0.15092599391937256
2.2204999923706055
0.26032501459121704
2.605410099029541
0.6715750098228455
2.9903299808502197
1.0828299522399902
3.3752400875091553
1.4940799474716187
3.760159969329834
1.905329942703247
4.1450700759887695
2.316580057144165
4.529990196228027
2.727829933166504
4.914899826049805
3.139080047607422
5.2998199462890625
3.5503299236297607
5.684730052947998
3.9615800380706787
6.069650173187256
4.372829914093018
6.454559803009033
4.7840800285339355
6.839479923248291
5.1953301429748535
7.224390029907227
5.606579780578613
7.609300136566162
6.0178399085998535
7.994219779968262
6.4290900230407715
8.379130363464355
6.8403401374816895
8.764049530029297
7.251589775085449
9.14896011352539
7.662839889526367
9.533880233764648
8.074090003967285
9.918789863586426
8.485340118408203
10.30370044708252
8.896590232849121
10.688599586486816
9.307840347290039
11.07349967956543
9.719090461730957
11.458499908447266
10.13029956817627
11.843400001525879
10.541600227355957
12.228300094604492
10.952799797058105
12.613200187683105
11.364100456237793
12.998100280761719
11.775300025939941
13.383000373840332
12.186599731445312
13.767900466918945
12.597800254821777
14.152899742126465
13.009099960327148
14.537799835205078
