-2.098860025405884
15.4552001953125
-1.557960033416748
15.331199645996094
-1.01705002784729
15.207200050354004
-0.4761430025100708
15.083200454711914
0.06476309895515442
14.959199905395508
0.6056690216064453
14.835200309753418
1.1465799808502197
14.711199760437012
1.6874799728393555
14.5871000289917
2.2283899784088135
14.46310043334961
2.769289970397949
14.339099884033203
3.3101999759674072
14.215100288391113
3.8511099815368652
14.091099739074707
4.39201021194458
13.967100143432617
4.932919979095459
13.843099594116211
5.473820209503174
13.719099998474121
6.014729976654053
13.595000267028809
6.55564022064209
13.470999717712402
7.0965399742126465
13.347000122070312
7.637450218200684
13.222999572753906
8.178359985351562
13.098999977111816
8.719260215759277
12.975000381469727
9.260169982910156
12.85099983215332
9.801070213317871
12.726900100708008
10.342000007629395
12.602899551391602
10.88290023803711
12.478899955749512
11.423800468444824
12.354900360107422
11.964699745178223
12.230899810791016
12.505599975585938
12.106900215148926
13.046500205993652
11.98289966583252
13.587400436401367
11.85890007019043
14.128299713134766
11.734800338745117
14.66919994354248
11.610799789428711
15.210100173950195
11.486800193786621
