8.640589714050293
-13.195599555969238
8.093090057373047
-13.256699562072754
7.54557991027832
-13.317700386047363
6.998079776763916
-13.378700256347656
6.45058012008667
-13.439800262451172
5.903069972991943
-13.500800132751465
5.355569839477539
-13.561800003051758
4.808060169219971
-13.62279987335205
4.260560035705566
-13.683899879455566
3.713059902191162
-13.74489974975586
3.1655499935150146
-13.805899620056152
2.6180500984191895
-13.866999626159668
2.070539951324463
-13.928000450134277
1.5230400562286377
-13.98900032043457
0.9755370020866394
-14.050100326538086
0.4280329942703247
-14.111100196838379
-0.1194709986448288
-14.172100067138672
-0.6669750213623047
-14.233200073242188
-1.2144800424575806
-14.29419994354248
-1.7619800567626953
-14.355199813842773
-2.3094899654388428
-14.416299819946289
-2.856990098953247
-14.477299690246582
-3.4045000076293945
-14.538299560546875
