-7.141980171203613
-18.232099533081055
-7.221590042114258
-17.67799949645996
-7.301199913024902
-17.123899459838867
-7.380809783935547
-16.569700241088867
-7.460430145263672
-16.015600204467773
-7.540040016174316
-15.461400032043457
-7.619649887084961
-14.907299995422363
-7.699260234832764
-14.35319995880127
-7.778870105743408
-13.798999786376953
-7.858479976654053
-13.24489974975586
-7.938089847564697
-12.690799713134766
-8.017709732055664
-12.13659954071045
-8.097319602966309
-11.582500457763672
-8.17693042755127
-11.028300285339355
-8.256540298461914
-10.474200248718262
-8.336150169372559
-9.920069694519043
-8.415760040283203
-9.36592960357666
-8.495369911193848
-8.811790466308594
-8.574990272521973
-8.257650375366211
-8.654600143432617
-7.703519821166992
-8.734210014343262
-7.149380207061768
-8.813819885253906
-6.595240116119385
-8.89342975616455
-6.041100025177002
-8.973039627075195
-5.486969947814941
-9.052650451660156
-4.932829856872559
-9.132269859313965
-4.378689765930176
-9.21187973022461
-3.824549913406372
-9.291489601135254
-3.2704100608825684
-9.371100425720215
-2.716279983520508
-9.45071029663086
-2.162139892578125
-9.530320167541504
-1.6080000400543213
-9.609939575195312
-1.0538599491119385
-9.689550399780273
-0.49972599744796753
-9.769160270690918
0.054412100464105606
-9.848770141601562
0.6085500121116638
-9.928380012512207
1.1626900434494019
-10.008000373840332
1.7168300151824951
-10.087599754333496
2.2709600925445557
-10.167200088500977
2.8250999450683594
-10.246800422668457
3.379240036010742
-10.326399803161621
3.933379888534546
-10.406000137329102
4.4875102043151855
-10.485699653625488
5.04164981842041
-10.565299987792969
5.595789909362793
-10.64490032196045
6.149930000305176
-10.724499702453613
6.704070091247559
-10.804100036621094
7.258200168609619
-10.883700370788574
7.812339782714844
-10.963299751281738
8.366479873657227
-11.042900085449219
8.92061996459961
-11.122599601745605
9.474749565124512
-11.202199935913086
10.028900146484375
-11.281800270080566
10.583000183105469
-11.36139965057373
11.137200355529785
-11.440999984741211
11.691300392150879
-11.520600318908691
12.245400428771973
-11.600199699401855
12.799599647521973
-11.679800033569336
13.353699684143066
-11.759400367736816
13.907899856567383
-11.839099884033203
14.461999893188477
-11.918700218200684
15.01609992980957
-11.998299598693848
15.570300102233887
-12.077899932861328
16.124399185180664
-12.157500267028809
16.678499221801758
-12.237099647521973
17.23270034790039
-12.316699981689453
17.786800384521484
-12.396300315856934
18.340999603271484
-12.475899696350098
18.895099639892578
