16.437599182128906
8.71127986907959
16.499799728393555
8.163829803466797
16.56209945678711
7.616380214691162
16.624399185180664
7.068940162658691
16.68670082092285
6.521490097045898
16.749000549316406
5.9740400314331055
16.811199188232422
5.4265899658203125
16.87350082397461
4.8791399002075195
16.935800552368164
4.331699848175049
16.99810028076172
3.784250020980835
17.060300827026367
3.236799955368042
17.122600555419922
2.689349889755249
17.184900283813477
2.141900062561035
17.24720001220703
1.5944499969482422
17.309499740600586
1.0470099449157715
17.371700286865234
0.4995580017566681
17.43400001525879
-0.04789020121097565
17.496299743652344
-0.595337986946106
17.5585994720459
-1.1427899599075317
17.620800018310547
-1.6902300119400024
17.6830997467041
-2.237679958343506
17.745399475097656
-2.785130023956299
17.80769920349121
-3.332580089569092
17.8700008392334
-3.8800299167633057
17.932199478149414
-4.427480220794678
17.99449920654297
-4.97491979598999
18.056800842285156
-5.522369861602783
18.11910057067871
-6.069819927215576
18.181299209594727
-6.617269992828369
18.243600845336914
-7.164720058441162
