9.565569877624512
19.92340087890625
10.091899871826172
19.8356990814209
10.618300437927246
19.74799919128418
11.144700050354004
19.660200119018555
11.670999526977539
19.572500228881836
12.197400093078613
19.484800338745117
12.723699569702148
19.3971004486084
13.250100135803223
19.30929946899414
13.77649974822998
19.221599578857422
14.302800178527832
19.133899688720703
14.82919979095459
19.046199798583984
15.355500221252441
18.95840072631836
15.8818998336792
18.87070083618164
16.408300399780273
18.783000946044922
16.934600830078125
18.695199966430664
