2.731829881668091
6.569819927215576
2.330209970474243
6.196249961853027
1.9285900592803955
5.822669982910156
1.5269700288772583
5.449100017547607
1.1253600120544434
5.075520038604736
0.7237380146980286
4.7019500732421875
0.3221200108528137
4.328370094299316
-0.07949800044298172
3.9547998905181885
-0.48111599683761597
3.5812199115753174
-0.8827340006828308
3.2076399326324463
-1.284350037574768
2.8340699672698975
-1.6859699487686157
2.4604899883270264
-2.087589979171753
2.0869200229644775
-2.4892098903656006
1.7133400440216064
-2.890820026397705
1.339769959449768
-3.2924399375915527
0.9661909937858582
-3.6940600872039795
0.5926160216331482
-4.095680236816406
0.21904000639915466
-4.497300148010254
-0.15453499555587769
-4.898920059204102
-0.5281109809875488
-5.300529956817627
-0.9016860127449036
-5.702149868011475
-1.2752599716186523
-6.103769779205322
-1.6488399505615234
-6.505390167236328
-2.0224099159240723
-6.907010078430176
-2.3959898948669434
-7.308619976043701
-2.7695600986480713
-7.710239887237549
-3.1431400775909424
-8.111860275268555
-3.516710042953491
-8.513480186462402
-3.8902900218963623
-8.91510009765625
-4.263869762420654
-9.316710472106934
-4.637440204620361
-9.718330383300781
-5.011020183563232
