10.601300239562988
11.288200378417969
10.125100135803223
11.002699851989746
9.649009704589844
10.717100143432617
9.172880172729492
10.431500434875488
8.69674015045166
10.145999908447266
8.220609664916992
9.860389709472656
7.744470119476318
9.574810028076172
7.268340110778809
9.289239883422852
6.792200088500977
9.003669738769531
6.3160600662231445
8.718099594116211
5.839930057525635
8.432530403137207
5.363790035247803
8.146960258483887
4.887660026550293
7.861380100250244
4.411520004272461
7.575809955596924
3.935389995574951
7.2902398109436035
3.459249973297119
7.004670143127441
2.9831199645996094
6.719099998474121
2.5069799423217773
6.433529853820801
2.0308499336242676
6.147950172424316
1.554710030555725
5.862380027770996
1.078570008277893
5.576809883117676
0.6024389863014221
5.291240215301514
0.12630300223827362
5.005670070648193
-0.3498319983482361
4.720099925994873
-0.8259680271148682
4.4345197677612305
-1.3020999431610107
4.148950099945068
-1.7782399654388428
3.863379955291748
-2.2543699741363525
3.577810049057007
-2.7305099964141846
3.2922399044036865
-3.2066500186920166
3.0066699981689453
-3.6827800273895264
2.721090078353882
-4.158919811248779
2.4355199337005615
-4.635049819946289
2.1499500274658203
-5.111189842224121
1.8643800020217896
-5.587319850921631
1.5788099765777588
-6.063459873199463
1.293239951133728
-6.539589881896973
1.0076600313186646
-7.015729904174805
0.7220919728279114
-7.4918599128723145
0.4365200102329254
-7.9679999351501465
0.15094900131225586
-8.444140434265137
-0.13462300598621368
-8.920269966125488
-0.4201950132846832
