-2.1221399307250977
-9.821720123291016
-2.521209955215454
-9.435580253601074
-2.9202799797058105
-9.049429893493652
-3.3193399906158447
-8.663290023803711
-3.718410015106201
-8.27715015411377
-4.1174798011779785
-7.890999794006348
-4.516550064086914
-7.504859924316406
-4.915619850158691
-7.118710041046143
-5.314690113067627
-6.732570171356201
-5.713749885559082
-6.346419811248779
-6.112820148468018
-5.960279941558838
-6.511889934539795
-5.574130058288574
-6.9109601974487305
-5.187990188598633
-7.310029983520508
-4.801839828491211
-7.709099769592285
-4.4156999588012695
-8.108160018920898
-4.029550075531006
-8.507229804992676
-3.6434099674224854
-8.906299591064453
-3.257270097732544
-9.305370330810547
-2.871119976043701
-9.704440116882324
-2.4849801063537598
-10.103500366210938
-2.098829984664917
-10.502599716186523
-1.712689995765686
-10.901599884033203
-1.3265399932861328
-11.300700187683105
-0.9403970241546631
-11.699799537658691
-0.5542529821395874
-12.098799705505371
-0.1681080013513565
-12.497900009155273
0.21803699433803558
-12.897000312805176
0.6041809916496277
-13.296099662780762
0.9903259873390198
