-1.9839400053024292
-10.280799865722656
-1.4425699710845947
-10.431900024414062
-0.9012069702148438
-10.583000183105469
-0.359840989112854
-10.734100341796875
0.18152500689029694
-10.885100364685059
0.7228909730911255
-11.036199569702148
1.2642600536346436
-11.187299728393555
1.8056199550628662
-11.338399887084961
2.3469901084899902
-11.489399909973145
2.888350009918213
-11.64050006866455
3.429719924926758
-11.791600227355957
3.971090078353882
-11.942700386047363
4.512450218200684
-12.093799591064453
5.0538201332092285
-12.244799613952637
5.595180034637451
-12.395899772644043
6.136549949645996
-12.54699993133545
6.677909851074219
-12.698100090026855
7.219279766082764
-12.849200248718262
7.760650157928467
-13.000200271606445
8.302009582519531
-13.151300430297852
8.843379974365234
-13.302399635314941
9.384739875793457
-13.453499794006348
9.92611026763916
-13.604599952697754
10.467499732971191
-13.755599975585938
11.00879955291748
-13.906700134277344
11.550200462341309
-14.05780029296875
12.09160041809082
-14.208900451660156
12.63290023803711
-14.35990047454834
13.174300193786621
-14.51099967956543
13.715700149536133
-14.662099838256836
14.256999969482422
-14.813199996948242
