-6.240799903869629
6.448639869689941
-5.842299938201904
6.065420150756836
-5.443809986114502
5.68218994140625
-5.0453200340271
5.2989702224731445
-4.646820068359375
4.915750026702881
-4.248330116271973
4.532529830932617
-3.849839925765991
4.1493000984191895
-3.4513399600982666
3.766079902648926
-3.0528500080108643
3.382859945297241
-2.654360055923462
2.9996399879455566
-2.2558600902557373
2.61641001701355
-1.8573700189590454
2.2331900596618652
-1.4588799476623535
1.8499699831008911
-1.060379981994629
1.4667500257492065
-0.6618880033493042
1.0835200548171997
-0.2633950114250183
0.7002999782562256
0.13509899377822876
0.31707701086997986
0.5335919857025146
-0.0661453977227211
0.9320859909057617
-0.4493680000305176
1.3305799961090088
-0.8325909972190857
1.7290699481964111
-1.215809941291809
2.1275699138641357
-1.5990400314331055
2.526060104370117
-1.98225998878479
2.9245500564575195
-2.3654799461364746
3.323050022125244
-2.748699903488159
3.7215399742126465
-3.131930112838745
4.120029926300049
-3.5151500701904297
4.518529891967773
-3.8983700275421143
4.917019844055176
-4.281589984893799
5.315509796142578
-4.664820194244385
5.714009761810303
-5.04803991317749
6.112500190734863
-5.431260108947754
6.510990142822266
-5.814479827880859
6.90949010848999
-6.197710037231445
7.307980060577393
-6.580930233001709
7.706480026245117
-6.9641499519348145
8.10496997833252
-7.347370147705078
8.503459930419922
-7.730599880218506
8.901960372924805
-8.11382007598877
9.300450325012207
-8.497039794921875
