12.828399658203125
9.856599807739258
12.340700149536133
9.579950332641602
11.852999687194824
9.303299903869629
11.365300178527832
9.026650428771973
10.8774995803833
8.749990463256836
10.389800071716309
8.473340034484863
9.902130126953125
8.19668960571289
9.414420127868652
7.920040130615234
8.92671012878418
7.643380165100098
8.439000129699707
7.366730213165283
7.951290130615234
7.0900797843933105
7.463580131530762
6.813419818878174
6.975870132446289
6.536769866943359
6.488160133361816
6.260119915008545
6.000460147857666
5.9834699630737305
5.512750148773193
5.706809997558594
5.025040149688721
5.430160045623779
4.537330150604248
5.153510093688965
4.049620151519775
4.87686014175415
3.5619099140167236
4.600200176239014
3.074199914932251
4.323550224304199
2.5864899158477783
4.046899795532227
2.0987799167633057
3.770250082015991
1.6110800504684448
3.4935901165008545
1.1233700513839722
3.216939926147461
0.6356580257415771
2.9402899742126465
0.1479489952325821
2.663640022277832
