-16.306900024414062
9.70083999633789
-15.743399620056152
9.70324993133545
-15.179900169372559
9.705670356750488
-14.616399765014648
9.708080291748047
-14.052900314331055
9.71049976348877
-13.489299774169922
9.712909698486328
-12.925800323486328
9.715330123901367
-12.362299919128418
9.717740058898926
-11.798800468444824
9.720149993896484
-11.235300064086914
9.722570419311523
-10.671799659729004
9.724980354309082
-10.10830020904541
9.727399826049805
-9.544759750366211
9.729809761047363
-8.981249809265137
9.732219696044922
-8.417739868164062
9.734640121459961
-7.854229927062988
9.73705005645752
-7.290719985961914
9.739469528198242
-6.727200031280518
9.741880416870117
-6.163690090179443
9.74429988861084
-5.600180149078369
9.746709823608398
-5.036670207977295
9.749119758605957
-4.4731597900390625
9.751540184020996
-3.9096500873565674
9.753950119018555
-3.346129894256592
9.756369590759277
-2.7826199531555176
9.758779525756836
-2.2191100120544434
9.761190414428711
-1.6555999517440796
9.763609886169434
-1.0920900106430054
9.766019821166992
-0.5285770297050476
9.768440246582031
0.034934401512145996
9.77085018157959
0.5984460115432739
9.773269653320312
1.1619600057601929
9.775679588317871
1.725469946861267
9.77808952331543
2.288980007171631
9.780509948730469
2.852489948272705
9.782919883728027
3.4159998893737793
9.785340309143066
3.979520082473755
9.787750244140625
4.54302978515625
9.790169715881348
5.106540203094482
9.792579650878906
5.670050144195557
9.794989585876465
6.233560085296631
9.797410011291504
6.797070026397705
9.799819946289062
7.360579967498779
9.802240371704102
7.924099922180176
9.80465030670166
8.48760986328125
9.807060241699219
9.051119804382324
9.809479713439941
9.614629745483398
9.8118896484375
10.178099632263184
9.814310073852539
10.741700172424316
9.816720008850098
11.30519962310791
9.819140434265137
11.86870002746582
9.821550369262695
12.43220043182373
9.823960304260254
12.995699882507324
9.826379776000977
13.559200286865234
9.828789710998535
14.122699737548828
9.831210136413574
14.686200141906738
9.833620071411133
15.249699592590332
9.836030006408691
15.813300132751465
9.83845043182373
16.376800537109375
9.840860366821289
16.94029998779297
9.843279838562012
17.503799438476562
9.84568977355957
