-9.219149589538574
-2.5004398822784424
-8.97307014465332
-2.3023900985717773
-8.72700023651123
-2.1043500900268555
-8.26768970489502
-1.7760900259017944
-7.808390140533447
-1.4478299617767334
-7.3490800857543945
-1.119570016860962
-6.889780044555664
-0.7913110256195068
-6.430469989776611
-0.4630509912967682
-5.971169948577881
-0.13479100167751312
-5.511859893798828
0.19346900284290314
-5.052559852600098
0.5217289924621582
-4.593249797821045
0.8499889969825745
-4.133950233459473
1.1782499551773071
-3.674639940261841
1.5065100193023682
-3.2153398990631104
1.8347699642181396
-2.7560300827026367
2.163029909133911
-2.2967300415039062
2.4912900924682617
-1.8374199867248535
2.819550037384033
-1.378119945526123
3.1478099822998047
-0.918811023235321
3.476069927215576
-0.45950600504875183
3.8043301105499268
-0.00020102299458812922
4.132589817047119
0.4591040015220642
4.460849761962891
0.918408989906311
4.78911018371582
1.377709984779358
5.117370128631592
1.8370200395584106
5.445630073547363
2.2963199615478516
5.773890018463135
2.7556300163269043
6.102149963378906
3.2149300575256348
6.430409908294678
3.6742401123046875
6.758669853210449
4.133540153503418
7.086929798126221
4.592850208282471
7.41519021987915
5.052149772644043
7.743450164794922
5.511459827423096
8.071709632873535
5.970759868621826
8.399970054626465
6.430069923400879
8.728230476379395
6.889369964599609
9.056489944458008
7.348680019378662
9.384750366210938
7.807980060577393
9.71300983428955
8.267290115356445
10.041299819946289
8.726590156555176
10.369500160217285
9.18589973449707
10.697799682617188
9.6451997756958
11.026000022888184
10.104499816894531
11.354299545288086
10.563799858093262
11.682600021362305
11.023099899291992
12.0108003616333
11.482399940490723
12.339099884033203
11.941699981689453
12.6673002243042
12.401000022888184
12.995599746704102
12.860300064086914
13.32390022277832
13.319600105285645
13.652099609375
13.778900146484375
13.980400085449219
14.238300323486328
14.308600425720215
14.697600364685059
14.636899948120117
15.156900405883789
14.965200424194336
15.61620044708252
15.293399810791016
16.07550048828125
15.621700286865234
16.534799575805664
15.949899673461914
16.99410057067871
16.278200149536133
17.453399658203125
16.60650062561035
17.912700653076172
16.93470001220703
