-14.911399841308594
-4.458119869232178
-14.449700355529785
-4.178269863128662
-13.987899780273438
-3.898430109024048
-13.526200294494629
-3.6185801029205322
-13.064499855041504
-3.3387300968170166
-12.602700233459473
-3.058880090713501
-12.140999794006348
-2.7790300846099854
-11.679300308227539
-2.499190092086792
-11.217599868774414
-2.2193400859832764
-10.755800247192383
-1.9394899606704712
-10.294099807739258
-1.6596399545669556
-9.832369804382324
-1.37978994846344
-9.37063980102539
-1.0999399423599243
