-11.411600112915039
10.258399963378906
-11.173600196838379
9.74800968170166
-10.935500144958496
9.237649917602539
-10.697400093078613
8.727290153503418
-10.45930004119873
8.216919898986816
-10.22130012512207
7.706560134887695
-9.983189582824707
7.196199893951416
-9.745109558105469
6.685840129852295
-9.507040023803711
6.175479888916016
-9.268969535827637
5.665110111236572
-9.030890464782715
5.154749870300293
-8.79281997680664
4.644390106201172
-8.554739952087402
4.134029865264893
-8.316670417785645
3.6236701011657715
-8.07859992980957
3.113300085067749
-7.840519905090332
2.602940082550049
-7.602449893951416
2.0925800800323486
-7.364369869232178
1.5822199583053589
-7.126299858093262
1.0718499422073364
-6.888229846954346
0.5614929795265198
-6.650149822235107
0.05113080143928528
-6.412079811096191
-0.4592309892177582
-6.173999786376953
-0.9695929884910583
-5.935929775238037
-1.4799599647521973
-5.697859764099121
-1.9903199672698975
-5.459780216217041
-2.5006799697875977
-5.221710205078125
-3.011039972305298
-4.983630180358887
-3.521399974822998
-4.745560169219971
-4.0317702293396
-4.507490158081055
-4.542129993438721
-4.269410133361816
-5.052490234375
-4.0313401222229
-5.562849998474121
-3.7932701110839844
-6.073209762573242
-3.555190086364746
-6.583580017089844
-3.31712007522583
-7.093939781188965
-3.079040050506592
-7.604300022125244
-2.840970039367676
-8.114660263061523
-2.6029000282287598
-8.625020027160645
-2.4255099296569824
-9.037910461425781
-2.2481300830841064
-9.450799942016602
-2.0707499980926514
-9.863690376281738
