-10.75220012664795
8.484430313110352
-10.790300369262695
7.930530071258545
-10.828399658203125
7.376619815826416
-10.866499900817871
6.822720050811768
-10.904600143432617
6.268819808959961
-10.94260025024414
5.7149200439453125
-10.98069953918457
5.161019802093506
-11.018799781799316
4.607120037078857
-11.056900024414062
4.0532097816467285
-11.095000267028809
3.49931001663208
-11.133000373840332
2.9454100131988525
-11.171099662780762
2.391510009765625
-11.209199905395508
1.8376100063323975
-11.247300148010254
1.2836999893188477
-11.285400390625
0.7298020124435425
-11.323399543762207
0.17589999735355377
-11.361499786376953
-0.37800198793411255
-11.3996000289917
-0.9319040179252625
-11.437700271606445
-1.4858100414276123
-11.475799560546875
-2.03971004486084
-11.513899803161621
-2.5936100482940674
-11.551899909973145
-3.147510051727295
-11.59000015258789
-3.7014100551605225
-11.628100395202637
-4.255320072174072
-11.666199684143066
-4.809219837188721
-11.704299926757812
-5.363120079040527
-11.742300033569336
-5.917019844055176
-11.780400276184082
-6.470920085906982
-11.818499565124512
-7.024819850921631
