-1.0521199703216553
2.8567800521850586
-0.7375980019569397
2.420599937438965
-0.4230729937553406
1.9844199419021606
-0.10854800045490265
1.5482399463653564
0.20798900723457336
1.0911200046539307
0.5245270133018494
0.633994996547699
0.841064989566803
0.17687399685382843
1.1576000452041626
-0.2802479863166809
1.4741400480270386
-0.7373690009117126
1.7906800508499146
-1.1944899559020996
2.107219934463501
-1.651610016822815
2.4237499237060547
-2.1087300777435303
2.7402899265289307
-2.565850019454956
3.0568299293518066
-3.022979974746704
3.3733699321746826
-3.48009991645813
3.6898999214172363
-3.9372200965881348
4.006440162658691
-4.3943400382995605
4.322979927062988
-4.851459980010986
4.639520168304443
-5.308579921722412
4.956049919128418
-5.765699863433838
5.272590160369873
-6.222819805145264
5.58912992477417
-6.67995023727417
5.905670166015625
-7.137070178985596
6.222209930419922
-7.5941901206970215
6.538740158081055
-8.051309585571289
6.855279922485352
-8.508429527282715
7.171820163726807
-8.965550422668457
7.4883599281311035
-9.422670364379883
7.804890155792236
-9.879790306091309
8.121430397033691
-10.336899757385254
8.437970161437988
-10.793999671936035
8.754509925842285
-11.251199722290039
9.071040153503418
-11.70829963684082
9.387579917907715
-12.165399551391602
9.704119682312012
-12.6225004196167
10.020700454711914
-13.07960033416748
10.337200164794922
-13.536800384521484
10.65369987487793
-13.993900299072266
10.97029972076416
-14.451000213623047
11.286800384521484
-14.908100128173828
11.603300094604492
-15.365300178527832
11.919899940490723
-15.822400093078613
12.23639965057373
-16.279499053955078
