3.2439799308776855
1.5836700201034546
3.5915400981903076
2.0088400840759277
3.9391000270843506
2.434000015258789
4.286660194396973
2.8591699600219727
4.634220123291016
3.284329891204834
4.981780052185059
3.7095000743865967
5.329339981079102
4.134669780731201
5.6768999099731445
4.559830188751221
6.0244598388671875
4.985000133514404
6.372010231018066
5.410160064697266
6.719570159912109
5.835330009460449
7.067130088806152
6.2604899406433105
7.414690017700195
6.685659885406494
7.762249946594238
7.1108198165893555
8.109809875488281
7.535990238189697
8.457369804382324
7.961160182952881
8.804929733276367
8.386320114135742
9.15248966217041
8.811490058898926
9.500049591064453
9.236650466918945
9.847610473632812
9.661820411682129
10.195199966430664
10.086999893188477
10.542699813842773
10.512100219726562
10.890299797058105
10.937299728393555
11.237799644470215
11.362500190734863
11.585399627685547
11.787599563598633
11.932999610900879
12.212800025939941
12.280500411987305
12.637999534606934
12.628100395202637
13.06309986114502
