18.697999954223633
-5.196869850158691
18.292999267578125
-4.846240043640137
17.88789939880371
-4.495610237121582
17.482900619506836
-4.144989967346191
17.077800750732422
-3.7943599224090576
16.672700881958008
-3.443730115890503
16.2677001953125
-3.0931100845336914
15.862600326538086
-2.7424800395965576
15.457599639892578
-2.391849994659424
15.052499771118164
-2.0412299633026123
14.647500038146973
-1.690600037574768
14.242400169372559
-1.3399699926376343
13.837300300598145
-0.989346981048584
13.432299613952637
-0.6387199759483337
13.027199745178223
-0.28809401392936707
12.622200012207031
0.06253310292959213
12.217100143432617
0.4131599962711334
