13.751299858093262
-0.615352988243103
13.196499824523926
-0.7105000019073486
12.641599655151367
-0.8056470155715942
12.086799621582031
-0.9007940292358398
11.531999588012695
-0.9959419965744019
10.97719955444336
-1.0910899639129639
10.42240047454834
-1.1862399578094482
9.86752986907959
-1.2813800573349
9.31270980834961
-1.3765300512313843
8.757889747619629
-1.4716800451278687
8.203060150146484
-1.566830039024353
7.648240089416504
-1.6619700193405151
7.093420028686523
-1.7571200132369995
6.538589954376221
-1.8522700071334839
5.98376989364624
-1.947409987449646
5.42894983291626
-2.04256010055542
4.874129772186279
-2.1377100944519043
4.319300174713135
-2.2328600883483887
3.7644801139831543
-2.328000068664551
3.209660053253174
-2.423150062561035
2.6548399925231934
-2.5183000564575195
2.1000099182128906
-2.613450050354004
1.5451899766921997
-2.708590030670166
0.9903669953346252
-2.8037400245666504
0.4355449974536896
-2.8988900184631348
-0.11927799880504608
-2.994029998779297
-0.6741009950637817
-3.0891799926757812
-1.2289199829101562
-3.1843299865722656
-1.783750057220459
-3.27947998046875
-2.3385701179504395
-3.374619960784912
-2.893389940261841
-3.4697699546813965
-3.4482100009918213
-3.564919948577881
-4.003039836883545
-3.660059928894043
-4.557859897613525
-3.7552099227905273
-5.112679958343506
-3.8503599166870117
-5.667500019073486
-3.945509910583496
-6.222330093383789
-4.040649890899658
-6.7771501541137695
-4.135799884796143
