0.142425999045372
-1.4447499513626099
-0.4191800057888031
-1.4848099946975708
-0.9807860255241394
-1.5248600244522095
-1.542389988899231
-1.5649199485778809
-2.1040000915527344
-1.6049799919128418
-2.665600061416626
-1.6450300216674805
-3.22721004486084
-1.6850899457931519
-3.7888100147247314
-1.7251399755477905
-4.350419998168945
-1.7652000188827515
-4.912030220031738
-1.8052599430084229
-5.473629951477051
-1.8453099727630615
-6.035240173339844
-1.8853700160980225
-6.596839904785156
-1.9254300594329834
-7.158450126647949
-1.9654799699783325
-7.720049858093262
-2.005539894104004
-8.281660079956055
-2.0455899238586426
-8.843259811401367
-2.0856499671936035
-9.40487003326416
-2.1257100105285645
-9.966480255126953
-2.165760040283203
-10.52810001373291
-2.205820083618164
