13.113800048828125
9.94890022277832
12.619400024414062
10.20359992980957
12.125100135803223
10.458399772644043
11.63070011138916
10.71310043334961
11.13640022277832
10.96780014038086
10.642000198364258
11.22249984741211
10.147700309753418
11.477299690246582
9.65330982208252
11.732000350952148
9.158960342407227
11.986700057983398
8.664609909057617
12.241399765014648
8.170249938964844
12.496199607849121
7.675899982452393
12.750900268554688
7.181550025939941
13.005599975585938
6.687190055847168
13.260299682617188
6.192840099334717
13.51509952545166
5.698480129241943
13.769800186157227
5.204130172729492
14.024499893188477
4.709780216217041
14.279199600219727
4.215419769287109
14.534000396728516
3.7210700511932373
14.788700103759766
3.226720094680786
15.043399810791016
2.7323598861694336
15.298100471496582
2.2380099296569824
15.552900314331055
1.7436599731445312
15.807600021362305
1.2493000030517578
16.062299728393555
0.7549489736557007
16.316999435424805
0.2605949938297272
16.571800231933594
-0.23375800251960754
16.826499938964844
-0.728111982345581
17.081199645996094
-1.2224700450897217
17.335899353027344
-1.7168200016021729
17.590700149536133
-2.211169958114624
17.845399856567383
-2.7055299282073975
18.100099563598633
-3.1998798847198486
18.354799270629883
-3.694230079650879
18.609600067138672
-4.188590049743652
18.864299774169922
-4.6829400062561035
19.118999481201172
-5.177289962768555
19.373699188232422
-5.671649932861328
19.62849998474121
