1.4294500350952148
-4.985320091247559
1.095900058746338
-5.426199913024902
0.7623469829559326
-5.867080211639404
0.42879700660705566
-6.307960033416748
0.09524650126695633
-6.748839855194092
-0.238304004073143
-7.1897101402282715
-0.5718539953231812
-7.630589962005615
-0.9054039716720581
-8.071470260620117
-1.2389500141143799
-8.512350082397461
-1.5724999904632568
-8.953229904174805
-1.9060499668121338
-9.394109725952148
-2.2395999431610107
-9.834989547729492
-2.5731499195098877
-10.275899887084961
-2.9066998958587646
-10.71679973602295
-3.240259885787964
-11.157600402832031
-3.57381010055542
-11.59850025177002
-3.907360076904297
-12.039400100708008
-4.240910053253174
-12.480299949645996
-4.574460029602051
-12.921099662780762
-4.908010005950928
-13.362000465393066
-5.241559982299805
-13.802900314331055
-5.575109958648682
-14.243800163269043
-5.908659934997559
-14.684700012207031
