12.408599853515625
-12.635899543762207
11.854700088500977
-12.662699699401855
11.30090045928955
-12.689499855041504
10.747099876403809
-12.716300010681152
10.193300247192383
-12.7431001663208
9.639459609985352
-12.76990032196045
9.085630416870117
-12.796699523925781
8.53180980682373
-12.82349967956543
7.97799015045166
-12.850299835205078
7.424170017242432
-12.877099990844727
6.870349884033203
-12.903900146484375
6.316530227661133
-12.930700302124023
5.762700080871582
-12.957500457763672
5.2088799476623535
-12.984299659729004
4.655059814453125
-13.011099815368652
4.101240158081055
-13.0378999710083
3.547420024871826
-13.06470012664795
2.9935901165008545
-13.091500282287598
2.439769983291626
-13.118300437927246
1.885949969291687
-13.145099639892578
1.332129955291748
-13.171799659729004
0.7783070206642151
-13.198599815368652
0.22448499500751495
-13.2253999710083
-0.3293370008468628
-13.25220012664795
-0.8831589818000793
-13.279000282287598
-1.4369800090789795
-13.305800437927246
-1.9908000230789185
-13.332599639892578
-2.5446200370788574
-13.359399795532227
-3.098449945449829
-13.386199951171875
-3.6522700786590576
-13.413000106811523
-4.206089973449707
-13.439800262451172
-4.7599101066589355
-13.46660041809082
-5.313729763031006
-13.493399620056152
-5.867559909820557
-13.5201997756958
-6.421380043029785
-13.54699993133545
-6.975200176239014
-13.573800086975098
-7.529019832611084
-13.600600242614746
-8.082839965820312
-13.627400398254395
-8.636659622192383
-13.654199600219727
-9.190489768981934
-13.680999755859375
-9.74431037902832
-13.707799911499023
-10.298100471496582
-13.734600067138672
-10.85200023651123
-13.76140022277832
-11.405799865722656
-13.788200378417969
-11.959600448608398
-13.8149995803833
