-18.17959976196289
-13.642800331115723
-17.68199920654297
-13.385899543762207
-17.184499740600586
-13.128999710083008
-16.686899185180664
-12.872200012207031
-16.18939971923828
-12.615300178527832
-15.691800117492676
-12.358400344848633
-15.194299697875977
-12.101499557495117
-14.696700096130371
-11.84469985961914
-14.199199676513672
-11.587800025939941
-13.701600074768066
-11.330900192260742
-13.204099655151367
-11.074000358581543
-12.706500053405762
-10.817099571228027
-12.208900451660156
-10.56029987335205
-11.711400032043457
-10.303400039672852
-11.213800430297852
-10.046500205993652
-10.716300010681152
-9.789620399475098
-10.218700408935547
-9.532739639282227
-9.721179962158203
-9.275859832763672
-9.22362995147705
-9.018980026245117
-8.726070404052734
-8.762100219726562
-8.228520393371582
-8.505220413208008
-7.7309699058532715
-8.248339653015137
-7.233409881591797
-7.991459846496582
-6.7358598709106445
-7.734580039978027
-6.238309860229492
-7.477709770202637
-5.740749835968018
-7.220829963684082
-5.243199825286865
-6.963950157165527
-4.745649814605713
-6.7070698738098145
-4.248089790344238
-6.45019006729126
-3.750540018081665
-6.193309783935547
-3.2529900074005127
-5.936429977416992
-2.755429983139038
-5.6795501708984375
-2.2578799724578857
-5.422669887542725
-1.7603299617767334
-5.16579008102417
-1.2627700567245483
-4.908909797668457
-0.7652199864387512
-4.652029991149902
-0.2676669955253601
-4.395150184631348
0.229885995388031
-4.138279914855957
0.7274399995803833
-3.8814001083374023
1.2249900102615356
-3.6245200634002686
1.7225500345230103
-3.3676400184631348
2.220099925994873
-3.110759973526001
2.7176499366760254
-2.853879928588867
3.2152099609375
-2.5969998836517334
3.7127599716186523
-2.3401200771331787
4.210309982299805
-2.083240032196045
4.707870006561279
-1.8263599872589111
5.205420017242432
-1.5694799423217773
5.702970027923584
-1.312600016593933
6.200530052185059
-1.0557199716567993
6.698080062866211
-0.7988449931144714
7.195630073547363
-0.5419660210609436
7.693190097808838
-0.2850860059261322
8.16886043548584
-0.039702899754047394
8.644539833068848
0.2056809961795807
9.120209693908691
0.45106399059295654
9.595890045166016
0.696448028087616
10.071599960327148
0.9418309926986694
10.547200202941895
1.1872199773788452
11.022899627685547
1.4326000213623047
11.498600006103516
1.6779799461364746
11.974300384521484
1.9233700037002563
12.449899673461914
2.168750047683716
12.925600051879883
2.4141299724578857
13.401300430297852
2.659519910812378
13.876999855041504
2.904900074005127
