9.046449661254883
9.117910385131836
8.67963981628418
8.688079833984375
8.312820434570312
8.258259773254395
7.946010112762451
7.82843017578125
7.57919979095459
7.398600101470947
7.2123799324035645
6.968780040740967
6.845570087432861
6.538949966430664
6.478759765625
6.109119892120361
6.111939907073975
5.679289817810059
5.7451300621032715
5.249470233917236
5.378320217132568
4.819640159606934
5.011499881744385
4.389810085296631
4.644690036773682
3.959980010986328
4.2778801918029785
3.5301599502563477
3.911060094833374
3.100330114364624
3.544250011444092
2.6705000400543213
3.1774399280548096
2.2406699657440186
2.810620069503784
1.8108500242233276
2.443809986114502
1.381019949913025
2.0769999027252197
0.9511920213699341
1.7165100574493408
0.5258449912071228
1.3560099601745605
0.10049699991941452
0.995523989200592
-0.32485100626945496
0.6350330114364624
-0.750199019908905
0.2745420038700104
-1.1755499839782715
-0.08594950288534164
-1.6009000539779663
-0.44644099473953247
-2.026240110397339
-0.8069319725036621
-2.451590061187744
-1.1674200296401978
-2.8769400119781494
-1.5279099941253662
-3.3022899627685547
-1.8883999586105347
-3.7276298999786377
-2.2488999366760254
-4.152979850769043
-2.6093900203704834
-4.578330039978027
-2.9698801040649414
-5.003680229187012
-3.3303699493408203
-5.429029941558838
-3.6908600330352783
-5.8543701171875
-4.051350116729736
-6.279719829559326
-4.411839962005615
-6.7050700187683105
-4.772329807281494
-7.130420207977295
-5.132820129394531
-7.555769920349121
-5.493319988250732
-7.981110095977783
-5.853809833526611
-8.40645980834961
-6.214300155639648
-8.831809997558594
-6.574790000915527
-9.257160186767578
-6.935279846191406
-9.682510375976562
-7.295770168304443
-10.10789966583252
-7.656260013580322
-10.53320026397705
-8.01675033569336
-10.958499908447266
-8.377240180969238
-11.383899688720703
-8.737739562988281
-11.809200286865234
-9.098230361938477
-12.234600067138672
-9.458720207214355
-12.659899711608887
-9.819210052490234
-13.08530044555664
-10.179699897766113
-13.510600090026855
-10.540200233459473
-13.935999870300293
-10.900699615478516
-14.361300468444824
-11.261199951171875
-14.786700248718262
-11.621700286865234
-15.211999893188477
-11.982199668884277
-15.637399673461914
