5.644830226898193
-2.0353400707244873
5.352779865264893
-2.509119987487793
5.06072998046875
-2.9828999042510986
4.768670082092285
-3.4566800594329834
4.476620197296143
-3.930459976196289
4.184569835662842
-4.404240131378174
3.892509937286377
-4.8780198097229
3.6004600524902344
-5.351799964904785
3.3084099292755127
-5.82558012008667
3.016350030899048
-6.2993597984313965
2.724299907684326
-6.773129940032959
2.4322500228881836
-7.246910095214844
2.1401898860931396
-7.72068977355957
1.848140001296997
-8.194470405578613
1.556089997291565
-8.66825008392334
1.2640299797058105
-9.142029762268066
0.971979022026062
-9.61581039428711
0.6799259781837463
-10.089599609375
0.38787201046943665
-10.563400268554688
0.09581899642944336
-11.037099838256836
-0.19623400270938873
-11.510899543762207
-0.4882879853248596
-11.984700202941895
-0.7803410291671753
-12.458499908447266
-1.0723899602890015
-12.932299613952637
-1.3644499778747559
-13.406000137329102
-1.656499981880188
-13.879799842834473
-1.9485499858856201
-14.353599548339844
-2.240609884262085
-14.827400207519531
-2.5326600074768066
-15.301199913024902
-2.824709892272949
-15.774900436401367
