0.46851199865341187
17.765199661254883
0.8659160137176514
17.369400024414062
1.263319969177246
16.973499298095703
1.6607199907302856
16.577600479125977
2.0581300258636475
16.181800842285156
2.4555299282073975
15.785900115966797
2.852940082550049
15.390000343322754
3.250339984893799
14.994199752807617
3.647739887237549
14.598299980163574
4.045149803161621
14.202400207519531
4.442550182342529
13.806599617004395
4.839950084686279
13.410699844360352
5.237360000610352
13.014800071716309
5.634759902954102
12.619000434875488
6.032169818878174
12.223099708557129
6.429570198059082
11.827199935913086
6.826970100402832
11.431400299072266
