5.9252400398254395
18.572399139404297
5.881979942321777
18.016300201416016
5.838719844818115
17.460100173950195
5.795460224151611
16.90399932861328
5.752200126647949
16.347900390625
5.708940029144287
15.791799545288086
5.665679931640625
15.235699653625488
5.622419834136963
14.67959976196289
5.579160213470459
14.123499870300293
5.535910129547119
13.567299842834473
5.492650032043457
13.011199951171875
5.449389934539795
12.455100059509277
5.406129837036133
11.89900016784668
5.362870216369629
11.342900276184082
5.319610118865967
10.786800384521484
5.276350021362305
10.230600357055664
5.233089923858643
9.674530029296875
5.1898298263549805
9.118419647216797
5.146580219268799
8.562310218811035
5.103320121765137
8.006190299987793
5.060060024261475
7.450079917907715
5.0167999267578125
6.893959999084473
4.97353982925415
6.337850093841553
4.9302802085876465
5.7817301750183105
4.887020111083984
5.225619792938232
4.843760013580322
4.66949987411499
4.80049991607666
4.11338996887207
4.75724983215332
3.557270050048828
4.713990211486816
3.001159906387329
4.670730113983154
2.445039987564087
4.627470016479492
1.8889299631118774
4.58420991897583
1.3328200578689575
4.540949821472168
0.7767009735107422
4.497690200805664
0.22058600187301636
4.454430103302002
-0.33552899956703186
4.41117000579834
-0.8916429877281189
4.367919921875
-1.447759985923767
4.324659824371338
-2.0038700103759766
4.281400203704834
-2.5599899291992188
4.238140106201172
-3.1161000728607178
4.19488000869751
-3.67221999168396
4.151619911193848
-4.228330135345459
4.1083598136901855
-4.784450054168701
4.065100193023682
-5.340559959411621
4.0218400955200195
-5.896669864654541
3.9785900115966797
-6.452789783477783
3.9353299140930176
-7.008900165557861
3.8920700550079346
-7.5650200843811035
3.8488099575042725
-8.121129989624023
3.8055500984191895
-8.677249908447266
3.7622900009155273
-9.233360290527344
