13.17549991607666
-7.966509819030762
12.665200233459473
-8.19437026977539
12.154899597167969
-8.422220230102539
11.644599914550781
-8.650070190429688
11.134300231933594
-8.877920150756836
10.62399959564209
-9.105779647827148
10.113699913024902
-9.333629608154297
9.603349685668945
-9.561479568481445
9.093040466308594
-9.789329528808594
8.582730293273926
-10.017200469970703
8.072420120239258
-10.244999885559082
7.562099933624268
-10.472900390625
7.051790237426758
-10.700699806213379
6.54148006439209
-10.928600311279297
6.031169891357422
-11.156499862670898
5.52085018157959
-11.384300231933594
5.010540008544922
-11.612199783325195
4.500229835510254
-11.84000015258789
3.989919900894165
-12.067899703979492
3.479599952697754
-12.295700073242188
2.969290018081665
-12.523599624633789
2.458980083465576
-12.751399993896484
1.9486700296401978
-12.979299545288086
1.438349962234497
-13.207099914550781
0.9280409812927246
-13.4350004196167
0.417728990316391
-13.662799835205078
-0.0925837978720665
-13.890700340270996
-0.602895975112915
-14.118499755859375
-1.1132099628448486
-14.346400260925293
-1.623520016670227
-14.574199676513672
-2.1338300704956055
-14.80210018157959
-2.6441500186920166
-15.029899597167969
-3.1544599533081055
-15.257800102233887
-3.6647698879241943
-15.485699653625488
-4.175079822540283
-15.713500022888184
-4.685400009155273
-15.941399574279785
-5.195710182189941
-16.169200897216797
-5.706019878387451
-16.3971004486084
-6.216330051422119
-16.624900817871094
-6.726650238037109
-16.852800369262695
-7.236959934234619
-17.08060073852539
-7.747270107269287
-17.308500289916992
-8.257579803466797
-17.536300659179688
-8.767900466918945
-17.76420021057129
-9.278209686279297
-17.992000579833984
-9.788519859313965
-18.219900131225586
-10.298800468444824
-18.44770050048828
-10.809100151062012
-18.675600051879883
-11.319499969482422
-18.903400421142578
