-15.02079963684082
6.483920097351074
-14.53279972076416
6.593070030212402
-14.044899940490723
6.7022199630737305
-13.557000160217285
6.811369895935059
-13.069000244140625
6.920519828796387
-12.581100463867188
7.029669761657715
-12.035099983215332
7.154339790344238
-11.489100456237793
7.279009819030762
-10.942999839782715
7.403679847717285
-10.397000312805176
7.528359889984131
-9.85099983215332
7.653029918670654
-9.304980278015137
7.777699947357178
-8.758959770202637
7.902379989624023
-8.212940216064453
8.027050018310547
-7.666920185089111
8.15172004699707
-7.1209001541137695
8.276390075683594
-6.574880123138428
8.401069641113281
-6.028860092163086
8.525739669799805
-5.482840061187744
8.650409698486328
-4.936830043792725
8.775079727172852
-4.390810012817383
8.899760246276855
-3.844789981842041
9.024430274963379
-3.298769950866699
9.149100303649902
-2.7527499198913574
9.27377986907959
-2.2067298889160156
9.398449897766113
-1.6607099771499634
9.523119926452637
-1.1146899461746216
9.64778995513916
-0.5686730146408081
9.772470474243164
-0.022654099389910698
9.897139549255371
0.5233650207519531
10.02180004119873
1.0693800449371338
10.146499633789062
1.615399956703186
10.271200180053711
2.1614201068878174
10.39579963684082
2.70743989944458
10.520500183105469
3.253459930419922
10.6451997756958
3.7994799613952637
10.769800186157227
4.3454999923706055
10.894499778747559
4.891520023345947
11.019200325012207
5.437540054321289
11.143899917602539
5.983560085296631
11.268500328063965
6.52957010269165
11.393199920654297
7.075590133666992
11.517900466918945
7.621610164642334
11.642600059509277
8.167630195617676
11.767200469970703
8.71364974975586
11.891900062561035
9.25967025756836
12.016599655151367
9.805689811706543
12.141200065612793
10.351699829101562
12.265899658203125
10.897700309753418
12.390600204467773
11.443699836730957
12.515299797058105
11.989800453186035
12.639900207519531
12.535799980163574
12.764599800109863
13.08180046081543
12.889300346374512
13.627799987792969
13.013999938964844
14.173800468444824
13.13860034942627
14.719900131225586
13.263299942016602
15.265899658203125
13.387999534606934
15.81190013885498
13.51259994506836
16.357900619506836
13.637299537658691
16.903900146484375
13.76200008392334
17.450000762939453
13.886699676513672
17.996000289916992
14.011300086975098
18.54199981689453
14.13599967956543
