-13.792200088500977
12.942700386047363
-13.77970027923584
12.395000457763672
-13.767200469970703
11.847200393676758
-13.754799842834473
11.299400329589844
-13.742300033569336
10.75160026550293
-13.729900360107422
10.203800201416016
-13.717399597167969
9.65604019165039
-13.704899787902832
9.10824966430664
-13.692500114440918
8.560469627380371
-13.680000305175781
8.012680053710938
-13.66759967803955
7.464900016784668
-13.655099868774414
6.917109966278076
-13.642600059509277
6.369329929351807
-13.630200386047363
5.821539878845215
-13.61769962310791
5.273759841918945
-13.605299949645996
4.725979804992676
-13.59280014038086
4.178190231323242
-13.580300331115723
3.6304099559783936
-13.567899703979492
3.0826199054718018
-13.555399894714355
2.5348401069641113
-13.543000221252441
1.9870500564575195
-13.530500411987305
1.43927001953125
-13.517999649047852
0.8914849758148193
-13.505599975585938
0.34370100498199463
-13.4931001663208
-0.20408299565315247
-13.48069953918457
-0.7518680095672607
