1.159850001335144
-2.0263800621032715
0.8977050185203552
-1.5469000339508057
0.6355599761009216
-1.0674200057983398
0.373414009809494
-0.5879369974136353
0.11126799881458282
-0.10845500230789185
-0.1508769989013672
0.37102699279785156
-0.4130229949951172
0.8505079746246338
-0.6751689910888672
1.329990029335022
-0.937313973903656
1.8094700574874878
-1.1994600296020508
2.288949966430664
-1.461609959602356
2.768440008163452
-1.7237499952316284
3.247920036315918
-1.9859000444412231
3.727400064468384
-2.248039960861206
4.20688009262085
-2.510190010070801
4.686359882354736
-2.7723300457000732
5.165840148925781
-3.034480094909668
5.64532995223999
-3.2966299057006836
6.124810218811035
