1.407789945602417
5.407760143280029
1.0485999584197998
5.834750175476074
0.6894029974937439
6.261750221252441
0.3302060067653656
6.688739776611328
-0.028989700600504875
7.115729808807373
-0.3881860077381134
7.542719841003418
-0.7473819851875305
7.969709873199463
-1.1065800189971924
8.396699905395508
-1.4657700061798096
8.823690414428711
-1.824970006942749
9.250690460205078
-2.1841700077056885
9.677680015563965
-2.5433599948883057
10.104700088500977
-2.902559995651245
10.531700134277344
-3.2617599964141846
10.958700180053711
-3.6209499835968018
11.385600090026855
-3.980149984359741
11.812600135803223
-4.3393402099609375
12.23960018157959
-4.698540210723877
12.666600227355957
-5.057740211486816
13.093600273132324
-5.416930198669434
13.520600318908691
-5.776130199432373
13.947600364685059
-6.13532018661499
14.374600410461426
-6.49452018737793
14.801600456237793
-6.853720188140869
15.228599548339844
-7.212910175323486
15.655599594116211
