7.097010135650635
5.107140064239502
7.611070156097412
4.876450061798096
8.125129699707031
4.645770072937012
8.639180183410645
4.415090084075928
9.153240203857422
4.184410095214844
9.667289733886719
3.9537301063537598
10.181400299072266
3.7230401039123535
10.69540023803711
3.4923601150512695
11.209500312805176
3.2616798877716064
11.72350025177002
3.0309998989105225
12.237600326538086
2.800309896469116
12.75160026550293
2.5696299076080322
13.265700340270996
2.3389499187469482
13.77970027923584
2.1082699298858643
14.293800354003906
1.8775899410247803
14.807900428771973
1.6469000577926636
15.321900367736816
1.41621994972229
15.836000442504883
1.185539960861206
16.350000381469727
0.9548569917678833
16.864099502563477
0.724174976348877
17.37809944152832
0.493492990732193
17.892200469970703
0.26281100511550903
18.406200408935547
0.03212859854102135
18.920299530029297
-0.19855399429798126
19.43440055847168
-0.4292359948158264
