6.7516398429870605
-12.569700241088867
7.077700138092041
-12.109999656677246
7.403749942779541
-11.650300025939941
7.7298102378845215
-11.190600395202637
8.055870056152344
-10.730899810791016
8.381919860839844
-10.271200180053711
8.707980155944824
-9.81149959564209
9.034040451049805
-9.351799964904785
9.360090255737305
-8.89208984375
9.686149597167969
-8.432390213012695
10.012200355529785
-7.972690105438232
10.338299751281738
-7.512979984283447
10.664299964904785
-7.053279876708984
10.990400314331055
-6.5935797691345215
11.316399574279785
-6.1338701248168945
11.642499923706055
-5.674170017242432
11.968500137329102
-5.214469909667969
12.294599533081055
-4.754759788513184
12.620699882507324
-4.295060157775879
12.946700096130371
-3.835360050201416
13.27280044555664
-3.375659942626953
13.598799705505371
-2.915950059890747
13.92490005493164
-2.456249952316284
14.250900268554688
-1.9965499639511108
