-19.364700317382812
6.730070114135742
-18.868499755859375
6.459720134735107
-18.372299194335938
6.189370155334473
-17.876100540161133
5.919020175933838
-17.379899978637695
5.648680210113525
-16.883699417114258
5.378330230712891
-16.387500762939453
5.107979774475098
-15.891300201416016
4.837629795074463
-15.395099639892578
4.567279815673828
-14.898900032043457
4.296939849853516
-14.402700424194336
4.026589870452881
-13.906499862670898
3.756239891052246
-13.410300254821777
3.4858899116516113
-12.91409969329834
3.2155399322509766
-12.417900085449219
2.945199966430664
-11.921699523925781
2.6748499870300293
-11.42549991607666
2.4045000076293945
-10.929300308227539
2.1341500282287598
-10.433099746704102
1.863800048828125
-9.936880111694336
1.5934499502182007
-9.440679550170898
1.3231099843978882
-8.944479942321777
1.0527600049972534
-8.448280334472656
0.7824100255966187
-7.952070236206055
0.5120620131492615
-7.455870151519775
0.2417140007019043
-6.959670066833496
-0.02863370068371296
-6.463469982147217
-0.29898199439048767
-5.9672698974609375
-0.5693299770355225
-5.471059799194336
-0.8396779894828796
-4.974860191345215
-1.1100300550460815
-4.4786601066589355
-1.380370020866394
-3.9824600219726562
-1.6507200002670288
-3.486259937286377
-1.9210699796676636
-2.9900600910186768
-2.191420078277588
-2.493849992752075
-2.4617700576782227
-1.9976500272750854
-2.732110023498535
-1.5014499425888062
-3.00246000289917
-1.0052499771118164
-3.2728099822998047
-0.5090469717979431
-3.5431599617004395
-0.012844700366258621
-3.813509941101074
0.4833570122718811
-4.083849906921387
0.9795590043067932
-4.3541998863220215
1.4757599830627441
-4.624549865722656
1.9719599485397339
-4.894899845123291
2.4681599140167236
-5.165249824523926
2.964370012283325
-5.4355998039245605
3.4605700969696045
-5.705939769744873
3.9567699432373047
-5.976290225982666
4.452970027923584
-6.246640205383301
4.949170112609863
-6.5169901847839355
5.445380210876465
-6.78734016418457
5.941579818725586
-7.057680130004883
6.437779903411865
-7.328030109405518
6.9339799880981445
-7.598380088806152
7.430180072784424
-7.868730068206787
7.926380157470703
-8.139080047607422
8.422590255737305
-8.409420013427734
8.918789863586426
-8.679770469665527
9.414990425109863
-8.950119972229004
9.911190032958984
-9.220470428466797
10.407400131225586
-9.490819931030273
10.903599739074707
-9.761159896850586
11.399800300598145
-10.031499862670898
11.895999908447266
-10.301899909973145
12.392200469970703
-10.572199821472168
12.888400077819824
-10.842599868774414
13.384599685668945
-11.112899780273438
13.880800247192383
-11.383299827575684
14.376999855041504
-11.653599739074707
14.873200416564941
-11.92389965057373
15.369400024414062
-12.194299697875977
15.865599632263184
-12.464599609375
16.361799240112305
-12.734999656677246
16.857999801635742
-13.00529956817627
17.35420036315918
-13.275699615478516
17.850400924682617
-13.545999526977539
18.346599578857422
-13.816399574279785
18.84280014038086
-14.086700439453125
19.339000701904297
-14.357099533081055
