10.3927001953125
10.566200256347656
10.316900253295898
10.014399528503418
10.241100311279297
9.462610244750977
10.165399551391602
8.910829544067383
10.089599609375
8.359060287475586
10.013799667358398
7.80728006362915
9.938050270080566
7.255499839782715
9.86227035522461
6.7037200927734375
9.786499977111816
6.151939868927002
9.71072006225586
5.600170135498047
9.634949684143066
5.048389911651611
9.55918025970459
4.496610164642334
9.483400344848633
3.9448299407958984
9.40762996673584
3.393049955368042
9.331850051879883
2.841279983520508
9.25607967376709
2.2894999980926514
9.180299758911133
1.737720012664795
9.104530334472656
1.1859400272369385
9.0287504196167
0.6341639757156372
8.952980041503906
0.08238580077886581
8.877209663391113
-0.46939200162887573
8.801429748535156
-1.0211700201034546
8.72566032409668
-1.572950005531311
8.649880409240723
-2.124730110168457
8.57411003112793
-2.676500082015991
8.498330116271973
-3.2282800674438477
8.42255973815918
-3.780060052871704
8.346779823303223
-4.3318400382995605
8.271010398864746
-4.883619785308838
8.195240020751953
-5.435389995574951
8.119460105895996
-5.987170219421387
8.043689727783203
-6.538949966430664
7.967909812927246
-7.0907301902771
7.892139911651611
-7.642509937286377
7.816359996795654
-8.194279670715332
7.7405900955200195
-8.746060371398926
7.6648101806640625
-9.297840118408203
7.5890398025512695
-9.84961986541748
7.513269901275635
-10.401399612426758
7.437489986419678
-10.953200340270996
7.361720085144043
-11.505000114440918
