6.681149959564209
-13.763199806213379
6.461820125579834
-13.258999824523926
6.2424798011779785
-12.754799842834473
6.0231499671936035
-12.250499725341797
5.803810119628906
-11.746299743652344
5.584479808807373
-11.24209976196289
5.365139961242676
-10.737799644470215
5.145810127258301
-10.233599662780762
4.926479816436768
-9.7293701171875
4.70713996887207
-9.225139617919922
4.487810134887695
-8.72091007232666
4.26846981048584
-8.216679573059082
4.049139976501465
-7.71245002746582
3.8297998905181885
-7.2082200050354
3.6104700565338135
-6.7039899826049805
3.391129970550537
-6.1997599601745605
