-17.152599334716797
-8.817429542541504
-16.70669937133789
-8.47422981262207
-16.260900497436523
-8.131030082702637
-15.8149995803833
-7.787829875946045
-15.369099617004395
-7.444630146026611
-14.923199653625488
-7.1014299392700195
-14.477299690246582
-6.758240222930908
-14.031399726867676
-6.415040016174316
-13.58549976348877
-6.071839809417725
-13.139599800109863
-5.728640079498291
-12.69379997253418
-5.385439872741699
-12.247900009155273
-5.042240142822266
-11.802000045776367
-4.699039936065674
-11.356100082397461
-4.35584020614624
-10.910200119018555
-4.012639999389648
-10.464300155639648
-3.6694400310516357
-10.018400192260742
-3.326240062713623
-9.572540283203125
-2.9830400943756104
-9.126660346984863
-2.6398398876190186
-8.680769920349121
-2.296639919281006
-8.234880447387695
-1.9534399509429932
-7.789000034332275
-1.6102399826049805
-7.343110084533691
-1.2670400142669678
-6.897220134735107
-0.9238409996032715
-6.451330184936523
-0.580640971660614
-6.0054497718811035
-0.23744100332260132
-5.5595598220825195
0.10575799643993378
-5.1136698722839355
0.44895800948143005
-4.667779922485352
0.7921580076217651
-4.22189998626709
1.1353600025177002
-3.776010036468506
1.478559970855713
-3.330120086669922
1.8217600584030151
-2.884229898452759
2.1649599075317383
-2.438349962234497
2.50816011428833
-1.992460012435913
2.8513600826263428
-1.5465699434280396
3.1945600509643555
-1.1006900072097778
3.537760019302368
-0.6547979712486267
3.8809499740600586
-0.2089110016822815
4.22415018081665
0.2369769960641861
4.567349910736084
0.6828640103340149
4.910550117492676
1.128749966621399
5.253749847412109
1.5746400356292725
5.596950054168701
2.0205299854278564
5.940149784088135
2.466409921646118
6.283349990844727
2.9123001098632812
6.626550197601318
3.3581900596618652
6.969749927520752
3.804080009460449
7.312950134277344
4.249959945678711
7.656149864196777
4.695849895477295
7.999350070953369
5.141739845275879
8.342550277709961
5.587619781494141
8.685750007629395
6.033510208129883
9.028949737548828
6.479400157928467
9.372150421142578
6.925290107727051
9.715350151062012
7.3711700439453125
10.058500289916992
7.8170599937438965
10.401700019836426
8.26294994354248
10.74489974975586
8.708840370178223
11.08810043334961
9.154720306396484
11.431300163269043
9.60060977935791
11.774499893188477
10.046500205993652
12.11769962310791
10.492400169372559
12.46090030670166
10.938300132751465
12.804100036621094
11.384200096130371
13.147299766540527
11.829999923706055
13.490500450134277
12.275899887084961
13.833700180053711
12.721799850463867
14.176899909973145
13.167699813842773
14.520099639892578
13.61359977722168
14.863300323486328
14.059499740600586
15.206500053405762
14.505399703979492
15.549699783325195
14.951299667358398
15.892900466918945
15.397100448608398
16.236099243164062
15.843000411987305
16.579299926757812
