18.796199798583984
-6.945129871368408
18.611099243164062
-6.418429851531982
18.426000595092773
-5.891739845275879
18.24090003967285
-5.365049839019775
18.05579948425293
-4.838359832763672
17.8705997467041
-4.311659812927246
17.68549919128418
-3.7849700450897217
17.50040054321289
-3.258280038833618
17.31529998779297
-2.7315900325775146
17.130199432373047
-2.204890012741089
16.945100784301758
-1.6782000064849854
16.760000228881836
-1.1515100002288818
16.574800491333008
-0.6248149871826172
16.389699935913086
-0.09812229871749878
16.204599380493164
0.4285700023174286
16.019500732421875
0.9552630186080933
15.834400177001953
1.4819600582122803
15.649299621582031
2.008650064468384
15.464200019836426
2.5353400707244873
15.279000282287598
3.062030076980591
15.093899726867676
3.5887300968170166
14.90880012512207
4.115419864654541
14.723699569702148
4.6421098709106445
14.538599967956543
5.168799877166748
14.353500366210938
5.695499897003174
14.168399810791016
6.222189903259277
13.983200073242188
6.748879909515381
13.798100471496582
7.275569915771484
13.61299991607666
7.80226993560791
13.427900314331055
8.328960418701172
13.242799758911133
8.855649948120117
13.057700157165527
9.382340431213379
12.872599601745605
9.909040451049805
12.687399864196777
10.435700416564941
12.502300262451172
10.962400436401367
12.31719970703125
11.489100456237793
12.132100105285645
12.015800476074219
11.946999549865723
12.542499542236328
11.761899948120117
13.069199562072754
11.576700210571289
13.59589958190918
11.391599655151367
14.122599601745605
11.206500053405762
14.649299621582031
11.021400451660156
15.175999641418457
10.836299896240234
15.702699661254883
10.651200294494629
16.229299545288086
10.466099739074707
16.756000518798828
10.280900001525879
17.282699584960938
10.095800399780273
17.80940055847168
9.910719871520996
18.33609962463379
9.725600242614746
18.86280059814453
9.54049015045166
19.38949966430664
