0.9014890193939209
16.540199279785156
0.5195760130882263
16.135900497436523
0.13766199350357056
15.731599807739258
-0.24425199627876282
15.327300071716309
-0.626164972782135
14.922900199890137
-1.008080005645752
14.518600463867188
-1.389989972114563
14.114299774169922
-1.7719099521636963
13.710000038146973
-2.153820037841797
13.3056001663208
-2.5357298851013184
12.901300430297852
-2.917649984359741
12.496999740600586
-3.299560070037842
12.092700004577637
-3.6814699172973633
11.688400268554688
-4.063389778137207
11.284000396728516
-4.445300102233887
10.87969970703125
-4.8272199630737305
10.4753999710083
