-13.005999565124512
0.8432310223579407
-12.559200286865234
0.8114579916000366
-12.012100219726562
0.7420259714126587
-11.464900016784668
0.6725940108299255
-10.917699813842773
0.6031619906425476
-10.370499610900879
0.5337309837341309
-9.823369979858398
0.4642989933490753
-9.276200294494629
0.3948670029640198
-8.729029655456543
0.32543501257896423
-8.181859970092773
0.2560029923915863
-7.634689807891846
0.18657100200653076
-7.087520122528076
0.11713899672031403
-6.540349960327148
0.04770750179886818
-5.993179798126221
-0.02172430045902729
-5.446010112762451
-0.09115619957447052
-4.898839950561523
-0.16058799624443054
-4.351669788360596
-0.23002000153064728
-3.804500102996826
-0.299452006816864
-3.2573299407958984
-0.36888399720191956
-2.71016001701355
-0.4383159875869751
-2.162990093231201
-0.5077469944953918
-1.6158100366592407
-0.5771790146827698
-1.0686399936676025
-0.6466109752655029
-0.5214740037918091
-0.7160429954528809
0.025697000324726105
-0.7854750156402588
0.5728679895401001
-0.8549069762229919
1.1200400590896606
-0.9243389964103699
1.6672099828720093
-0.9937700033187866
2.2143800258636475
-1.0631999969482422
2.761549949645996
-1.1326299905776978
3.308720111846924
-1.2020699977874756
3.8558900356292725
-1.2714999914169312
4.403059959411621
-1.3409299850463867
4.950230121612549
-1.4103599786758423
