-16.674299240112305
-11.903800010681152
-16.25320053100586
-11.535200119018555
-15.832200050354004
-11.166600227355957
-15.411100387573242
-10.79800033569336
-14.989999771118164
-10.429499626159668
-14.568900108337402
-10.06089973449707
-14.147899627685547
-9.692299842834473
-13.726799964904785
-9.32371997833252
-13.305700302124023
-8.955129623413086
-12.884699821472168
-8.586549758911133
-12.463600158691406
-8.21796989440918
-12.042499542236328
-7.849390029907227
-11.621500015258789
-7.480810165405273
-11.200400352478027
-7.112229824066162
-10.77929973602295
-6.743649959564209
-10.358200073242188
-6.375070095062256
-9.937179565429688
-6.006490230560303
-9.51611042022705
-5.637899875640869
-9.095040321350098
-5.269320011138916
-8.673970222473145
-4.900740146636963
-8.252900123596191
-4.532159805297852
-7.831830024719238
-4.163579940795898
-7.410759925842285
-3.7950000762939453
-6.989689826965332
-3.426419973373413
-6.568620204925537
-3.05784010887146
-6.147550106048584
-2.6892600059509277
-5.726480007171631
-2.3206698894500732
-5.305409908294678
-1.9520900249481201
-4.884349822998047
-1.5835100412368774
-4.463280200958252
-1.2149300575256348
-4.042210102081299
-0.8463510274887085
-3.6211400032043457
-0.47777000069618225
-3.2000699043273926
-0.1091890037059784
-2.7790000438690186
0.25939300656318665
-2.3579299449920654
0.6279739737510681
-1.9368599653244019
0.996554970741272
-1.5157899856567383
1.3651399612426758
-1.0947200059890747
1.7337199449539185
-0.6736509799957275
2.102299928665161
-0.25258201360702515
2.4708800315856934
0.16848799586296082
2.8394598960876465
0.5895569920539856
3.2080399990081787
1.0106300115585327
3.576620101928711
1.4316999912261963
3.945199966430664
1.8527699708938599
4.313779830932617
2.273829936981201
4.682370185852051
2.6949000358581543
5.050950050354004
3.1159698963165283
5.419529914855957
3.5370399951934814
5.78810977935791
3.9581100940704346
6.1566901206970215
4.379179954528809
6.525269985198975
4.800250053405762
6.893849849700928
5.221320152282715
7.262430191040039
5.64238977432251
7.631010055541992
6.063459873199463
7.999599933624268
6.484529972076416
8.368180274963379
6.905600070953369
8.736760139465332
7.326670169830322
9.105340003967285
7.747739791870117
9.473919868469238
8.16880989074707
9.842499732971191
8.589879989624023
10.211099624633789
9.010950088500977
10.579700469970703
9.43202018737793
10.948200225830078
9.853079795837402
11.316800117492676
10.274200439453125
11.685400009155273
10.695199966430664
12.053999900817871
11.116299629211426
12.422599792480469
11.537400245666504
12.791099548339844
11.958399772644043
13.159700393676758
12.379500389099121
13.528300285339355
12.800600051879883
13.896900177001953
13.221599578857422
14.26550006866455
13.6427001953125
14.634099960327148
14.063799858093262
15.002599716186523
14.484800338745117
15.371199607849121
14.905900001525879
15.739800453186035
15.32699966430664
16.108400344848633
15.748100280761719
16.476999282836914
16.169099807739258
16.845500946044922
16.590200424194336
17.214099884033203
17.01129913330078
17.582700729370117
17.432300567626953
17.9512996673584
17.8533992767334
18.319900512695312
18.274499893188477
18.688400268554688
18.695499420166016
19.05699920654297
19.116600036621094
19.425600051879883
