-0.38369399309158325
11.325300216674805
-0.3369700014591217
10.768600463867188
-0.29024699330329895
10.211999893188477
-0.2435240000486374
9.655280113220215
-0.19679999351501465
9.098589897155762
-0.1500770002603531
8.541910171508789
-0.10335399955511093
7.985229969024658
-0.05663039907813072
7.428540229797363
-0.009907069616019726
6.871860027313232
0.036816298961639404
6.315179824829102
0.08353959769010544
5.758500099182129
0.13026300072669983
5.201809883117676
0.1769859939813614
4.645130157470703
0.22371000051498413
4.088449954986572
0.2704330086708069
3.5317599773406982
0.31715598702430725
2.9750800132751465
0.3638800084590912
2.4184000492095947
0.41060298681259155
1.8617099523544312
0.4573259949684143
1.3050299882888794
0.5040500164031982
0.7483490109443665
0.550773024559021
0.19166600704193115
0.597495973110199
-0.36501699686050415
0.6442199945449829
-0.9217000007629395
0.6909430027008057
-1.4783799648284912
0.7376660108566284
-2.0350699424743652
0.7843890190124512
-2.591749906539917
0.8311129808425903
-3.148430109024048
0.8778359889984131
-3.705120086669922
0.9245589971542358
-4.2617998123168945
0.9712830185890198
-4.818480014801025
1.0180100202560425
-5.375160217285156
1.0647300481796265
-5.931849956512451
1.111449956893921
-6.488530158996582
1.1581799983978271
-7.045209884643555
1.2049000263214111
-7.601900100708008
1.2516200542449951
-8.15857982635498
1.2983499765396118
-8.715259552001953
1.3450700044631958
-9.271940231323242
1.3917900323867798
-9.828630447387695
1.4385199546813965
-10.385299682617188
1.4852399826049805
-10.942000389099121
1.5319600105285645
-11.498700141906738
1.5786900520324707
-12.055399894714355
1.6254099607467651
-12.612000465393066
1.6721299886703491
-13.168700218200684
1.7188600301742554
-13.7253999710083
1.7655800580978394
-14.282099723815918
1.8122999668121338
-14.838800430297852
1.85903000831604
-15.395500183105469
1.905750036239624
-15.952099800109863
