-15.15839958190918
15.938300132751465
-14.654399871826172
15.710700035095215
-14.150400161743164
15.483200073242188
-13.646400451660156
15.255599975585938
-13.142499923706055
15.02810001373291
-12.638500213623047
14.80049991607666
-12.134499549865723
14.57289981842041
-11.630499839782715
14.345399856567383
-11.126500129699707
14.117799758911133
-10.622599601745605
13.890299797058105
-10.118599891662598
13.662699699401855
-9.61460018157959
13.435199737548828
-9.11061954498291
13.207599639892578
-8.606639862060547
12.98009967803955
-8.102660179138184
12.7524995803833
-7.598680019378662
12.524900436401367
-7.094699859619141
12.29740047454834
-6.5907301902771
12.06980037689209
-6.086750030517578
11.842300415039062
-5.582769870758057
11.614700317382812
-5.078790187835693
11.387200355529785
-4.574810028076172
11.159600257873535
-4.07082986831665
10.932100296020508
-3.566849946975708
10.704500198364258
-3.0628700256347656
10.47700023651123
-2.5588901042938232
10.24940013885498
-2.054919958114624
10.02180004119873
-1.5509400367736816
9.794289588928223
-1.0469599962234497
9.566729545593262
-0.5429790019989014
9.339179992675781
-0.03899979963898659
9.11161994934082
0.46497899293899536
8.88407039642334
0.9689580202102661
8.656510353088379
1.4729399681091309
8.428959846496582
1.9769200086593628
8.201399803161621
2.4808900356292725
7.973849773406982
2.984869956970215
7.74629020690918
3.4888501167297363
7.518740177154541
3.9928300380706787
7.29118013381958
4.496809959411621
7.063630104064941
5.000790119171143
6.8360700607299805
5.504769802093506
6.608520030975342
