10.78320026397705
5.040170192718506
11.28499984741211
4.837619781494141
11.78689956665039
4.635069847106934
12.288800239562988
4.432519912719727
12.790599822998047
4.2299699783325195
13.292499542236328
4.0274200439453125
13.794300079345703
3.824860095977783
14.296199798583984
3.622309923171997
14.79800033569336
3.41975998878479
15.29990005493164
3.217210054397583
15.8016996383667
3.014659881591797
16.303600311279297
2.81210994720459
16.805400848388672
2.609560012817383
17.307300567626953
2.407010078430176
17.809099197387695
2.2044599056243896
18.31100082397461
2.0018999576568604
18.81279945373535
1.7993500232696533
19.314699172973633
1.5967999696731567
