4.683710098266602
-13.104399681091309
4.480730056762695
-12.593500137329102
4.277760028839111
-12.0826997756958
4.074790000915527
-11.571800231933594
3.871809959411621
-11.06089973449707
3.668839931488037
-10.550000190734863
3.465869903564453
-10.03909969329834
3.2629001140594482
-9.528209686279297
3.059920072555542
-9.017330169677734
2.856950044631958
-8.506440162658691
2.653980016708374
-7.995550155639648
2.4509999752044678
-7.4846601486206055
2.248029947280884
-6.9737701416015625
2.0450599193573
-6.4628801345825195
1.8420900106430054
-5.952000141143799
1.6391099691390991
-5.441110134124756
1.4361399412155151
-4.930220127105713
