18.118499755859375
8.95829963684082
17.609100341796875
9.17278003692627
17.09980010986328
9.387249946594238
16.59040069580078
9.601730346679688
16.08099937438965
9.816200256347656
15.571599960327148
10.030699729919434
15.062199592590332
10.245200157165527
14.552800178527832
10.459600448608398
14.043399810791016
10.674099922180176
13.534000396728516
10.88860034942627
13.0246000289917
11.103099822998047
12.515199661254883
11.317500114440918
12.005800247192383
11.531999588012695
11.496399879455566
11.746500015258789
10.987000465393066
11.961000442504883
10.47760009765625
12.175399780273438
9.968239784240723
12.389900207519531
9.458849906921387
12.604399681091309
8.94946002960205
12.818900108337402
8.440059661865234
13.033300399780273
7.930669784545898
13.24779987335205
7.4212799072265625
13.462300300598145
6.911880016326904
13.676799774169922
6.402490139007568
13.891200065612793
5.893099784851074
14.10569953918457
5.383699893951416
14.320199966430664
