10.654899597167969
-13.525199890136719
10.097200393676758
-13.5600004196167
9.539409637451172
-13.594900131225586
8.981650352478027
-13.62969970703125
8.42389965057373
-13.66450023651123
7.866139888763428
-13.699299812316895
7.308390140533447
-13.734100341796875
6.750629901885986
-13.768899917602539
6.192880153656006
-13.803799629211426
5.635119915008545
-13.838600158691406
5.0773701667785645
-13.87339973449707
4.5196099281311035
-13.90820026397705
3.9618499279022217
-13.942999839782715
3.404099941253662
-13.977899551391602
2.8463399410247803
-14.012700080871582
2.2885899543762207
-14.047499656677246
1.7308299541473389
-14.082300186157227
1.1730799674987793
-14.11709976196289
0.615323007106781
-14.152000427246094
0.05756720155477524
-14.186800003051758
-0.5001879930496216
-14.221599578857422
-1.0579400062561035
-14.256400108337402
-1.6157000064849854
-14.291199684143066
-2.173449993133545
-14.326000213623047
-2.7312099933624268
-14.360899925231934
-3.2889599800109863
-14.395700454711914
-3.846719980239868
-14.430500030517578
-4.40447998046875
-14.465299606323242
-4.962230205535889
-14.500100135803223
-5.519989967346191
-14.53499984741211
-6.07774019241333
-14.56980037689209
-6.635499954223633
-14.604599952697754
-7.1932501792907715
-14.639399528503418
-7.751009941101074
-14.674200057983398
-8.308759689331055
-14.709099769592285
-8.866519927978516
-14.743900299072266
-9.424269676208496
-14.77869987487793
-9.982029914855957
-14.81350040435791
-10.539799690246582
-14.848299980163574
-11.09749984741211
-14.883099555969238
-11.65530014038086
-14.918000221252441
-12.21310043334961
-14.952799797058105
-12.77079963684082
-14.987600326538086
-13.32859992980957
-15.02239990234375
