14.831899642944336
-12.826499938964844
14.477299690246582
-12.396599769592285
14.122599601745605
-11.96679973602295
13.767900466918945
-11.536999702453613
13.413299560546875
-11.107099533081055
13.058600425720215
-10.677300453186035
12.704000473022461
-10.2475004196167
12.349300384521484
-9.817649841308594
11.99470043182373
-9.387809753417969
11.640000343322754
-8.957980155944824
11.285300254821777
-8.528149604797363
10.930700302124023
-8.098320007324219
10.576000213623047
-7.668489933013916
10.221400260925293
-7.238649845123291
9.86670970916748
-6.808819770812988
9.512060165405273
-6.378990173339844
9.157400131225586
-5.949160099029541
8.802740097045898
-5.519330024719238
8.448080062866211
-5.089489936828613
8.093429565429688
-4.6596598625183105
7.738770008087158
-4.229829788208008
7.384109973907471
-3.799999952316284
7.029449939727783
-3.3701701164245605
6.674799919128418
-2.9403300285339355
6.3201398849487305
-2.510499954223633
5.965479850769043
-2.080670118331909
5.6108198165893555
-1.6508400440216064
5.25616979598999
-1.2210099697113037
4.901509761810303
-0.7911750078201294
4.546850204467773
-0.36134299635887146
4.192190170288086
0.06848890334367752
3.8375399112701416
0.498320996761322
3.482880115509033
0.9281529784202576
3.1282200813293457
1.3579800128936768
2.773560047149658
1.7878199815750122
2.418910026550293
2.2176499366760254
2.0642499923706055
2.647480010986328
1.709589958190918
3.077310085296631
1.35493004322052
3.5071399211883545
1.0002800226211548
3.9369800090789795
0.6456189751625061
4.366809844970703
0.29096201062202454
4.796639919281006
-0.06369590014219284
5.226469993591309
-0.41835299134254456
5.656300067901611
-0.7730919718742371
6.085100173950195
-1.1278300285339355
6.513889789581299
-1.4825700521469116
6.9426798820495605
-1.8373099565505981
7.371469974517822
-2.192049980163574
7.800260066986084
-2.5467801094055176
8.229049682617188
-2.901520013809204
8.65783977508545
-3.2562599182128906
9.086640357971191
-3.6110000610351562
9.515430450439453
-3.9657399654388428
9.944219589233398
-4.320469856262207
10.373000144958496
-4.675209999084473
10.801799774169922
-5.029950141906738
11.230600357055664
-5.384689807891846
11.65939998626709
-5.739429950714111
12.088199615478516
-6.094170093536377
12.517000198364258
-6.44890022277832
12.945799827575684
-6.803639888763428
13.374600410461426
-7.158380031585693
13.803299903869629
-7.513120174407959
14.232099533081055
-7.867859840393066
14.660900115966797
-8.222599983215332
15.089699745178223
-8.577329635620117
15.518500328063965
-8.932069778442383
15.94729995727539
-9.286809921264648
16.376100540161133
-9.641550064086914
16.804899215698242
