-9.832710266113281
-7.981200218200684
-9.292699813842773
-7.835659980773926
-8.752690315246582
-7.690110206604004
-8.212679862976074
-7.544569969177246
-7.672669887542725
-7.3990302085876465
-7.132669925689697
-7.253489971160889
-6.592659950256348
-7.107950210571289
-6.052649974822998
-6.962409973144531
-5.512639999389648
-6.816870212554932
-4.972630023956299
-6.671319961547852
-4.432620048522949
-6.525780200958252
-3.8926100730895996
-6.380239963531494
-3.35260009765625
-6.2347002029418945
-2.8125898838043213
-6.089159965515137
-2.2725799083709717
-5.943620204925537
-1.7325700521469116
-5.798079967498779
-1.1925599575042725
-5.652530193328857
-0.6525520086288452
-5.5069899559021
-0.1125430017709732
-5.3614501953125
0.4274669885635376
-5.215909957885742
0.9674760103225708
-5.070370197296143
1.5074900388717651
-4.924829959869385
2.047499895095825
-4.779290199279785
2.5875000953674316
-4.633749961853027
3.1275100708007812
-4.4882001876831055
3.667520046234131
-4.342659950256348
4.2075300216674805
-4.197120189666748
4.74753999710083
-4.05157995223999
5.28754997253418
-3.9060399532318115
5.827559947967529
-3.760499954223633
6.367569923400879
-3.614959955215454
6.9075798988342285
-3.469409942626953
7.447589874267578
-3.3238699436187744
7.987599849700928
-3.1783299446105957
8.527609825134277
-3.032789945602417
9.067620277404785
-2.8872499465942383
9.607629776000977
-2.7417099475860596
10.147600173950195
-2.596169948577881
10.687600135803223
-2.450629949569702
