5.996910095214844
-12.18910026550293
6.08745002746582
-11.635899543762207
6.177979946136475
-11.082599639892578
6.268509864807129
-10.529399871826172
6.359039783477783
-9.97616958618164
6.449580192565918
-9.422929763793945
6.540110111236572
-8.86968994140625
6.630640029907227
-8.316450119018555
6.721179962158203
-7.763209819793701
6.811709880828857
-7.209969997406006
6.902239799499512
-6.656740188598633
6.992770195007324
-6.103499889373779
7.083310127258301
-5.550260066986084
7.173840045928955
-4.9970197677612305
7.264369964599609
-4.443779945373535
7.354899883270264
-3.8905398845672607
7.44543981552124
-3.3373000621795654
7.535970211029053
-2.784060001373291
7.626500129699707
-2.2308199405670166
7.717030048370361
-1.6775799989700317
7.807569980621338
-1.1243499517440796
7.898099899291992
-0.5711060166358948
7.9886298179626465
-0.017867200076580048
8.079170227050781
0.5353720188140869
8.169699668884277
1.088610053062439
8.26023006439209
1.6418499946594238
8.350760459899902
2.1950900554656982
8.441300392150879
2.7483301162719727
8.531829833984375
3.301569938659668
8.622360229492188
3.8548099994659424
8.712889671325684
4.4080400466918945
8.80342960357666
4.96127986907959
8.893959999084473
5.514520168304443
8.984490394592285
6.067759990692139
9.075019836425781
6.620999813079834
9.165559768676758
7.1742401123046875
9.25609016418457
7.727479934692383
9.346619606018066
8.280719757080078
9.437159538269043
8.833959579467773
9.527689933776855
9.387200355529785
9.618220329284668
9.9404296875
9.708749771118164
10.49370002746582
9.79928970336914
11.046899795532227
9.889820098876953
11.600199699401855
9.98034954071045
12.153400421142578
10.070899963378906
12.706600189208984
10.161399841308594
13.259900093078613
10.251899719238281
13.81309986114502
10.342499732971191
14.366299629211426
10.432999610900879
14.919599533081055
10.523500442504883
15.472800254821777
10.614100456237793
16.026100158691406
10.70460033416748
16.579299926757812
