14.46780014038086
-13.191499710083008
14.373100280761719
-12.635000228881836
14.278499603271484
-12.078499794006348
14.183799743652344
-11.522000312805176
14.089099884033203
-10.965499877929688
13.994500160217285
-10.409000396728516
13.899800300598145
-9.852490425109863
13.80519962310791
-9.295980453491211
13.71049976348877
-8.739480018615723
13.615799903869629
-8.182979583740234
13.521200180053711
-7.6264801025390625
13.42650032043457
-7.069980144500732
13.331899642944336
-6.51347017288208
13.237199783325195
-5.95697021484375
13.142499923706055
-5.400469779968262
13.047900199890137
-4.843969821929932
12.953200340270996
-4.287469863891602
12.858599662780762
-3.7309699058532715
12.763899803161621
-3.174459934234619
12.66919994354248
-2.617959976196289
12.574600219726562
-2.061460018157959
12.479900360107422
-1.5049599409103394
12.385299682617188
-0.9484570026397705
12.290599822998047
-0.3919549882411957
12.195899963378906
0.16454699635505676
12.101300239562988
0.7210490107536316
12.006600379943848
1.2775499820709229
11.911999702453613
1.8340500593185425
11.817299842834473
2.390549898147583
11.722599983215332
2.9470601081848145
11.628000259399414
3.5035600662231445
11.533300399780273
4.060060024261475
11.438699722290039
4.616559982299805
11.343999862670898
5.173059940338135
11.249300003051758
5.729559898376465
11.15470027923584
6.286069869995117
11.0600004196167
6.842569828033447
10.965399742126465
7.399069786071777
10.870699882507324
7.955570220947266
