-14.979000091552734
19.674100875854492
-14.51729965209961
19.36370086669922
-14.0556001663208
19.053199768066406
-13.593999862670898
18.742799758911133
-13.13230037689209
18.432300567626953
-12.670599937438965
18.12190055847168
-12.208900451660156
17.811399459838867
-11.747300148010254
17.500999450683594
-11.285599708557129
17.19059944152832
-10.82390022277832
16.88010025024414
-10.362199783325195
16.569700241088867
-9.900569915771484
16.259199142456055
-9.43889045715332
15.948800086975098
-8.977219581604004
15.638299942016602
-8.515549659729004
15.327899932861328
-8.053879737854004
15.017399787902832
-7.592199802398682
14.706999778747559
-7.130529880523682
14.396499633789062
-6.668859958648682
14.086099624633789
-6.207180023193359
13.77560043334961
-5.745510101318359
13.465200424194336
-5.283840179443359
13.15470027923584
-4.822159767150879
12.844300270080566
-4.360489845275879
12.533900260925293
-3.898819923400879
12.223400115966797
-3.437150001525879
11.913000106811523
-2.9754700660705566
11.602499961853027
-2.5137999057769775
11.292099952697754
-2.0521299839019775
10.981599807739258
-1.5904500484466553
10.671199798583984
-1.1287800073623657
10.360699653625488
-0.6671069860458374
10.050299644470215
-0.20543399453163147
9.739830017089844
0.25623899698257446
9.429389953613281
0.7179120182991028
9.118940353393555
1.1795899868011475
8.808489799499512
1.641260027885437
8.49804973602295
2.1029300689697266
8.187600135803223
2.5645999908447266
7.877150058746338
3.026279926300049
7.566709995269775
3.487950086593628
7.256259918212891
3.949620008468628
6.945809841156006
4.411300182342529
6.635369777679443
4.872970104217529
6.324920177459717
5.334640026092529
6.014470100402832
5.796319961547852
5.7040300369262695
6.257989883422852
5.393579959869385
