13.626099586486816
13.472200393676758
13.165200233459473
13.165599822998047
12.704299926757812
12.85890007019043
12.243499755859375
12.552200317382812
11.782600402832031
12.245499610900879
11.321700096130371
11.938799858093262
10.851499557495117
11.631099700927734
10.381400108337402
11.323399543762207
9.911199569702148
11.015700340270996
9.44102954864502
10.708000183105469
8.97085952758789
10.400300025939941
8.500690460205078
10.092599868774414
8.03052043914795
9.784839630126953
7.560349941253662
9.477129936218262
7.090179920196533
9.16942024230957
6.620009899139404
8.861709594726562
6.149839878082275
8.553999900817871
5.6796698570251465
8.246299743652344
5.209499835968018
7.938590049743652
4.739329814910889
7.630879878997803
4.26915979385376
7.323170185089111
3.79899001121521
7.015460014343262
3.328819990158081
6.707749843597412
2.858649969100952
6.400040149688721
2.388469934463501
6.092329978942871
1.9183000326156616
5.7846198081970215
1.4481300115585327
5.47691011428833
0.9779639840126038
5.1691999435424805
0.5077940225601196
4.861489772796631
0.03762359917163849
4.5537800788879395
-0.432547003030777
4.24606990814209
-0.9027169942855835
3.9383599758148193
-1.3728899955749512
3.630660057067871
-1.84306001663208
3.3229498863220215
-2.313230037689209
3.015239953994751
-2.783400058746338
2.7075300216674805
-3.253570079803467
2.39982008934021
-3.7237401008605957
2.0921099185943604
-4.193910121917725
1.7843999862670898
-4.6640801429748535
1.4766900539398193
-5.134250164031982
1.1689800024032593
-5.604420185089111
0.8612710237503052
-6.07459020614624
0.5535619854927063
-6.544760227203369
0.24585199356079102
-7.01492977142334
-0.06185699999332428
-7.485099792480469
-0.3695659935474396
-7.955269813537598
-0.6772760152816772
-8.425439834594727
-0.9849849939346313
-8.895609855651855
-1.2926900386810303
-9.365779876708984
-1.6003999710083008
-9.835949897766113
-1.9081100225448608
-10.306099891662598
-2.215820074081421
-10.776300430297852
-2.5235300064086914
-11.246500015258789
-2.831239938735962
-11.71660041809082
-3.1389501094818115
-12.186800003051758
-3.446660041809082
-12.656999588012695
-3.7543699741363525
-13.127099990844727
-4.062079906463623
-13.597299575805664
-4.369790077209473
-14.067500114440918
-4.677499771118164
