19.45989990234375
9.124199867248535
18.975900650024414
8.844380378723145
18.492000579833984
8.564559936523438
18.007999420166016
8.284740447998047
17.52400016784668
8.00492000579834
17.04010009765625
7.725100040435791
16.556100845336914
7.445280075073242
16.072200775146484
7.165460109710693
15.588199615478516
6.8856401443481445
15.104299545288086
6.605820178985596
14.62030029296875
6.325990200042725
14.136300086975098
6.046170234680176
13.652400016784668
5.766349792480469
13.168399810791016
5.48652982711792
12.684499740600586
5.206709861755371
12.200499534606934
4.926889896392822
11.71660041809082
4.647069931030273
11.232600212097168
4.367249965667725
10.748700141906738
4.087430000305176
10.264699935913086
3.807610034942627
9.780750274658203
3.527790069580078
9.29679012298584
3.2479701042175293
8.812840461730957
2.9681499004364014
8.328880310058594
2.6883299350738525
7.8449201583862305
2.4085099697113037
7.3609700202941895
2.128690004348755
6.877009868621826
1.848870038986206
6.393060207366943
1.5690499544143677
5.90910005569458
1.2892299890518188
5.425139904022217
1.00941002368927
4.941189765930176
0.7295870184898376
4.457230091094971
0.44976601004600525
3.9732799530029297
0.16994599997997284
3.4893200397491455
-0.10987400263547897
3.0053699016571045
-0.3896949887275696
2.5214099884033203
-0.6695150136947632
2.037450075149536
-0.9493359923362732
1.5535000562667847
-1.229159951210022
1.069540023803711
-1.5089800357818604
0.5855870246887207
-1.7888000011444092
0.1016319990158081
-2.068619966506958
-0.3823240101337433
-2.348439931869507
-0.8662800192832947
-2.6282598972320557
-1.3502399921417236
-2.9080801010131836
-1.834190011024475
-3.1879000663757324
-2.318150043487549
-3.4677200317382812
-2.8020999431610107
-3.74753999710083
-3.286060094833374
-4.027359962463379
-3.770009994506836
-4.307179927825928
