-18.54439926147461
7.853330135345459
-18.231599807739258
8.311189651489258
-17.918800354003906
8.769060134887695
-17.606000900268555
9.226929664611816
-17.29319953918457
9.684789657592773
-16.980300903320312
10.1427001953125
-16.667499542236328
10.600500106811523
-16.354700088500977
11.05840015411377
-16.041900634765625
11.516300201416016
-15.729100227355957
11.974100112915039
-15.416299819946289
12.432000160217285
-15.103500366210938
12.889900207519531
-14.79069995880127
13.347700119018555
-14.477899551391602
13.8056001663208
