-7.966859817504883
-16.77359962463379
-7.572539806365967
-16.371299743652344
-7.1782097816467285
-15.969099998474121
-6.7838897705078125
-15.566900253295898
-6.389570236206055
-15.16469955444336
-5.995250225067139
-14.762499809265137
-5.6009202003479
-14.360300064086914
-5.206600189208984
-13.958100318908691
-4.812280178070068
-13.555899620056152
-4.417960166931152
-13.153599739074707
-4.023630142211914
-12.751399993896484
-3.629309892654419
-12.349200248718262
-3.234989881515503
-11.946999549865723
-2.840670108795166
-11.5447998046875
-2.4463400840759277
-11.142600059509277
-2.0520200729370117
-10.740400314331055
-1.6576999425888062
-10.338199615478516
-1.2633800506591797
-9.935959815979004
-0.8690530061721802
-9.5337495803833
-0.4747309982776642
-9.131540298461914
-0.0804084986448288
-8.729330062866211
0.3139140009880066
-8.327110290527344
0.7082359790802002
-7.924900054931641
1.102560043334961
-7.5226898193359375
1.496880054473877
-7.120480060577393
1.8911999464035034
-6.7182698249816895
2.2855300903320312
-6.3160600662231445
2.6798501014709473
-5.913849830627441
3.0741701126098633
-5.511630058288574
3.4684898853302
-5.109419822692871
3.8628199100494385
-4.707210063934326
4.257140159606934
-4.304999828338623
4.65146017074585
-3.902790069580078
5.045780181884766
-3.500580072402954
5.440110206604004
-3.09837007522583
5.83443021774292
-2.696160078048706
6.228750228881836
-2.2939400672912598
6.623069763183594
-1.8917299509048462
7.017399787902832
-1.4895199537277222
7.411719799041748
-1.0873099565505981
7.806039810180664
-0.6850990056991577
8.200360298156738
-0.2828870117664337
8.594690322875977
0.11932399868965149
8.989009857177734
0.5215359926223755
9.383330345153809
0.9237470030784607
9.777649879455566
1.3259600400924683
10.17199993133545
1.7281700372695923
10.566300392150879
2.1303799152374268
10.960599899291992
2.532589912414551
11.354900360107422
2.934799909591675
11.749300003051758
3.337009906768799
12.143600463867188
3.739229917526245
