17.295299530029297
1.831470012664795
17.213199615478516
1.8072199821472168
16.815500259399414
1.4108699560165405
16.417800903320312
1.0145299434661865
16.020099639892578
0.6181870102882385
15.622400283813477
0.22184400260448456
15.224699974060059
-0.1745000034570694
14.82699966430664
-0.570842981338501
14.429300308227539
-0.9671869874000549
14.031599998474121
-1.3635300397872925
13.633899688720703
-1.7598700523376465
13.236200332641602
-2.156219959259033
12.838500022888184
-2.5525600910186768
12.440799713134766
-2.948899984359741
12.043100357055664
-3.345249891281128
11.645400047302246
-3.7415900230407715
11.247699737548828
-4.137939929962158
10.849900245666504
-4.534279823303223
10.452199935913086
-4.930620193481445
10.054499626159668
-5.326970100402832
9.656829833984375
-5.7233099937438965
9.259129524230957
-6.119649887084961
8.861430168151855
-6.515999794006348
8.463720321655273
-6.91234016418457
8.066020011901855
-7.308680057525635
7.668310165405273
-7.7050299644470215
7.2706098556518555
-8.101369857788086
6.872910022735596
-8.497710227966309
6.475200176239014
-8.894060134887695
6.077499866485596
-9.290399551391602
5.679790019989014
-9.686739921569824
5.282090187072754
-10.083100318908691
4.884379863739014
-10.479399681091309
4.486680030822754
-10.875800132751465
4.088980197906494
-11.272100448608398
3.691270112991333
-11.668499946594238
3.293570041656494
-12.064800262451172
2.895859956741333
-12.461099624633789
2.498159885406494
-12.857500076293945
2.1004600524902344
-13.253800392150879
1.7027499675750732
-13.650199890136719
1.305050015449524
-14.046500205993652
0.9073439836502075
-14.442899703979492
