-7.098299980163574
-1.2273399829864502
-6.994500160217285
-0.6851270198822021
-6.890699863433838
-0.14291200041770935
-6.786900043487549
0.39930400252342224
-6.68310022354126
0.941519021987915
-6.5792999267578125
1.4837299585342407
-6.475500106811523
2.0259499549865723
-6.371689796447754
2.5681700706481934
-6.267889976501465
3.110379934310913
-6.164090156555176
3.652600049972534
-6.138649940490723
4.214529991149902
-6.113210201263428
4.77646017074585
-6.087769985198975
5.338389873504639
-6.0623297691345215
5.900320053100586
-6.036900043487549
6.462250232696533
-6.011459827423096
7.024179935455322
-5.986020088195801
7.5861101150512695
-5.960579872131348
8.148039817810059
-5.935140132904053
8.709970474243164
-5.9096999168396
9.271900177001953
-5.884260177612305
9.833840370178223
-5.858819961547852
10.39579963684082
-5.833380222320557
10.9576997756958
-5.8079400062561035
11.519599914550781
-5.78249979019165
12.081600189208984
-5.7570600509643555
12.643500328063965
-5.731619834899902
13.205400466918945
-5.706180095672607
13.767399787902832
-5.680739879608154
14.329299926757812
-5.655300140380859
14.891200065612793
-5.629859924316406
15.453100204467773
-5.604420185089111
16.015100479125977
-5.578979969024658
16.57699966430664
-5.553540229797363
17.138900756835938
-5.52810001373291
17.700899124145508
-5.502659797668457
18.262800216674805
