-2.9138400554656982
-7.884799957275391
-2.834019899368286
-7.336750030517578
-2.754189968109131
-6.788690090179443
-2.6743600368499756
-6.240640163421631
-2.5945401191711426
-5.692580223083496
-2.514709949493408
-5.144529819488525
-2.434890031814575
-4.596469879150391
-2.35506010055542
-4.048419952392578
-2.2752299308776855
-3.5003600120544434
-2.1954100131988525
-2.952310085296631
-2.1155800819396973
-2.404249906539917
-2.035759925842285
-1.8561999797821045
-1.9559299945831299
-1.3081400394439697
-1.876099944114685
-0.7600880265235901
-1.796280026435852
-0.2120330035686493
-1.7164499759674072
0.3360210061073303
-1.6366300582885742
0.8840759992599487
-1.5568000078201294
1.432129979133606
-1.4769699573516846
1.9801900386810303
-1.3971500396728516
2.5282399654388428
-1.3173199892044067
3.0762999057769775
-1.2374999523162842
3.624350070953369
-1.157670021057129
4.172410011291504
-1.077839970588684
4.720459938049316
-0.9980170130729675
5.268519878387451
-0.9181910157203674
5.816569805145264
-0.8383650183677673
6.364630222320557
-0.758538007736206
6.912680149078369
-0.678712010383606
7.460730075836182
-0.5988860130310059
8.008790016174316
-0.5190600156784058
8.556839942932129
-0.4392339885234833
9.104900360107422
-0.3594079911708832
9.652950286865234
-0.2795819938182831
10.201000213623047
-0.19975599646568298
10.749099731445312
-0.11992999911308289
11.297100067138672
-0.040103498846292496
11.845199584960938
0.03972259908914566
12.393199920654297
0.11954899877309799
12.941300392150879
0.1993750035762787
13.489299774169922
0.2792010009288788
14.037400245666504
0.3590269982814789
14.585399627685547
0.438852995634079
15.133500099182129
0.5186790227890015
15.681599617004395
0.5985050201416016
16.22960090637207
