-14.252599716186523
7.809689998626709
-13.838199615478516
7.4273600578308105
-13.42389965057373
7.045040130615234
-13.009599685668945
6.662710189819336
-12.59529972076416
6.280389785766602
-12.180899620056152
5.898059844970703
-11.766599655151367
5.515729904174805
-11.352299690246582
5.1334099769592285
-10.937999725341797
4.75108003616333
-10.523699760437012
4.368760108947754
-10.109299659729004
3.9864299297332764
-9.6950101852417
3.6041100025177
-9.28069019317627
3.2217800617218018
-8.86637020111084
2.839449882507324
-8.45203971862793
2.457129955291748
-8.0377197265625
2.0748000144958496
-7.6234002113342285
1.6924799680709839
-7.209080219268799
1.3101500272750854
-6.794750213623047
0.9278249740600586
-6.380430221557617
0.5454999804496765
-5.9661102294921875
0.16317400336265564
-5.551790237426758
-0.21915200352668762
-5.137460231781006
-0.6014779806137085
-4.723139762878418
-0.9838029742240906
-4.308819770812988
-1.366129994392395
-3.8945000171661377
-1.7484500408172607
-3.4801700115203857
-2.130779981613159
-3.065850019454956
-2.5131099224090576
-2.6515300273895264
-2.895430088043213
-2.2372100353240967
-3.2777600288391113
-1.8228800296783447
-3.6600799560546875
-1.408560037612915
-4.042409896850586
-0.9942399859428406
-4.424729824066162
-0.5799170136451721
-4.8070597648620605
-0.16559499502182007
-5.189390182495117
0.24872800707817078
-5.571710109710693
0.6630499958992004
-5.954040050506592
1.077370047569275
-6.336359977722168
1.4917000532150269
-6.718689918518066
1.9060200452804565
-7.101019859313965
2.3203399181365967
-7.483339786529541
2.7346599102020264
-7.865670204162598
3.1489899158477783
-8.247989654541016
3.563309907913208
-8.630319595336914
3.9776298999786377
-9.012639999389648
4.3919501304626465
-9.394969940185547
4.806280136108398
-9.777299880981445
5.220600128173828
-10.159600257873535
5.634920120239258
-10.541899681091309
6.0492401123046875
-10.924300193786621
6.4635701179504395
-11.306599617004395
