-2.606839895248413
16.656099319458008
-3.046869993209839
16.332599639892578
-3.4868900775909424
16.009000778198242
-3.926919937133789
15.685500144958496
-4.366950035095215
15.362000465393066
-4.806980133056641
15.038399696350098
-5.247000217437744
14.714900016784668
-5.687029838562012
14.391300201416016
-6.1270599365234375
14.06779956817627
-6.567090034484863
13.74429988861084
-7.007110118865967
13.420700073242188
-7.447140216827393
13.097200393676758
-7.88716983795166
12.773699760437012
-8.327199935913086
12.45009994506836
-8.767219543457031
12.12660026550293
-9.207249641418457
11.803099632263184
-9.647279739379883
11.479499816894531
-10.087300300598145
11.156000137329102
-10.527299880981445
10.832500457763672
-10.967399597167969
10.508899688720703
-11.407400131225586
10.185400009155273
-11.847399711608887
9.861860275268555
-12.287400245666504
9.53831958770752
-12.727499961853027
9.214790344238281
-13.167499542236328
8.891249656677246
-13.593500137329102
8.592610359191895
-14.019499778747559
8.293970108032227
-14.445500373840332
7.995319843292236
-14.871399879455566
7.696680068969727
-15.29740047454834
7.398039817810059
-15.723400115966797
7.099400043487549
-16.14940071105957
6.800749778747559
-16.57539939880371
6.502110004425049
