-14.546500205993652
-9.424320220947266
-14.430700302124023
-8.873470306396484
-14.314800262451172
-8.322629928588867
-14.199000358581543
-7.771790027618408
-14.083200454711914
-7.220940113067627
-13.967300415039062
-6.670100212097168
-13.851499557495117
-6.119259834289551
-13.735699653625488
-5.5684099197387695
-13.61989974975586
-5.0175700187683105
-13.503999710083008
-4.466730117797852
-13.388199806213379
-3.915879964828491
-13.27239990234375
-3.3650400638580322
-13.156499862670898
-2.814199924468994
-13.04069995880127
-2.263350009918213
-12.92490005493164
-1.7125099897384644
-12.809000015258789
-1.1616699695587158
-12.69320011138916
-0.6108250021934509
-12.577400207519531
-0.05998139828443527
-12.46150016784668
0.49086201190948486
-12.34570026397705
1.041700005531311
-12.229900360107422
1.5925500392913818
-12.114100456237793
2.143389940261841
-11.998200416564941
2.694230079650879
-11.885600090026855
3.233030080795288
-11.772899627685547
3.7718300819396973
-11.660200119018555
4.310619831085205
-11.547599792480469
4.849420070648193
-11.434900283813477
5.388219833374023
-11.32229995727539
5.9270100593566895
-11.209600448608398
6.4658098220825195
-11.097000122070312
7.004610061645508
-10.984299659729004
7.543409824371338
-10.871600151062012
8.082200050354004
-10.758999824523926
8.621000289916992
-10.646300315856934
9.159799575805664
-10.533699989318848
9.698590278625488
-10.420999526977539
10.23740005493164
-10.308300018310547
10.776200294494629
-10.195699691772461
11.3149995803833
-10.083000183105469
11.853799819946289
-9.970370292663574
12.392600059509277
-9.857709884643555
12.931400299072266
-9.745050430297852
13.470199584960938
-9.632390022277832
14.008999824523926
-9.519729614257812
14.547800064086914
-9.40707015991211
15.086600303649902
-9.29440975189209
15.625399589538574
-9.181750297546387
16.164199829101562
-9.069100379943848
16.702899932861328
-8.956439971923828
17.24169921875
-8.843779563903809
17.780500411987305
-8.731120109558105
18.319299697875977
-8.618459701538086
18.85810089111328
-8.505800247192383
19.396900177001953
