-14.281999588012695
15.612899780273438
-13.87279987335205
15.226099967956543
-13.463600158691406
14.839200019836426
-13.054400444030762
14.452300071716309
-12.6451997756958
14.065400123596191
-12.236000061035156
13.678600311279297
-11.826800346374512
13.29170036315918
-11.41759967803955
12.904800415039062
-11.008399963378906
12.517999649047852
-10.599200248718262
12.131099700927734
-10.1899995803833
11.744199752807617
-9.780779838562012
11.357399940490723
-9.371580123901367
10.970499992370605
-8.962380409240723
10.583600044250488
-8.553190231323242
10.196700096130371
-8.143989562988281
9.809869766235352
-7.734789848327637
9.42300033569336
-7.325590133666992
9.03612995147705
-6.9163899421691895
8.649250030517578
-6.507199764251709
8.26237964630127
-6.0980000495910645
7.875510215759277
-5.688799858093262
7.488639831542969
-5.279600143432617
7.101769924163818
-4.870409965515137
6.714900016784668
-4.461209774017334
6.328030109405518
-4.0520100593566895
5.941160202026367
-3.642810106277466
5.554289817810059
-3.233609914779663
5.167419910430908
-2.8244199752807617
4.780550003051758
-2.415220022201538
4.393670082092285
-2.0060200691223145
4.006800174713135
-1.5968199968338013
3.6199300289154053
-1.1876200437545776
3.233059883117676
-0.778427004814148
2.8461899757385254
-0.3692289888858795
2.459320068359375
0.03996850177645683
2.0724499225616455
0.4491659998893738
1.6855800151824951
0.8583639860153198
1.2987099885940552
1.2675600051879883
0.9118360280990601
1.676759958267212
0.5249649882316589
2.0859599113464355
0.1380939930677414
2.4951601028442383
-0.24877600371837616
2.9043500423431396
-0.6356469988822937
3.3135499954223633
-1.0225199460983276
3.722749948501587
-1.4093899726867676
4.1319499015808105
-1.7962599992752075
4.541140079498291
-2.1831300258636475
4.9503397941589355
-2.569999933242798
5.359539985656738
-2.9568700790405273
5.768740177154541
-3.3437399864196777
6.1779398918151855
-3.730609893798828
6.587130069732666
-4.117489814758301
6.9963297843933105
-4.504360198974609
7.405529975891113
-4.89123010635376
7.814730167388916
-5.27810001373291
8.223919868469238
-5.6649699211120605
8.633119583129883
-6.051839828491211
9.042320251464844
-6.4387102127075195
9.451519966125488
-6.82558012008667
9.860719680786133
-7.21245002746582
10.26990032196045
-7.599319934844971
10.679100036621094
-7.986189842224121
11.088299751281738
-8.373069763183594
11.4975004196167
-8.759940147399902
11.906700134277344
-9.146809577941895
12.315899848937988
-9.533679962158203
12.725099563598633
-9.920550346374512
13.134300231933594
-10.30739974975586
13.543499946594238
-10.694299697875977
