-16.365400314331055
15.580699920654297
-15.91189956665039
15.342399597167969
-15.458399772644043
15.104100227355957
-15.004899978637695
14.865799903869629
-14.551400184631348
14.627400398254395
-14.097900390625
14.389100074768066
-13.644499778747559
14.150799751281738
-13.143400192260742
13.896499633789062
-12.642399787902832
13.64210033416748
-12.141400337219238
13.387800216674805
-11.640299797058105
13.133500099182129
-11.139300346374512
12.879199981689453
-10.638299942016602
12.624799728393555
-10.137200355529785
12.370499610900879
-9.63617992401123
12.11620044708252
-9.135149955749512
11.861800193786621
-8.634110450744629
11.607500076293945
-8.133079528808594
11.35319995880127
-7.632040023803711
11.098899841308594
-7.131010055541992
10.844499588012695
-6.629970073699951
10.590200424194336
-6.128940105438232
10.33590030670166
-5.627900123596191
10.081500053405762
-5.126870155334473
9.82721996307373
-4.625830173492432
9.572890281677246
-4.124800205230713
9.318559646606445
-3.6237599849700928
9.064229965209961
-3.122730016708374
8.809900283813477
-2.6217000484466553
8.555569648742676
-2.1206600666046143
8.301239967346191
-1.619629979133606
8.046919822692871
-1.118589997291565
7.792590141296387
-0.6175569891929626
7.538259983062744
-0.11652199923992157
7.283929824829102
0.3845129907131195
7.029600143432617
0.8855469822883606
6.775269985198975
1.386579990386963
6.520949840545654
1.887619972229004
6.26662015914917
2.3886499404907227
6.012290000915527
2.8896899223327637
5.757959842681885
3.3907198905944824
5.5036301612854
3.8917601108551025
5.249300003051758
4.392789840698242
4.9949798583984375
4.893819808959961
4.740650177001953
5.394859790802002
4.4863200187683105
5.895890235900879
4.231989860534668
6.39693021774292
3.9776599407196045
6.897960186004639
3.723330020904541
7.39900016784668
3.4690001010894775
7.900030136108398
3.2146799564361572
8.401069641113281
2.9603500366210938
8.902099609375
2.7060201168060303
9.4031400680542
2.4516899585723877
9.904170036315918
2.197360038757324
10.405200004577637
1.9430299997329712
10.906200408935547
1.6887099742889404
11.407299995422363
1.434380054473877
11.908300399780273
1.180050015449524
12.409299850463867
0.9257199764251709
12.910400390625
0.671392023563385
13.411399841308594
0.41706401109695435
13.912400245666504
0.1627350002527237
14.41349983215332
-0.0915931984782219
14.91450023651123
-0.34592199325561523
15.415599822998047
-0.6002500057220459
15.916600227355957
-0.854578971862793
16.417600631713867
-1.1089099645614624
16.918699264526367
-1.3632400035858154
17.419700622558594
-1.6175600290298462
17.920700073242188
-1.8718899488449097
18.42180061340332
-2.1262199878692627
18.922800064086914
-2.380549907684326
19.423799514770508
-2.6348800659179688
