-12.410699844360352
-3.828540086746216
-12.124699592590332
-4.302649974822998
-11.838800430297852
-4.776750087738037
-11.552900314331055
-5.250860214233398
-11.267000198364258
-5.724959850311279
-10.981100082397461
-6.199069976806641
-10.695099830627441
-6.67317008972168
-10.409199714660645
-7.147280216217041
-10.123299598693848
-7.621379852294922
-9.837380409240723
-8.095490455627441
-9.551460266113281
-8.569589614868164
-9.26554012298584
-9.043700218200684
-8.979619979858398
-9.517800331115723
-8.693699836730957
-9.991909980773926
-8.407779693603516
-10.465999603271484
-8.121859550476074
-10.940099716186523
-7.835939884185791
-11.414199829101562
-7.550020217895508
-11.888299942016602
-7.264100074768066
-12.36240005493164
-6.978179931640625
-12.83650016784668
-6.692259788513184
-13.310600280761719
-6.4063401222229
-13.784700393676758
-6.120419979095459
-14.258899688720703
-5.834499835968018
-14.732999801635742
-5.548580169677734
-15.207099914550781
-5.262660026550293
-15.68120002746582
-4.976739883422852
-16.15530014038086
-4.690820217132568
-16.6294002532959
-4.404900074005127
-17.103500366210938
-4.1189799308776855
-17.577600479125977
