15.841899871826172
-2.8601300716400146
15.302000045776367
-3.0020499229431152
14.76200008392334
-3.1439599990844727
14.222100257873535
-3.2858800888061523
13.682100296020508
-3.427799940109253
13.142200469970703
-3.5697100162506104
12.60219955444336
-3.71163010597229
12.062299728393555
-3.8535499572753906
11.52239990234375
-3.9954700469970703
10.982399940490723
-4.137380123138428
10.442500114440918
-4.279300212860107
9.902549743652344
-4.421219825744629
9.36260986328125
-4.563129901885986
8.822669982910156
-4.705049991607666
8.282730102539062
-4.846970081329346
7.742790222167969
-4.988890171051025
7.202849864959717
-5.130799770355225
6.662909984588623
-5.272719860076904
6.122970104217529
-5.414639949798584
5.5830302238464355
-5.556550025939941
5.043079853057861
-5.698470115661621
4.503139972686768
-5.840390205383301
3.963200092315674
-5.982309818267822
3.423259973526001
-6.12421989440918
2.8833200931549072
-6.266139984130859
2.3433799743652344
-6.408060073852539
1.803439974784851
-6.5499701499938965
1.2634999752044678
-6.691889762878418
0.7235620021820068
-6.833809852600098
0.18362100422382355
-6.975729942321777
-0.35631901025772095
-7.117640018463135
-0.8962590098381042
-7.2595601081848145
-1.4362000226974487
-7.401480197906494
-1.976140022277832
-7.543389797210693
-2.516079902648926
-7.685309886932373
-3.0560200214385986
-7.827229976654053
-3.5959599018096924
-7.969150066375732
-4.135900020599365
-8.11106014251709
-4.675839900970459
-8.25298023223877
-5.215779781341553
-8.39490032196045
-5.755720138549805
-8.536820411682129
-6.24606990814209
-8.666210174560547
-6.7364301681518555
-8.795599937438965
-7.226779937744141
-8.925000190734863
-7.717130184173584
-9.054389953613281
-8.207480430603027
-9.18379020690918
-8.697830200195312
-9.313179969787598
-9.188179969787598
-9.442580223083496
-9.678529739379883
-9.571969985961914
