-5.210820198059082
8.825400352478027
-4.819119930267334
8.431879997253418
-4.427410125732422
8.038359642028809
-4.035709857940674
7.644839763641357
-3.644010066986084
7.2513298988342285
-3.252310037612915
6.857810020446777
-2.860599994659424
6.464290142059326
-2.468899965286255
6.070769786834717
-2.077199935913086
5.677259922027588
-1.6854900121688843
5.283740043640137
-1.2937899827957153
4.8902201652526855
-0.9020879864692688
4.496709823608398
-0.5103859901428223
4.103189945220947
-0.11868300288915634
3.709670066833496
0.2730199992656708
3.316149950027466
0.6647229790687561
2.922640085220337
1.0564299821853638
2.5291199684143066
1.4481300115585327
2.1356000900268555
1.8398300409317017
1.7420799732208252
2.231529951095581
1.3485699892044067
2.6232399940490723
0.9550489783287048
3.014940023422241
0.5615320205688477
3.40664005279541
0.1680150032043457
3.7983500957489014
-0.22550199925899506
4.19005012512207
-0.6190199851989746
4.58174991607666
-1.0125399827957153
4.973450183868408
-1.4060499668121338
5.36515998840332
-1.7995699644088745
5.75685977935791
-2.1930899620056152
6.148560047149658
-2.5866100788116455
6.54026985168457
-2.9801199436187744
6.931970119476318
-3.3736400604248047
7.323669910430908
-3.767159938812256
7.715370178222656
-4.160679817199707
8.107080459594727
-4.554190158843994
8.498780250549316
-4.947710037231445
8.87362003326416
-5.328470230102539
9.248470306396484
-5.709239959716797
9.623310089111328
-6.090000152587891
9.998160362243652
-6.470759868621826
10.373000144958496
-6.851530075073242
10.74779987335205
-7.232289791107178
11.122699737548828
-7.6130499839782715
11.4975004196167
-7.9938201904296875
11.872400283813477
-8.374580383300781
