-4.682350158691406
-0.5973740220069885
-4.14070987701416
-0.7208470106124878
-3.59906005859375
-0.8443189859390259
-3.057420015335083
-0.9677919745445251
-2.515779972076416
-1.0912599563598633
-1.9741300344467163
-1.2147400379180908
-1.4324899911880493
-1.3382099866867065
-0.8908420205116272
-1.4616800546646118
-0.34919700026512146
-1.5851500034332275
0.1924470067024231
-1.7086299657821655
0.7340919971466064
-1.8321000337600708
1.2757400274276733
-1.9555699825286865
1.8173799514770508
-2.079050064086914
2.35903000831604
-2.2025198936462402
2.900670051574707
-2.3259899616241455
3.442310094833374
-2.449460029602051
3.983959913253784
-2.5729401111602783
4.525599956512451
-2.6964099407196045
5.067249774932861
-2.8198800086975098
5.608890056610107
-2.943350076675415
6.150539875030518
-3.0668299198150635
6.692180156707764
-3.1902999877929688
7.233829975128174
-3.313770055770874
7.775469779968262
-3.4372398853302
8.317119598388672
-3.5607199668884277
8.858759880065918
-3.684190034866333
9.400400161743164
-3.8076601028442383
9.942049980163574
-3.9311299324035645
10.483699798583984
-4.054609775543213
11.025300025939941
-4.178080081939697
11.567000389099121
-4.301549911499023
12.108599662780762
-4.425020217895508
12.650300025939941
-4.548500061035156
13.191900253295898
-4.671969890594482
13.733599662780762
-4.795440196990967
14.275199890136719
-4.918910026550293
14.816900253295898
-5.042389869689941
15.358499526977539
-5.165860176086426
15.900099754333496
-5.289330005645752
16.44179916381836
-5.4128098487854
