-13.732399940490723
19.005800247192383
-13.18340015411377
18.874399185180664
-12.634300231933594
18.743099212646484
-12.08530044555664
18.6117000579834
-11.536299705505371
18.480300903320312
-10.987299919128418
18.349000930786133
-10.438300132751465
18.217599868774414
-9.889240264892578
18.086299896240234
-9.34022045135498
17.95490074157715
-8.791190147399902
17.82349967956543
-8.242170333862305
17.69219970703125
-7.693150043487549
17.560800552368164
-7.144130229949951
17.429500579833984
-6.595109939575195
17.298099517822266
-6.046080112457275
17.16670036315918
-5.4970598220825195
17.035400390625
-4.948040008544922
16.90399932861328
-4.399020195007324
16.7726993560791
-3.8499999046325684
16.641300201416016
-3.3009700775146484
16.509899139404297
-2.7519500255584717
16.378599166870117
-2.202929973602295
16.24720001220703
-1.6539100408554077
16.11590003967285
-1.104889988899231
15.98449993133545
-0.5558649897575378
15.853099822998047
-0.0068426597863435745
15.721799850463867
0.5421789884567261
15.590399742126465
1.0911999940872192
15.459099769592285
1.640220046043396
15.327699661254883
2.1892499923706055
15.19629955291748
2.7382700443267822
15.0649995803833
3.287290096282959
14.933600425720215
3.8363099098205566
14.802200317382812
4.3853302001953125
14.670900344848633
4.93435001373291
14.53950023651123
5.48337984085083
14.40820026397705
6.032400131225586
14.276800155639648
6.581419944763184
14.145400047302246
7.1304402351379395
14.014100074768066
7.679460048675537
13.882699966430664
8.228489875793457
13.751399993896484
8.777509689331055
13.619999885559082
