-10.589300155639648
-12.656999588012695
-10.138299942016602
-12.320099830627441
-9.687219619750977
-11.98330020904541
-9.236160278320312
-11.646400451660156
-8.785099983215332
-11.309499740600586
-8.334039688110352
-10.972599983215332
-7.882979869842529
-10.6358003616333
-7.431920051574707
-10.29889965057373
-6.980860233306885
-9.961999893188477
-6.529799938201904
-9.625120162963867
-6.078740119934082
-9.288240432739258
-5.627679824829102
-8.951359748840332
-5.176620006561279
-8.614480018615723
-4.725560188293457
-8.277600288391113
-4.274499893188477
-7.940730094909668
-3.8234400749206543
-7.6038498878479
-3.372380018234253
-7.266970157623291
-2.9213199615478516
-6.930089950561523
-2.47025990486145
-6.593210220336914
-2.019200086593628
-6.2563300132751465
-1.5681400299072266
-5.919459819793701
-1.1170799732208252
-5.582580089569092
-0.6660230159759521
-5.245699882507324
-0.21496300399303436
-4.908820152282715
0.23609599471092224
-4.571939945220947
0.6871560215950012
-4.235060214996338
1.138219952583313
-3.8981900215148926
1.589269995689392
-3.561310052871704
2.040329933166504
-3.2244300842285156
2.4913899898529053
-2.887550115585327
2.9424500465393066
-2.5506699085235596
3.393510103225708
-2.213789939880371
3.8445699214935303
-1.8769199848175049
4.295629978179932
-1.5400400161743164
4.746689796447754
-1.203160047531128
5.197750091552734
-0.8662800192832947
5.648809909820557
-0.5294020175933838
6.099870204925537
-0.19252300262451172
6.550930023193359
0.14435499906539917
7.001989841461182
0.48123300075531006
7.453050136566162
0.8181120157241821
7.904109954833984
1.1549899578094482
8.355170249938965
1.4918700456619263
8.806229591369629
1.8287500143051147
9.25728988647461
2.1656301021575928
9.70835018157959
2.502500057220459
10.15939998626709
2.8393800258636475
10.61050033569336
3.176259994506836
11.06149959564209
3.5131399631500244
11.51259994506836
3.850019931793213
11.963600158691406
4.1869001388549805
12.41469955444336
4.523769855499268
12.865799903869629
4.860650062561035
13.316800117492676
5.1975297927856445
13.767900466918945
5.534409999847412
14.218899726867676
5.87129020690918
14.670000076293945
6.208169937133789
