-13.195799827575684
-15.8681001663208
-12.636699676513672
-15.846599578857422
-12.07759952545166
-15.825200080871582
-11.518500328063965
-15.80370044708252
-10.959400177001953
-15.78219985961914
-10.400300025939941
-15.760700225830078
-9.841219902038574
-15.7391996383667
-9.282119750976562
-15.71780014038086
-8.723030090332031
-15.69629955291748
-8.1639404296875
-15.674799919128418
-7.604849815368652
-15.653300285339355
-7.045760154724121
-15.631799697875977
-6.486670017242432
-15.610300064086914
-5.927579879760742
-15.588899612426758
-5.368490219116211
-15.567399978637695
-4.8094000816345215
-15.545900344848633
-4.250309944152832
-15.524399757385254
-3.6912200450897217
-15.502900123596191
-3.1321299076080322
-15.481399536132812
-2.5730299949645996
-15.460000038146973
-2.0139400959014893
-15.43850040435791
-1.4548499584197998
-15.416999816894531
-0.895762026309967
-15.395500183105469
-0.33667099475860596
-15.37399959564209
0.22242000699043274
-15.352499961853027
0.7815110087394714
-15.331100463867188
1.3406000137329102
-15.309599876403809
1.89969003200531
-15.288100242614746
2.45878005027771
-15.266599655151367
3.0178699493408203
-15.245100021362305
3.5769600868225098
-15.223699569702148
4.1360602378845215
-15.202199935913086
4.695149898529053
-15.180700302124023
5.254240036010742
-15.159199714660645
5.813330173492432
-15.137700080871582
6.372419834136963
-15.11620044708252
6.931509971618652
-15.094799995422363
7.490600109100342
-15.0733003616333
8.049690246582031
-15.051799774169922
8.608779907226562
-15.03030014038086
