-17.331199645996094
-5.40438985824585
-17.245399475097656
-4.86352014541626
-17.159500122070312
-4.322659969329834
-17.073699951171875
-3.7818000316619873
-16.987899780273438
-3.2409300804138184
-16.902000427246094
-2.7000699043273926
-16.816200256347656
-2.1591999530792236
-16.730300903320312
-1.618340015411377
-16.644500732421875
-1.0774799585342407
-16.558700561523438
-0.5366129875183105
-16.47279930114746
0.004250209778547287
-16.386999130249023
0.5451139807701111
-16.30120086669922
1.0859800577163696
-16.215299606323242
1.6268399953842163
-16.129499435424805
2.1677000522613525
-16.04360008239746
2.7085700035095215
-15.957799911499023
3.249429941177368
-15.871999740600586
3.790299892425537
-15.786100387573242
4.331160068511963
-15.700300216674805
4.8720197677612305
-15.614399909973145
5.4128899574279785
-15.528599739074707
5.953750133514404
-15.44279956817627
6.494609832763672
-15.356900215148926
7.03548002243042
-15.271100044250488
7.576340198516846
-15.185199737548828
8.117210388183594
-15.09939956665039
8.658069610595703
-15.01360034942627
9.198929786682129
-14.92770004272461
9.739800453186035
-14.841899871826172
10.280699729919434
