5.377009868621826
-18.245399475097656
5.792019844055176
-17.8789005279541
6.207029819488525
-17.512399673461914
6.622039794921875
-17.145999908447266
7.037049770355225
-16.779499053955078
7.452060222625732
-16.41309928894043
7.867070198059082
-16.046600341796875
8.282079696655273
-15.68019962310791
8.697090148925781
-15.313699722290039
9.112099647521973
-14.947199821472168
9.52711009979248
-14.58080005645752
9.942119598388672
-14.214300155639648
10.357099533081055
-13.847900390625
10.772100448608398
-13.481399536132812
11.187100410461426
-13.114899635314941
11.60219955444336
-12.748499870300293
12.017200469970703
-12.381999969482422
12.43220043182373
-12.015600204467773
12.847200393676758
-11.649100303649902
13.262200355529785
-11.282699584960938
13.677200317382812
-10.916199684143066
14.09220027923584
-10.549699783325195
14.507200241088867
-10.183300018310547
14.922200202941895
-9.81682014465332
15.337200164794922
-9.450369834899902
15.752300262451172
-9.08390998840332
16.167299270629883
-8.717450141906738
16.582300186157227
-8.350990295410156
16.997299194335938
-7.984539985656738
17.41230010986328
-7.618080139160156
17.827299118041992
-7.251619815826416
18.242300033569336
-6.885159969329834
18.65730094909668
-6.518700122833252
19.07229995727539
-6.152249813079834
