15.095000267028809
-6.5694098472595215
14.584099769592285
-6.750569820404053
14.073100090026855
-6.931729793548584
13.562100410461426
-7.112889766693115
13.05109977722168
-7.294050216674805
12.540200233459473
-7.475210189819336
12.029199600219727
-7.656370162963867
11.518199920654297
-7.837530136108398
11.007200241088867
-8.01869010925293
10.496199607849121
-8.199850082397461
9.985260009765625
-8.381010055541992
9.474289894104004
-8.562170028686523
8.963310241699219
-8.743330001831055
8.452329635620117
-8.924489974975586
7.941349983215332
-9.105649948120117
7.430369853973389
-9.286809921264648
6.919400215148926
-9.46796989440918
6.408420085906982
-9.649129867553711
5.897439956665039
-9.830289840698242
5.386459827423096
-10.011500358581543
4.875490188598633
-10.19260025024414
