-6.525179862976074
-3.9732799530029297
-6.001890182495117
-3.7969698905944824
-5.478600025177002
-3.6206600666046143
-4.955309867858887
-3.444350004196167
-4.43202018737793
-3.268049955368042
-3.9087300300598145
-3.0917398929595947
-3.3854401111602783
-2.9154300689697266
-2.862149953842163
-2.7391200065612793
-2.338860034942627
-2.5628199577331543
-1.8155699968338013
-2.386509895324707
-1.2922799587249756
-2.210200071334839
-0.7689869999885559
-2.0338900089263916
-0.2456970065832138
-1.8575799465179443
0.2775929868221283
-1.6812800168991089
0.8008829951286316
-1.5049699544906616
1.3241699934005737
-1.328660011291504
1.8474600315093994
-1.1523499488830566
2.3707499504089355
-0.9760460257530212
2.894040107727051
-0.7997379899024963
3.417330026626587
-0.6234300136566162
3.940619945526123
-0.4471229910850525
4.463910102844238
-0.27081501483917236
4.987199783325195
-0.09450709819793701
5.5104899406433105
0.08180069923400879
6.033790111541748
0.258107990026474
6.557079792022705
0.4344159960746765
7.08036994934082
0.6107239723205566
7.6036601066589355
0.7870320081710815
8.12695026397705
0.9633399844169617
8.650239944458008
1.1396499872207642
9.173529624938965
1.3159600496292114
9.696820259094238
1.4922599792480469
10.220100402832031
1.6685700416564941
10.743399620056152
1.8448799848556519
11.26669979095459
2.0211899280548096
11.789999961853027
2.1974899768829346
12.313300132751465
2.373800039291382
12.836600303649902
2.550110101699829
13.359800338745117
2.7264199256896973
13.883099555969238
2.9027299880981445
14.406399726867676
3.0790300369262695
