-1.2295900583267212
-13.668600082397461
-1.5199899673461914
-13.184900283813477
-1.810379981994629
-12.70110034942627
-2.1007800102233887
-12.217399597167969
-2.391170024871826
-11.733699798583984
-2.681570053100586
-11.249899864196777
-2.9719600677490234
-10.766200065612793
-3.262360095977783
-10.282400131225586
-3.5527501106262207
-9.798689842224121
-3.843139886856079
-9.314949989318848
-4.133540153503418
-8.831210136413574
-4.4239301681518555
-8.3474702835083
-4.714330196380615
-7.863719940185547
-5.004720211029053
-7.379980087280273
-5.295119762420654
-6.896240234375
-5.585509777069092
-6.412499904632568
-5.875909805297852
-5.928760051727295
-6.166299819946289
-5.4450201988220215
-6.456699848175049
-4.96127986907959
-6.747089862823486
-4.477540016174316
-7.037489891052246
-3.993799924850464
-7.327879905700684
-3.5100600719451904
-7.618279933929443
-3.026319980621338
-7.908669948577881
-2.5425798892974854
-8.19906997680664
-2.0588300228118896
-8.489459991455078
-1.5750900506973267
-8.77985954284668
-1.0913499593734741
-9.070249557495117
-0.6076120138168335
-9.360650062561035
-0.12387099862098694
-9.651040077209473
0.35986998677253723
-9.941439628601074
0.8436099886894226
-10.231800079345703
1.3273500204086304
-10.522199630737305
1.8110899925231934
-10.812600135803223
2.294830083847046
-11.102999687194824
2.7785699367523193
-11.393400192260742
3.262310028076172
-11.683799743652344
3.7460598945617676
-11.974200248718262
4.229800224304199
-12.264599800109863
4.713540077209473
-12.555000305175781
5.197279930114746
-12.845399856567383
5.6810197830200195
-13.1358003616333
6.164760112762451
-13.426199913024902
6.648499965667725
-13.71660041809082
7.132239818572998
