-12.382399559020996
9.702659606933594
-11.860099792480469
9.900289535522461
-11.337699890136719
10.097900390625
-10.815400123596191
10.295499801635742
-10.293000221252441
10.493200302124023
-9.770660400390625
10.690799713134766
-9.248310089111328
10.888400077819824
-8.725959777832031
11.086000442504883
-8.20359992980957
11.283699989318848
-7.681250095367432
11.481300354003906
-7.158899784088135
11.678899765014648
-6.636549949645996
11.876500129699707
-6.114200115203857
12.074199676513672
-5.591839790344238
12.27180004119873
-5.0694899559021
12.469400405883789
-4.547140121459961
12.666999816894531
-4.024789810180664
12.864700317382812
-3.5024399757385254
13.062299728393555
-2.9800798892974854
13.259900093078613
-2.4577300548553467
13.457500457763672
-1.935379981994629
13.655200004577637
-1.4130300283432007
13.852800369262695
-0.8906750082969666
14.050399780273438
-0.3683229982852936
14.248000144958496
0.1540289968252182
14.445699691772461
0.67638099193573
14.64330005645752
1.1987299919128418
14.840900421142578
1.7210899591445923
15.03849983215332
2.2434399127960205
15.236200332641602
2.7657899856567383
15.433799743652344
3.288140058517456
15.631400108337402
3.8104898929595947
15.829000473022461
4.332849979400635
16.02669906616211
4.855199813842773
16.224300384521484
5.37755012512207
16.421899795532227
5.899899959564209
16.61949920654297
6.422249794006348
16.81719970703125
6.944610118865967
17.014799118041992
7.4669599533081055
17.212400436401367
7.989309787750244
17.41010093688965
8.511659622192383
17.60770034790039
9.03400993347168
17.805299758911133
9.55636978149414
18.002899169921875
10.078700065612793
18.200599670410156
10.601099967956543
18.3981990814209
11.12339973449707
18.595800399780273
11.64579963684082
18.793399810791016
12.168100357055664
18.991100311279297
