-1.9432499408721924
10.0
-1.481819987297058
9.686570167541504
-1.020400047302246
9.373100280761719
-0.5589720010757446
9.059619903564453
-0.09754599630832672
8.746150016784668
0.3638800084590912
8.432680130004883
0.8253049850463867
8.119199752807617
1.2867300510406494
7.805729866027832
1.7481600046157837
7.492249965667725
2.2095799446105957
7.1787800788879395
2.6710100173950195
6.865300178527832
3.132430076599121
6.551829814910889
3.593859910964966
6.238349914550781
4.055290222167969
5.924880027770996
4.516709804534912
5.611400127410889
4.978139877319336
5.297929763793945
5.4395599365234375
4.98445987701416
5.900990009307861
4.670979976654053
6.362410068511963
4.357510089874268
6.823840141296387
4.04403018951416
7.285260200500488
3.730560064315796
7.746689796447754
3.4170799255371094
8.208120346069336
3.103610038757324
8.669540405273438
2.7901298999786377
9.130970001220703
2.4766600131988525
9.592390060424805
2.1631898880004883
10.053799629211426
1.8497099876403809
10.515199661254883
1.5362399816513062
10.976699829101562
1.2227599620819092
11.43809986114502
0.9092869758605957
11.899499893188477
0.595812976360321
12.360899925231934
0.2823379933834076
12.822400093078613
-0.031136300414800644
13.28380012512207
-0.3446109890937805
13.745200157165527
-0.6580849885940552
14.206600189208984
-0.971560001373291
14.668100357055664
-1.2850300073623657
