11.685199737548828
8.388919830322266
11.263699531555176
8.024820327758789
10.84220027923584
7.660729885101318
10.420700073242188
7.296629905700684
9.99927043914795
6.932529926300049
9.577790260314941
6.568439960479736
9.156319618225098
6.204339981079102
8.734840393066406
5.840240001678467
8.313369750976562
5.476140022277832
7.891890048980713
5.1120500564575195
7.470419883728027
4.747950077056885
7.048940181732178
4.38385009765625
6.627470016479492
4.0197601318359375
6.205989837646484
3.6556599140167236
5.784520149230957
3.291559934616089
5.363039970397949
2.9274699687957764
4.941569805145264
2.5633699893951416
4.520090103149414
2.199270009994507
4.0986199378967285
1.8351800441741943
3.6771399974823
1.47107994556427
3.2556700706481934
1.1069799661636353
2.8341898918151855
0.7428860068321228
2.412719964981079
0.3787890076637268
1.9912400245666504
0.014691900461912155
1.5697699785232544
-0.3494049906730652
1.1482900381088257
-0.7135019898414612
0.7268189787864685
-1.0776000022888184
0.30534398555755615
-1.4416999816894531
-0.1161310002207756
-1.8057899475097656
-0.5376060009002686
-2.1698899269104004
-0.9590809941291809
-2.533989906311035
-1.380560040473938
-2.8980801105499268
-1.8020299673080444
-3.2621800899505615
-2.2235100269317627
-3.6262800693511963
