5.086480140686035
-4.790309906005859
4.533599853515625
-4.754209995269775
3.980720043182373
-4.718110084533691
3.427839994430542
-4.682000160217285
2.874959945678711
-4.645899772644043
2.32207989692688
-4.609799861907959
1.7691899538040161
-4.573699951171875
1.2163100242614746
-4.537600040435791
0.6634330153465271
-4.501500129699707
0.11055199801921844
-4.465400218963623
-0.4423289895057678
-4.429299831390381
-0.9952099919319153
-4.393199920654297
-1.5480899810791016
-4.357089996337891
-2.1009700298309326
-4.320990085601807
-2.6538500785827637
-4.284890174865723
-3.2067298889160156
-4.2487897872924805
-3.759619951248169
-4.2126898765563965
-4.3125
-4.1765899658203125
-4.865379810333252
-4.1404900550842285
-5.418260097503662
-4.1043901443481445
-5.971139907836914
-4.0682902336120605
-6.524020195007324
-4.032179832458496
-7.076900005340576
-3.996079921722412
-7.629779815673828
-3.959980010986328
-8.182660102844238
-3.923880100250244
-8.735549926757812
-3.887779951095581
-9.288430213928223
-3.851680040359497
-9.841309547424316
-3.815579891204834
-10.394200325012207
-3.77947998046875
-10.947099685668945
-3.743380069732666
-11.5
-3.707279920578003
-12.052800178527832
-3.6711699962615967
-12.60569953918457
-3.6350700855255127
-13.158599853515625
-3.5989699363708496
-13.71150016784668
-3.5628700256347656
