11.1072998046875
-8.246589660644531
11.205699920654297
-7.704820156097412
11.303999900817871
-7.163050174713135
11.402400016784668
-6.621280193328857
11.500699996948242
-6.07951021194458
11.599100112915039
-5.537740230560303
11.697400093078613
-4.995969772338867
11.79580020904541
-4.45419979095459
11.894100189208984
-3.9124300479888916
11.992500305175781
-3.3706600666046143
12.090800285339355
-2.828890085220337
12.189200401306152
-2.2871201038360596
12.287500381469727
-1.7453500032424927
12.385899543762207
-1.2035800218582153
12.484199523925781
-0.6618139743804932
12.582599639892578
-0.12004400044679642
12.680899620056152
0.42172500491142273
12.779199600219727
0.9634950160980225
12.877599716186523
1.5052599906921387
12.975899696350098
2.047029972076416
13.074299812316895
2.5887999534606934
13.172599792480469
3.1305699348449707
13.270999908447266
3.672339916229248
13.36929988861084
4.214109897613525
13.467700004577637
4.755879878997803
13.565999984741211
5.29764986038208
13.664400100708008
5.839419841766357
13.762700080871582
6.381189823150635
13.861100196838379
6.922959804534912
13.959400177001953
7.4647297859191895
14.05780029296875
8.006500244140625
14.156100273132324
8.548270225524902
