7.1465301513671875
5.140210151672363
6.70382022857666
5.468900203704834
6.261109828948975
5.797579765319824
5.818399906158447
6.126269817352295
5.37568998336792
6.454959869384766
4.932990074157715
6.783649921417236
4.4902801513671875
7.112339973449707
4.04757022857666
7.441030025482178
3.6048600673675537
7.769720077514648
3.1621499061584473
8.098409652709961
2.71943998336792
8.42708969116211
2.2767300605773926
8.755780220031738
1.834030032157898
9.08446979522705
1.391319990158081
9.41316032409668
0.9486079812049866
9.741849899291992
0.5059000253677368
10.070500373840332
0.06319110095500946
10.399200439453125
-0.3795180022716522
10.727899551391602
-0.8222259879112244
11.056599617004395
-1.264930009841919
11.385299682617188
-1.7076400518417358
11.71399974822998
-2.1503500938415527
12.042699813842773
-2.59306001663208
12.371399879455566
-3.0357699394226074
12.699999809265137
-3.478480100631714
13.02869987487793
-3.921190023422241
13.357399940490723
-4.363890171051025
13.686100006103516
-4.806600093841553
14.014800071716309
-5.24931001663208
14.343500137329102
