-16.501100540161133
13.928099632263184
-15.94480037689209
13.89109992980957
-15.388400077819824
13.854000091552734
-14.832099914550781
13.817000389099121
-14.275799751281738
13.779899597167969
-13.719499588012695
13.742899894714355
-13.163200378417969
13.70580005645752
-12.606900215148926
13.668800354003906
-12.050600051879883
13.631699562072754
-11.49429988861084
13.59469985961914
-10.937899589538574
13.557600021362305
-10.381600379943848
13.520600318908691
-9.825309753417969
13.483499526977539
-9.269000053405762
13.446499824523926
-8.712679862976074
13.40939998626709
-8.156370162963867
13.372400283813477
-7.60004997253418
13.33530044555664
-7.0437397956848145
13.298299789428711
-6.487430095672607
13.261199951171875
-5.93110990524292
13.224200248718262
-5.374800205230713
13.187100410461426
-4.818480014801025
13.150099754333496
-4.26216983795166
13.11299991607666
-3.705859899520874
13.076000213623047
-3.1495399475097656
13.038900375366211
-2.5932300090789795
13.001899719238281
-2.036910057067871
12.964799880981445
-1.4805999994277954
12.927800178527832
-0.9242849946022034
12.890700340270996
-0.3679710030555725
12.853699684143066
0.18834300339221954
12.81659984588623
0.7446569800376892
12.779600143432617
1.3009699583053589
12.742600440979004
1.8572800159454346
12.705499649047852
2.413599967956543
12.668499946594238
2.969909906387329
12.631400108337402
3.5262300968170166
12.594400405883789
4.082540035247803
12.557299613952637
4.638850212097168
12.520299911499023
5.195169925689697
12.483200073242188
5.7514801025390625
12.446200370788574
6.307799816131592
12.409099578857422
6.864109992980957
12.372099876403809
7.420420169830322
12.335000038146973
7.976739883422852
12.29800033569336
8.533049583435059
12.260899543762207
9.089369773864746
12.223899841308594
9.64568042755127
12.186800003051758
10.20199966430664
12.149800300598145
10.758299827575684
12.112700462341309
11.314599990844727
12.075699806213379
11.87090015411377
12.038599967956543
12.427300453186035
12.00160026550293
12.983599662780762
11.964500427246094
13.539899826049805
11.927499771118164
14.096199989318848
11.890399932861328
14.65250015258789
11.853400230407715
15.208800315856934
11.816300392150879
15.76509952545166
11.77929973602295
16.321399688720703
11.742199897766113
16.87779998779297
11.7052001953125
17.434099197387695
11.668100357055664
