6.7209601402282715
8.094610214233398
6.341259956359863
7.6835198402404785
5.961550235748291
7.272429943084717
5.5818400382995605
6.861340045928955
5.202139854431152
6.450250148773193
4.82243013381958
6.039159774780273
4.44271993637085
5.628069877624512
4.0630202293396
5.21697998046875
3.683310031890869
4.805890083312988
3.3036000728607178
4.394800186157227
2.9238998889923096
3.9837100505828857
2.544189929962158
3.572619915008545
2.164479970932007
3.161530017852783
1.7847800254821777
2.7504398822784424
1.4050699472427368
2.3393499851226807
1.0253599882125854
1.9282599687576294
0.6456559896469116
1.5171699523925781
0.2659499943256378
1.1060800552368164
-0.11375699937343597
0.6949859857559204
-0.49346300959587097
0.28389599919319153
-0.873170018196106
-0.12719400227069855
-1.2528799772262573
-0.5382850170135498
-1.632580041885376
-0.9493749737739563
-2.0122900009155273
-1.3604700565338135
-2.3919999599456787
-1.7715599536895752
-2.771699905395508
-2.182650089263916
-3.1514101028442383
-2.5937399864196777
-3.5311200618743896
-3.0048298835754395
-3.9108200073242188
-3.4159200191497803
-4.290530204772949
-3.827009916305542
-4.6702399253845215
-4.238100051879883
-5.04994010925293
-4.6491899490356445
-5.429649829864502
-5.060279846191406
-5.809360027313232
-5.471370220184326
-6.189060211181641
-5.882460117340088
-6.568769931793213
-6.29355001449585
-6.948480129241943
-6.704639911651611
-7.328179836273193
-7.115729808807373
-7.707890033721924
-7.526820182800293
-8.087599754333496
-7.937910079956055
-8.467300415039062
-8.348999977111816
-8.847009658813477
-8.760089874267578
-9.226719856262207
-9.17117977142334
-9.606419563293457
-9.582269668579102
-9.986129760742188
-9.993359565734863
-10.365799903869629
-10.404500007629395
-10.745499610900879
-10.815500259399414
-11.125200271606445
-11.22659969329834
-11.505000114440918
-11.637700080871582
-11.884699821472168
-12.048800468444824
-12.264399528503418
-12.45989990234375
-12.644100189208984
-12.871000289916992
-13.023799896240234
-13.282099723815918
-13.403499603271484
-13.69320011138916
-13.78320026397705
-14.104299545288086
-14.1628999710083
-14.515399932861328
-14.54259967803955
-14.926400184631348
-14.922300338745117
-15.337499618530273
-15.302000045776367
-15.748600006103516
-15.681699752807617
-16.159700393676758
-16.061399459838867
-16.57080078125
-16.441099166870117
-16.98189926147461
-16.82080078125
-17.39299964904785
-17.200599670410156
-17.804100036621094
-17.580299377441406
-18.215200424194336
