-1.439389944076538
-7.239759922027588
-1.8576500415802002
-6.8658599853515625
-2.275899887084961
-6.491970062255859
-2.694159984588623
-6.118070125579834
-3.112420082092285
-5.744180202484131
-3.530669927597046
-5.370279788970947
-3.948930025100708
-4.996379852294922
-4.367189884185791
-4.622489929199219
-4.785439968109131
-4.248589992523193
-5.203700065612793
-3.8747000694274902
-5.621960163116455
-3.5007998943328857
-6.040209770202637
-3.1268999576568604
-6.458469867706299
-2.7530100345611572
-6.876729965209961
-2.379110097885132
-7.294980049133301
-2.0052199363708496
-7.713240146636963
-1.6313199996948242
-8.131489753723145
-1.2574199438095093
-8.549750328063965
-0.8835279941558838
-8.968009948730469
-0.5096330046653748
-9.386260032653809
-0.13573700189590454
-9.804519653320312
0.23815900087356567
-10.222800254821777
0.6120550036430359
-10.640999794006348
0.9859510064125061
-11.059300422668457
1.3598500490188599
-11.477499961853027
1.733739972114563
-11.89579963684082
2.107640027999878
-12.31410026550293
2.481529951095581
-12.7322998046875
2.8554298877716064
-13.15060043334961
3.229330062866211
-13.56879997253418
3.603219985961914
-13.987099647521973
3.9771199226379395
-14.40530014038086
4.351009845733643
-14.823599815368652
4.724909782409668
-15.241900444030762
5.098810195922852
-15.660099983215332
5.472700119018555
-16.078399658203125
5.84660005569458
-16.496599197387695
6.220489978790283
-16.914899826049805
6.594389915466309
-17.333099365234375
6.968289852142334
