14.126799583435059
12.037099838256836
13.683500289916992
11.696399688720703
13.240099906921387
11.35569953918457
12.796799659729004
11.01509952545166
12.353400230407715
10.674400329589844
11.910099983215332
10.333700180053711
11.466699600219727
9.993029594421387
11.02340030670166
9.652350425720215
10.580100059509277
9.311670303344727
10.136699676513672
8.970999717712402
9.69336986541748
8.630319595336914
9.250029563903809
8.289640426635742
8.806690216064453
7.948969841003418
8.363349914550781
7.608290195465088
7.920000076293945
7.2676100730896
7.476659774780273
6.926929950714111
7.03331995010376
6.586259841918945
6.589980125427246
6.245580196380615
6.146629810333252
5.904900074005127
5.703289985656738
5.564229965209961
5.259950160980225
5.223549842834473
4.816609859466553
4.882870197296143
4.373260021209717
4.542190074920654
3.929919958114624
4.201519966125488
3.4865798950195312
3.860840082168579
3.0432400703430176
3.520159959793091
2.5998899936676025
3.179490089416504
2.1565499305725098
2.8388099670410156
1.7132099866867065
2.4981300830841064
1.269860029220581
2.1574599742889404
0.8265219926834106
1.8167799711227417
0.3831790089607239
1.476099967956543
-0.06016330048441887
1.1354199647903442
-0.5035060048103333
0.794746994972229
-0.94684898853302
0.45407000184059143
-1.3901900053024292
0.11339300125837326
-1.8335299491882324
-0.2272839993238449
-2.2768800258636475
-0.5679609775543213
-2.7202200889587402
-0.9086380004882812
-3.163559913635254
-1.2493200302124023
-3.6068999767303467
-1.5899900197982788
-4.050250053405762
-1.9306700229644775
-4.493589878082275
-2.2713499069213867
-4.936930179595947
-2.6120200157165527
-5.380270004272461
-2.952699899673462
-5.823619842529297
-3.29338002204895
-6.266960144042969
-3.634049892425537
-6.710299968719482
-3.9747300148010254
-7.153649806976318
-4.315410137176514
-7.59699010848999
-4.656089782714844
-8.040329933166504
-4.99675989151001
-8.483670234680176
-5.337440013885498
-8.927020072937012
-5.678120136260986
-9.370360374450684
-6.018789768218994
-9.813699722290039
-6.359469890594482
-10.256999969482422
-6.700150012969971
-10.700400352478027
-7.040830135345459
-11.143699645996094
-7.381499767303467
