3.2782199382781982
17.82819938659668
3.0339701175689697
17.323999404907227
2.78971004486084
16.819700241088867
2.5454599857330322
16.315500259399414
2.3011999130249023
15.811200141906738
2.056950092315674
15.306900024414062
1.812690019607544
14.80270004272461
1.5684399604797363
14.298399925231934
1.324180006980896
13.794099807739258
1.0799299478530884
13.289899826049805
0.8356710076332092
12.785599708557129
0.5914160013198853
12.281299591064453
0.3471609950065613
11.777099609375
0.1029060035943985
11.27280044555664
-0.14134900271892548
10.768600463867188
-0.38560399413108826
10.264300346374512
-0.6298589706420898
9.760029792785645
-0.8741139769554138
9.255760192871094
-1.1183700561523438
8.751500129699707
-1.3626199960708618
8.24724006652832
-1.6068799495697021
7.742969989776611
-1.8511300086975098
7.238709926605225
-2.0953900814056396
6.734449863433838
-2.339639902114868
6.230179786682129
-2.583899974822998
5.7259202003479
-2.8281500339508057
5.221650123596191
-3.0724101066589355
4.717390060424805
-3.316659927368164
4.213129997253418
-3.560920000076294
3.708859920501709
-3.8051700592041016
3.2046000957489014
-4.049429893493652
2.7003400325775146
-4.293680191040039
2.1960699558258057
-4.53794002532959
1.6918100118637085
-4.782189846038818
1.187540054321289
-5.026450157165527
0.6832799911499023
-5.270699977874756
0.17901700735092163
-5.514959812164307
-0.32524698972702026
-5.759210109710693
-0.8295109868049622
-6.003469944000244
-1.3337700366973877
-6.247719764709473
-1.8380399942398071
-6.491980075836182
-2.3422999382019043
-6.73622989654541
-2.8465700149536133
-6.980490207672119
-3.350830078125
-7.224740028381348
-3.8550899028778076
-7.468999862670898
-4.359360218048096
-7.713250160217285
-4.863619804382324
-7.957509994506836
-5.367879867553711
-8.201760292053223
-5.87214994430542
-8.446020126342773
-6.376410007476807
-8.69027042388916
-6.880680084228516
-8.934530258178711
-7.384940147399902
-9.178779602050781
-7.889200210571289
-9.423040390014648
-8.39346981048584
-9.667289733886719
-8.897729873657227
-9.91154956817627
-9.401989936828613
-10.155799865722656
-9.906259536743164
-10.400099754333496
-10.410499572753906
-10.64430046081543
-10.914799690246582
-10.88860034942627
-11.418999671936035
-11.132800102233887
-11.923299789428711
-11.377099990844727
-12.427599906921387
-11.621299743652344
-12.93179988861084
-11.865599632263184
-13.436100006103516
-12.109800338745117
-13.940400123596191
-12.354100227355957
-14.444600105285645
-12.598400115966797
-14.94890022277832
-12.842599868774414
-15.453200340270996
-13.086899757385254
-15.95740032196045
-13.331100463867188
-16.461700439453125
