-1.1332299709320068
-4.000150203704834
-1.0686099529266357
-3.8709800243377686
-1.2397799491882324
-3.340179920196533
-1.4109400510787964
-2.809380054473877
-1.582110047340393
-2.278589963912964
-1.7532700300216675
-1.747789978981018
-1.9244400262832642
-1.2169899940490723
-2.095599889755249
-0.6861910223960876
-2.2667698860168457
-0.15539300441741943
-2.437930107116699
0.3754059970378876
-2.609100103378296
0.9062039852142334
-2.7802700996398926
1.437000036239624
-2.951430082321167
1.9678000211715698
-3.1226000785827637
2.4986000061035156
-3.293760061264038
3.029400110244751
-3.4649300575256348
3.560189962387085
-3.636090040206909
4.09099006652832
-3.807260036468506
4.621789932250977
-3.9784200191497803
5.152589797973633
-4.149590015411377
5.683390140533447
-4.3207597732543945
6.2141900062561035
-4.491919994354248
6.7449798583984375
-4.663090229034424
7.275780200958252
-4.834249973297119
7.806580066680908
-5.005420207977295
8.337380409240723
-5.17657995223999
8.868180274963379
-5.347750186920166
9.398969650268555
-5.518919944763184
9.929770469665527
-5.698180198669434
10.423999786376953
-5.877449989318848
10.91819953918457
-6.056719779968262
11.412500381469727
-6.235990047454834
11.906700134277344
-6.415249824523926
12.400899887084961
-6.594520092010498
12.8951997756958
-6.773789882659912
13.389399528503418
-6.953060150146484
13.883600234985352
