-15.179100036621094
7.482979774475098
-14.661399841308594
7.698939800262451
-14.143699645996094
7.914899826049805
-13.62600040435791
8.130860328674316
-13.10830020904541
8.346819877624512
-12.59060001373291
8.562769889831543
-12.07289981842041
8.778730392456055
-11.55519962310791
8.99468994140625
-11.037500381469727
9.210650444030762
-10.519800186157227
9.426609992980957
-10.002099990844727
9.642569541931152
-9.484430313110352
9.858530044555664
-8.966739654541016
10.07450008392334
-8.449040412902832
10.290399551391602
-7.931350231170654
10.506400108337402
-7.413650035858154
10.722399711608887
-6.895959854125977
10.938300132751465
-6.378260135650635
11.15429973602295
-5.860569953918457
11.370200157165527
-5.342870235443115
11.586199760437012
-4.8251800537109375
11.802200317382812
-4.3074798583984375
12.018099784851074
-3.789789915084839
12.234100341796875
-3.272089958190918
12.449999809265137
-2.7544000148773193
12.666000366210938
-2.2367000579833984
12.8818998336792
-1.7190099954605103
13.097900390625
-1.2013100385665894
13.313899993896484
-0.6836150288581848
13.529800415039062
-0.16592000424861908
13.745800018310547
0.35177499055862427
13.961700439453125
0.8694700002670288
14.17770004272461
1.3871699571609497
14.393699645996094
1.904860019683838
14.609600067138672
2.422559976577759
14.825599670410156
