4.325319766998291
8.511480331420898
4.8304901123046875
8.72467041015625
5.3356499671936035
8.937870025634766
5.840819835662842
9.151060104370117
6.345990180969238
9.364259719848633
6.851150035858154
9.577460289001465
7.356319904327393
9.790650367736816
7.861489772796631
10.003800392150879
8.366649627685547
10.217000007629395
8.871820449829102
10.43019962310791
9.37699031829834
10.643400192260742
9.882149696350098
10.856599807739258
10.387299537658691
11.06980037689209
10.892499923706055
11.282999992370605
11.397700309753418
11.496199607849121
11.902799606323242
11.709400177001953
12.407999992370605
11.922599792480469
12.913200378417969
12.1358003616333
13.418299674987793
12.348999977111816
