-2.638580083847046
-7.413119792938232
-2.2850699424743652
-6.982369899749756
-1.9315600395202637
-6.551620006561279
-1.5780500173568726
-6.120870113372803
-1.2245299816131592
-5.690120220184326
-0.8710209727287292
-5.259369850158691
-0.5175089836120605
-4.828619956970215
-0.16399599611759186
-4.397870063781738
0.18951599299907684
-3.967129945755005
0.5430290102958679
-3.5363800525665283
0.8965409994125366
-3.1056299209594727
1.2500499486923218
-2.674880027770996
1.6035699844360352
-2.2441298961639404
1.9570800065994263
-1.8133800029754639
2.3105900287628174
-1.3826299905776978
2.664099931716919
-0.9518790245056152
3.017620086669922
-0.5211300253868103
3.3711299896240234
-0.09038040041923523
3.724639892578125
0.34036898612976074
4.078149795532227
0.7711179852485657
4.431670188903809
1.2018699645996094
4.78518009185791
1.6326199769973755
5.138689994812012
2.0633699893951416
5.492199897766113
2.494119882583618
5.845719814300537
2.924870014190674
6.199230194091797
3.355609893798828
6.552740097045898
3.786360025405884
6.90625
4.2171101570129395
7.259769916534424
4.647860050201416
7.613279819488525
5.078609943389893
7.966790199279785
5.509359836578369
8.32030963897705
5.940110206604004
8.673819541931152
6.3708600997924805
9.02733039855957
6.801609992980957
9.380840301513672
7.232359886169434
9.734359741210938
7.66310977935791
10.087900161743164
8.093859672546387
10.441399574279785
8.524609565734863
10.794899940490723
8.955360412597656
11.14840030670166
9.386110305786133
11.501899719238281
9.81686019897461
11.855400085449219
10.247599601745605
12.208900451660156
10.678400039672852
12.5625
11.109100341796875
12.916000366210938
11.539899826049805
13.269499778747559
11.970600128173828
13.623000144958496
12.401399612426758
13.976499557495117
12.832099914550781
14.329999923706055
13.262900352478027
14.683500289916992
13.693599700927734
15.036999702453613
14.12440013885498
