10.558899879455566
4.510389804840088
10.940099716186523
4.924190044403076
11.321399688720703
5.337989807128906
11.702699661254883
5.7517900466918945
12.083900451660156
6.165589809417725
12.465200424194336
6.579390048980713
12.846500396728516
6.993189811706543
13.227700233459473
7.4070000648498535
13.609000205993652
7.820799827575684
13.990300178527832
8.234600067138672
14.371500015258789
8.64840030670166
14.752799987792969
9.062199592590332
15.134099960327148
9.47599983215332
15.515299797058105
9.889800071716309
15.896599769592285
10.303600311279297
16.27790069580078
10.717399597167969
16.659099578857422
11.131199836730957
17.0403995513916
11.545000076293945
17.42169952392578
11.958800315856934
17.802900314331055
12.372599601745605
18.184200286865234
12.786399841308594
18.565500259399414
13.200200080871582
