-11.871899604797363
0.3514789938926697
-11.336299896240234
0.37279799580574036
-10.800600051879883
0.39411699771881104
-10.265000343322754
0.4154370129108429
-9.72931957244873
0.4367560148239136
-9.193670272827148
0.45807498693466187
-8.658029556274414
0.4793950021266937
-8.122380256652832
0.5007140040397644
-7.586730003356934
0.5220329761505127
-7.051089763641357
0.5433520078659058
-6.515439987182617
0.5646719932556152
-5.979800224304199
0.5859910249710083
-5.444149971008301
0.6073099970817566
-4.9085001945495605
0.6286299824714661
-4.372859954833984
0.6499490141868591
-3.837209939956665
0.6712679862976074
-3.301569938659668
0.6925879716873169
-2.7659199237823486
0.71390700340271
-2.2302699089050293
0.7352259755134583
-1.7175699472427368
0.7598959803581238
-1.2048699855804443
0.7845659852027893
-0.6921669840812683
0.8092349767684937
-0.17946399748325348
0.8339049816131592
0.33323898911476135
0.8585739731788635
0.8459410071372986
0.883243978023529
1.3586399555206299
0.9079139828681946
1.8713500499725342
0.9325829744338989
2.435839891433716
0.9599729776382446
3.0003299713134766
0.9873629808425903
3.5648200511932373
1.0147500038146973
4.129310131072998
1.042140007019043
4.69379997253418
1.0695300102233887
5.258289813995361
1.0969200134277344
5.822780132293701
1.12431001663208
6.387269973754883
1.1517000198364258
6.9517598152160645
1.1790900230407715
7.516250133514404
1.2064800262451172
8.080739974975586
1.233870029449463
8.645230293273926
1.2612600326538086
9.20971965789795
1.2886500358581543
9.774209976196289
1.3160400390625
10.338700294494629
1.3434300422668457
10.903200149536133
1.3708200454711914
11.467700004577637
1.398210048675537
12.03219985961914
1.4256000518798828
12.596699714660645
1.4529900550842285
13.161100387573242
1.4803800582885742
13.725600242614746
1.5077699422836304
14.29010009765625
1.535159945487976
14.854599952697754
1.5625499486923218
15.419099807739258
1.5899399518966675
15.983599662780762
1.6173299551010132
