-2.613369941711426
13.966899871826172
-2.369529962539673
13.605400085449219
-2.125699996948242
13.244000434875488
-1.8818600177764893
12.882499694824219
-1.5268399715423584
12.451700210571289
-1.1718100309371948
12.020899772644043
-0.8167870044708252
11.590100288391113
-0.461762011051178
11.159299850463867
-0.10673599690198898
10.728500366210938
0.24828900396823883
10.297699928283691
0.6033139824867249
9.866869926452637
0.9583389759063721
9.436070442199707
1.3133599758148193
9.005260467529297
1.6683900356292725
8.57444953918457
2.0234200954437256
8.14365005493164
2.3784399032592773
7.7128400802612305
2.7334699630737305
7.28203010559082
3.0884900093078613
6.851230144500732
3.4435200691223145
6.420420169830322
3.7985401153564453
5.989610195159912
4.153570175170898
5.558810234069824
4.508590221405029
5.127999782562256
4.863619804382324
4.697189807891846
5.218639850616455
4.266389846801758
5.573669910430908
3.8355801105499268
5.928689956665039
3.4047698974609375
6.283720016479492
2.9739699363708496
6.638740062713623
2.5431599617004395
6.993770122528076
2.1123499870300293
7.348790168762207
1.6815500259399414
7.70382022857666
1.2507400512695312
8.058839797973633
0.8199329972267151
8.413869857788086
0.3891260027885437
8.768890380859375
-0.04168039932847023
9.123920440673828
-0.4724870026111603
9.478949546813965
-0.903294026851654
9.833970069885254
-1.3341000080108643
10.189000129699707
-1.7649099826812744
10.543999671936035
-2.1957099437713623
10.89900016784668
-2.6265199184417725
11.25409984588623
-3.0573298931121826
11.609100341796875
-3.4881300926208496
11.964099884033203
-3.9189400672912598
12.319100379943848
-4.34975004196167
12.674200057983398
-4.780550003051758
13.029199600219727
-5.211359977722168
13.384200096130371
-5.642169952392578
13.7391996383667
-6.072969913482666
14.094300270080566
-6.503779888153076
