9.760040283203125
19.85300064086914
9.344149589538574
19.48590087890625
8.92827033996582
19.118799209594727
8.51239013671875
18.751699447631836
8.09650993347168
18.384599685668945
7.680620193481445
18.017499923706055
7.264739990234375
17.650400161743164
6.848859786987305
17.283300399780273
6.432980060577393
16.916099548339844
6.01708984375
16.548999786376953
5.601210117340088
16.181900024414062
5.185329914093018
15.814800262451172
4.769440174102783
15.447699546813965
4.353559970855713
15.080599784851074
