4.8873701095581055
19.620899200439453
5.4088897705078125
19.440799713134766
5.930409908294678
19.26059913635254
6.451930046081543
19.08049964904785
6.973450183868408
18.900299072265625
7.494959831237793
18.720199584960938
8.016480445861816
18.540000915527344
8.538000106811523
18.359899520874023
9.05951976776123
18.17970085144043
9.581040382385254
17.99959945678711
10.10260009765625
17.819499969482422
10.624099731445312
17.639299392700195
11.145600318908691
17.459199905395508
11.667099952697754
17.27899932861328
12.188599586486816
17.098899841308594
12.710100173950195
16.918699264526367
13.23169994354248
16.73859977722168
13.753199577331543
16.558500289916992
14.274700164794922
16.378299713134766
14.796199798583984
16.198200225830078
15.317700386047363
16.01799964904785
15.839200019836426
15.837900161743164
