-5.341519832611084
-17.677799224853516
-5.0066399574279785
-17.232099533081055
-4.671760082244873
-16.786399841308594
-4.336880207061768
-16.340700149536133
-4.001989841461182
-15.895000457763672
-3.667109966278076
-15.449299812316895
-3.3322300910949707
-15.003600120544434
-2.997339963912964
-14.557900428771973
-2.6624600887298584
-14.112199783325195
-2.327579975128174
-13.666500091552734
-1.9926999807357788
-13.220800399780273
-1.6578099727630615
-12.775099754333496
-1.3229299783706665
-12.329400062561035
-0.9880480170249939
-11.883700370788574
-0.6531649827957153
-11.43809986114502
-0.31828200817108154
-10.992400169372559
0.016600599512457848
-10.546699523925781
0.35148298740386963
-10.10099983215332
0.6863660216331482
-9.655280113220215
1.0212500095367432
-9.209589958190918
1.3561300039291382
-8.763899803161621
1.6910099983215332
-8.31820011138916
2.025899887084961
-7.872509956359863
2.3607800006866455
-7.426819801330566
2.69566011428833
-6.9811201095581055
3.030550003051758
-6.535429954528809
3.3654301166534424
-6.089739799499512
3.700309991836548
-5.644040107727051
4.035190105438232
-5.198349952697754
4.37007999420166
-4.752659797668457
4.704959869384766
-4.306960105895996
5.039840221405029
-3.861269950866699
5.374730110168457
-3.4155800342559814
5.7096099853515625
-2.9698801040649414
6.044489860534668
-2.5241899490356445
6.379370212554932
-2.0785000324249268
6.714260101318359
-1.6327999830245972
7.049139976501465
-1.1871099472045898
7.38401985168457
-0.7414159774780273
7.718900203704834
-0.29572299122810364
8.053790092468262
0.14996999502182007
8.388669967651367
0.5956640243530273
8.723549842834473
1.0413600206375122
9.058440208435059
1.4870500564575195
9.393320083618164
1.9327399730682373
9.72819995880127
2.3784399032592773
10.06309986114502
2.824130058288574
10.39799976348877
3.269819974899292
10.732799530029297
3.715519905090332
11.067700386047363
4.161210060119629
11.402600288391113
4.606900215148926
11.737500190734863
5.052599906921387
12.072400093078613
5.498290061950684
12.407299995422363
5.9439802169799805
12.74209976196289
6.389679908752441
13.07699966430664
6.835370063781738
13.41189956665039
7.281060218811035
13.746800422668457
7.726759910583496
14.081700325012207
8.172450065612793
14.416600227355957
8.61814022064209
14.751399993896484
9.06383991241455
15.086299896240234
9.509530067443848
15.421199798583984
9.955220222473145
15.756099700927734
10.400899887084961
16.090999603271484
10.846599578857422
16.425899505615234
11.2923002243042
16.760700225830078
11.73799991607666
