-4.530220031738281
14.39799976348877
-3.977060079574585
14.453200340270996
-3.4238998889923096
14.508399963378906
-2.8707399368286133
14.56350040435791
-2.317579984664917
14.61870002746582
-1.7644200325012207
14.67389965057373
-1.2112599611282349
14.729100227355957
-0.6580979824066162
14.784199714660645
-0.10493700206279755
14.839400291442871
0.4482240080833435
14.894599914550781
1.001389980316162
14.949799537658691
1.554550051689148
15.005000114440918
2.1077098846435547
15.060099601745605
2.66087007522583
15.115300178527832
3.2140300273895264
15.170499801635742
3.7671899795532227
15.225700378417969
4.320350170135498
15.280799865722656
4.873509883880615
15.336000442504883
5.426670074462891
15.391200065612793
5.979829788208008
15.446399688720703
6.5329999923706055
15.501500129699707
7.086160182952881
15.556699752807617
7.639319896697998
15.611900329589844
8.192480087280273
15.667099952697754
