0.7828519940376282
15.496299743652344
0.21780799329280853
15.478300094604492
-0.3472369909286499
15.460200309753418
-0.9122809767723083
15.44219970703125
-1.477329969406128
15.424200057983398
-2.042370080947876
15.406200408935547
-2.607409954071045
15.388099670410156
-3.1724600791931152
15.370100021362305
-3.737499952316284
15.352100372314453
-4.302549839019775
15.334099769592285
-4.867589950561523
15.315999984741211
-5.432640075683594
15.29800033569336
-5.997680187225342
15.279999732971191
-6.562729835510254
15.26200008392334
-7.127769947052002
15.243900299072266
-7.692820072174072
15.225899696350098
-8.25786018371582
15.207900047302246
-8.82289981842041
15.189900398254395
-9.38794994354248
15.171799659729004
-9.95298957824707
15.153800010681152
-10.517999649047852
15.1358003616333
-11.083100318908691
15.117799758911133
-11.648099899291992
15.099699974060059
-12.213199615478516
15.081700325012207
-12.778200149536133
15.063699722290039
-13.343299865722656
15.045599937438965
-13.908300399780273
15.027600288391113
-14.473299980163574
15.009599685668945
-15.038399696350098
14.991600036621094
-15.603400230407715
14.97350025177002
-16.168500900268555
14.955499649047852
-16.73349952697754
14.9375
-17.298599243164062
14.919500350952148
-17.86359977722168
14.901399612426758
-18.428699493408203
14.883399963378906
