-18.417800903320312
-12.080499649047852
-18.33650016784668
-11.535799980163574
-18.255199432373047
-10.991000175476074
-18.173900604248047
-10.446200370788574
-18.092599868774414
-9.901450157165527
-18.01140022277832
-9.356679916381836
-17.930099487304688
-8.811909675598145
-17.848800659179688
-8.267129898071289
-17.767499923706055
-7.722360134124756
-17.686199188232422
-7.1775898933410645
-17.604900360107422
-6.632820129394531
-17.523700714111328
-6.08804988861084
-17.442399978637695
-5.543280124664307
-17.361099243164062
-4.998509883880615
-17.279800415039062
-4.45373010635376
-17.19849967956543
-3.9089601039886475
-17.11720085144043
-3.364190101623535
-17.035900115966797
-2.819420099258423
-16.954700469970703
-2.2746500968933105
-16.87339973449707
-1.7298799753189087
-16.79210090637207
-1.1851099729537964
-16.710800170898438
-0.6403340101242065
-16.629499435424805
-0.09556219726800919
