-18.909000396728516
12.014599800109863
-18.449100494384766
11.688400268554688
-17.989200592041016
11.362099647521973
-17.529399871826172
11.035900115966797
-17.069499969482422
10.709600448608398
-16.609699249267578
10.383399963378906
-16.149799346923828
10.057100296020508
-15.689900398254395
9.730870246887207
-15.23009967803955
9.404620170593262
-14.7701997756958
9.078370094299316
-14.310400009155273
8.75210952758789
-13.850500106811523
8.425860404968262
-13.390600204467773
8.099610328674316
-12.930800437927246
7.773349761962891
-12.47089958190918
7.4471001625061035
-12.011099815368652
7.120850086212158
-11.551199913024902
6.794589996337891
-11.091300010681152
6.468339920043945
-10.631500244140625
6.14208984375
-10.171600341796875
5.815830230712891
-9.711759567260742
5.489580154418945
-9.251899719238281
5.163330078125
-8.79203987121582
4.837069988250732
-8.33218002319336
4.510819911956787
-7.872320175170898
4.1845598220825195
-7.412459850311279
3.8583099842071533
-6.952600002288818
3.532059907913208
-6.492740154266357
3.2058000564575195
-6.032879829406738
2.879549980163574
-5.573019981384277
2.553299903869629
-5.113160133361816
2.2270400524139404
-4.653299808502197
1.9007899761199951
-4.193439960479736
1.5745400190353394
-3.7335801124572754
1.2482800483703613
-3.2737200260162354
0.922029972076416
-2.8138599395751953
0.5957760214805603
-2.3540000915527344
0.2695229947566986
-1.8941400051116943
-0.05673050135374069
-1.4342800378799438
-0.3829840123653412
-0.9744229912757874
-0.7092369794845581
-0.5145630240440369
-1.0354900360107422
-0.05470310151576996
-1.361739993095398
0.4051569998264313
-1.687999963760376
0.865015983581543
-2.0142500400543213
1.3248800039291382
-2.3405001163482666
1.7847399711608887
-2.666759967803955
2.2446000576019287
-2.9930100440979004
2.7044599056243896
-3.319269895553589
3.1643199920654297
-3.645519971847534
3.6241700649261475
-3.9717700481414795
4.0840301513671875
-4.298029899597168
4.543889999389648
-4.624279975891113
5.003749847412109
-4.950530052185059
5.4636101722717285
-5.276790142059326
5.9234700202941895
-5.6030402183532715
6.38332986831665
-5.929289817810059
6.8431901931762695
-6.255549907684326
7.3030500411987305
-6.5817999839782715
7.762909889221191
-6.908050060272217
8.222769737243652
-7.234310150146484
8.682629585266113
-7.56056022644043
9.14249038696289
-7.886809825897217
9.602350234985352
-8.213069915771484
10.062199592590332
-8.53931999206543
10.522100448608398
-8.865570068359375
10.981900215148926
-9.191829681396484
11.441800117492676
-9.51807975769043
11.901700019836426
-9.844340324401855
12.361499786376953
-10.170599937438965
12.821399688720703
-10.496800422668457
13.281200408935547
-10.823100090026855
13.741100311279297
-11.149299621582031
14.200900077819824
-11.475600242614746
14.660799980163574
-11.801899909973145
15.120699882507324
-12.128100395202637
15.580499649047852
-12.454400062561035
16.0403995513916
-12.780599594116211
16.500200271606445
-13.106900215148926
16.960100173950195
-13.433099746704102
17.420000076293945
-13.759400367736816
17.87980079650879
-14.085599899291992
18.33970069885254
-14.41189956665039
18.743999481201172
-14.697099685668945
19.148300170898438
-14.9822998046875
