15.131500244140625
7.944940090179443
14.699899673461914
8.2885103225708
14.268400192260742
8.63206958770752
13.836799621582031
8.975640296936035
13.405200004577637
9.319199562072754
12.973600387573242
9.66277027130127
12.541999816894531
10.00629997253418
12.11050033569336
10.349900245666504
11.678899765014648
10.693499565124512
11.247300148010254
11.036999702453613
10.815699577331543
11.380599975585938
10.384099960327148
11.724200248718262
9.952540397644043
12.067700386047363
9.520959854125977
12.411299705505371
9.089380264282227
12.754899978637695
8.65779972076416
13.098400115966797
8.22620964050293
13.442000389099121
7.79463005065918
13.785499572753906
7.3630499839782715
14.12909984588623
6.931469917297363
14.472700119018555
6.499889850616455
14.816200256347656
6.068299770355225
15.159799575805664
5.636720180511475
15.503399848937988
5.205140113830566
15.84689998626709
4.773560047149658
16.190500259399414
4.34197998046875
16.534099578857422
3.9103899002075195
16.877599716186523
3.4788100719451904
17.221200942993164
3.0472300052642822
17.564800262451172
2.615649938583374
17.908300399780273
2.184070110321045
18.25189971923828
1.7524800300598145
18.595500946044922
1.3208999633789062
18.93899917602539
0.8893190026283264
19.28260040283203
