-1.1392199993133545
-6.9889302253723145
-1.6760400533676147
-7.142409801483154
-2.212869882583618
-7.295889854431152
-2.749690055847168
-7.44936990737915
-3.286520004272461
-7.602849960327148
-3.8233399391174316
-7.756319999694824
-4.360169887542725
-7.909800052642822
-4.896989822387695
-8.06328010559082
-5.433810234069824
-8.21675968170166
-5.970640182495117
-8.370240211486816
-6.481800079345703
-8.51947021484375
-6.992969989776611
-8.668700218200684
-7.504129886627197
-8.817930221557617
-8.015290260314941
-8.96716022491455
-8.526450157165527
-9.116390228271484
-9.037619590759277
-9.265620231628418
-9.54878044128418
-9.414850234985352
-10.059900283813477
-9.564069747924805
-10.571100234985352
-9.713299751281738
-11.082300186157227
-9.862529754638672
-11.593400001525879
-10.011799812316895
-12.104599952697754
-10.16100025177002
-12.615799903869629
-10.310199737548828
-13.126899719238281
-10.459500312805176
-13.638099670410156
-10.608699798583984
-14.149200439453125
-10.75790023803711
