8.175970077514648
12.165200233459473
7.811389923095703
11.73840045928955
7.44681978225708
11.311599731445312
7.082250118255615
10.88479995727539
6.71766996383667
10.458000183105469
6.353099822998047
10.031200408935547
5.988530158996582
9.60435962677002
5.623960018157959
9.177559852600098
5.259379863739014
8.750760078430176
4.894810199737549
8.323960304260254
4.530240058898926
7.897160053253174
4.1656599044799805
7.470359802246094
3.8010900020599365
7.043560028076172
3.4365200996398926
6.616759777069092
3.0719399452209473
6.189949989318848
2.7073700428009033
5.763150215148926
2.3427999019622803
5.336349964141846
1.9782299995422363
4.909550189971924
1.6136499643325806
4.482749938964844
1.249079942703247
4.055950164794922
0.8845059871673584
3.629149913787842
0.5199329853057861
3.2023398876190186
0.15536099672317505
2.7755401134490967
-0.20921200513839722
2.3487401008605957
-0.5737850069999695
1.9219399690628052
-0.9383580088615417
1.4951399564743042
-1.3029299974441528
1.0683399438858032
-1.6675000190734863
0.6415359973907471
-2.0320799350738525
0.2147350013256073
-2.3966500759124756
-0.21206599473953247
-2.7612199783325195
-0.638867974281311
-3.1257998943328857
-1.0656700134277344
-3.490370035171509
-1.4924700260162354
-3.8549399375915527
-1.9192700386047363
-4.219520092010498
-2.3460700511932373
-4.584090232849121
-2.7728700637817383
-4.948659896850586
-3.1996800899505615
-5.313230037689209
-3.6264801025390625
-5.677810192108154
-4.053279876708984
-6.042379856109619
-4.4800801277160645
-6.406949996948242
-4.906879901885986
-6.7715301513671875
-5.333680152893066
-7.136099815368652
-5.760479927062988
-7.500669956207275
-6.187290191650391
-7.865250110626221
-6.6140899658203125
-8.229820251464844
-7.040890216827393
-8.594389915466309
-7.4676899909973145
-8.958959579467773
-7.894489765167236
-9.323539733886719
-8.321290016174316
-9.6881103515625
-8.748089790344238
-10.05270004272461
-9.17488956451416
-10.4173002243042
-9.601699829101562
-10.781800270080566
-10.028499603271484
-11.146400451660156
-10.455300331115723
-11.51099967956543
-10.882100105285645
-11.875499725341797
-11.308899879455566
-12.240099906921387
-11.735699653625488
-12.604700088500977
-12.162500381469727
-12.969300270080566
-12.589300155639648
-13.333800315856934
-13.01609992980957
-13.698399543762207
-13.442899703979492
-14.062999725341797
-13.86970043182373
-14.427599906921387
-14.296500205993652
-14.792099952697754
-14.723299980163574
-15.156700134277344
-15.150099754333496
-15.521300315856934
-15.576899528503418
-15.885899543762207
-16.003700256347656
-16.25040054321289
-16.430500030517578
-16.614999771118164
-16.8572998046875
-16.97960090637207
-17.284099578857422
-17.344100952148438
-17.710899353027344
-17.70870018005371
-18.137699127197266
-18.073299407958984
-18.56450080871582
-18.43790054321289
-18.991300582885742
