-10.959400177001953
-16.86709976196289
-10.456399917602539
-16.608699798583984
-9.953539848327637
-16.350200653076172
-9.4506196975708
-16.091800689697266
-8.947710037231445
-15.83329963684082
-8.44480037689209
-15.574899673461914
-7.941889762878418
-15.316399574279785
-7.4389801025390625
-15.057999610900879
-6.936069965362549
-14.799500465393066
-6.433159828186035
-14.541099548339844
-5.930240154266357
-14.282600402832031
-5.427330017089844
-14.024200439453125
-4.92441987991333
-13.765700340270996
-4.421510219573975
-13.50730037689209
-3.918600082397461
-13.248900413513184
-3.4156899452209473
-12.990400314331055
-2.9127800464630127
-12.732000350952148
-2.409869909286499
-12.47350025177002
-1.9069499969482422
-12.215100288391113
-1.404039978981018
-11.956600189208984
-0.9011309742927551
-11.698200225830078
-0.3982200026512146
-11.43970012664795
0.10469099879264832
-11.181300163269043
0.6076030135154724
-10.922800064086914
1.110509991645813
-10.664400100708008
1.6134300231933594
-10.405900001525879
2.116339921951294
-10.147500038146973
2.6192500591278076
-9.889030456542969
3.122159957885742
-9.630579948425293
3.625070095062256
-9.372130393981934
4.1279802322387695
-9.113679885864258
4.630889892578125
-8.855239868164062
5.133800029754639
-8.596790313720703
5.636720180511475
-8.338339805603027
6.13962984085083
-8.079890251159668
6.642539978027344
-7.82144021987915
7.145450115203857
-7.563000202178955
7.648359775543213
-7.3045501708984375
8.151269912719727
-7.04610013961792
8.654179573059082
-6.787650108337402
9.157099723815918
-6.529200077056885
9.66001033782959
-6.2707600593566895
10.1628999710083
-6.012310028076172
10.665800094604492
-5.753859996795654
11.168700218200684
-5.495409965515137
11.671699523925781
-5.236959934234619
12.174599647521973
-4.978519916534424
12.677499771118164
-4.720069885253906
13.180399894714355
-4.461619853973389
13.683300018310547
-4.203169822692871
14.186200141906738
-3.9447200298309326
14.68910026550293
-3.6862800121307373
