-0.4221689999103546
-13.02970027923584
-0.3000360131263733
-12.478699684143066
-0.17790399491786957
-11.927800178527832
-0.055771201848983765
-11.376799583435059
0.06636130064725876
-10.825799942016602
0.1884939968585968
-10.274900436401367
0.31062600016593933
-9.723910331726074
0.43275898694992065
-9.17294979095459
0.5548909902572632
-8.621990203857422
0.6770240068435669
-8.071020126342773
0.7991560101509094
-7.520060062408447
0.9212890267372131
-6.969099998474121
1.0434199571609497
-6.418129920959473
1.1655499935150146
-5.8671698570251465
1.2876900434494019
-5.316199779510498
1.4098199605941772
-4.76524019241333
1.5319499969482422
-4.214280128479004
1.6540800333023071
-3.6633100509643555
1.7762199640274048
-3.1123499870300293
1.8983500003814697
-2.561389923095703
2.020479917526245
-2.010420083999634
2.1426100730895996
-1.4594600200653076
2.2647500038146973
-0.9084969758987427
2.3868799209594727
-0.3575330078601837
2.509010076522827
0.19343000650405884
2.6311399936676025
0.7443940043449402
2.7532799243927
1.2953599691390991
2.8754100799560547
1.8463200330734253
2.99753999710083
2.397279977798462
3.1196699142456055
2.9482500553131104
3.2418100833892822
3.4992098808288574
3.3639400005340576
4.050179958343506
3.486069917678833
4.601140022277832
3.6082000732421875
5.152100086212158
3.730340003967285
5.703070163726807
3.8524699211120605
6.254030227661133
3.974600076675415
6.804989814758301
4.0967302322387695
7.355959892272949
4.218870162963867
7.906919956207275
4.341000080108643
8.457880020141602
4.463129997253418
9.00885009765625
