10.810799598693848
11.611300468444824
10.384300231933594
11.248600006103516
9.957799911499023
10.885899543762207
9.531310081481934
10.523099899291992
9.104829788208008
10.160400390625
8.678339958190918
9.797670364379883
8.251859664916992
9.434929847717285
7.825369834899902
9.072199821472168
7.3988800048828125
8.70946979522705
6.972400188446045
8.346739768981934
6.545909881591797
7.984010219573975
6.119420051574707
7.621280193328857
5.6929402351379395
7.25855016708374
5.266449928283691
6.895820140838623
4.839960098266602
6.533090114593506
4.413479804992676
6.170360088348389
3.986989974975586
5.8076300621032715
3.5605099201202393
5.444900035858154
3.1340200901031494
5.082170009613037
2.7075300216674805
4.71943998336792
2.281049966812134
4.356709957122803
1.8545600175857544
3.9939799308776855
1.4280699491500854
3.631239891052246
1.0015900135040283
3.268510103225708
0.5751010179519653
2.905780076980591
0.14861400425434113
2.5430500507354736
-0.2778719961643219
2.1803200244903564
-0.7043589949607849
1.8175899982452393
-1.1308399438858032
1.454859972000122
-1.5573300123214722
1.0921299457550049
-1.9838199615478516
0.7293999791145325
-2.4103000164031982
0.3666689991950989
-2.817850112915039
0.023732099682092667
-3.225399971008301
-0.31920498609542847
-3.6329500675201416
-0.6621419787406921
-4.040500164031982
-1.005079984664917
-4.448050022125244
-1.3480199575424194
