4.057610034942627
-6.585430145263672
3.6749000549316406
-6.17519998550415
3.2921900749206543
-5.764969825744629
2.909480094909668
-5.354730129241943
2.5267701148986816
-4.944499969482422
2.144059896469116
-4.5342698097229
1.7613500356674194
-4.124030113220215
1.3786300420761108
-3.7137999534606934
0.9959229826927185
-3.303570032119751
0.613211989402771
-2.8933401107788086
0.2304999977350235
-2.483099937438965
-0.152210995554924
-2.0728700160980225
-0.5349220037460327
-1.6626399755477905
-0.9176340103149414
-1.2524000406265259
-1.3003400564193726
-0.8421710133552551
-1.6830600500106812
-0.4319379925727844
-2.065769910812378
-0.02170480042695999
-2.4484798908233643
0.3885279893875122
-2.8311901092529297
0.7987610101699829
-3.213900089263916
1.2089899778366089
-3.5966100692749023
1.619230031967163
-3.9793200492858887
2.0294599533081055
-4.362040042877197
2.439690113067627
-4.744750022888184
2.8499300479888916
-5.12746000289917
3.260159969329834
-5.510169982910156
3.6703898906707764
-5.892879962921143
4.080619812011719
-6.275589942932129
4.4908599853515625
-6.658299922943115
4.901090145111084
-7.041009902954102
5.311319828033447
-7.42372989654541
5.721560001373291
-7.8064398765563965
6.1317901611328125
-8.189149856567383
6.542019844055176
-8.571860313415527
6.952250003814697
-8.954569816589355
7.362490177154541
-9.3372802734375
7.772719860076904
-9.719989776611328
8.182950019836426
-10.102700233459473
8.59319019317627
-10.485400199890137
9.003419876098633
-10.8681001663208
9.413649559020996
-11.250800132751465
9.823880195617676
-11.633600234985352
10.234100341796875
-12.016300201416016
10.644399642944336
-12.39900016784668
11.05459976196289
-12.781700134277344
11.464799880981445
-13.164400100708008
11.875
-13.547100067138672
12.285300254821777
-13.929800033569336
12.695500373840332
-14.3125
13.10569953918457
-14.695199966430664
13.515999794006348
-15.07800006866455
13.926199913024902
-15.460700035095215
14.336400032043457
-15.843400001525879
14.746700286865234
-16.22610092163086
15.156900405883789
-16.608800888061523
15.567099571228027
-16.991500854492188
15.977399826049805
-17.37420082092285
16.38759994506836
