6.141819953918457
13.081899642944336
6.035729885101318
12.54699993133545
5.92963981628418
12.012200355529785
5.8235602378845215
11.477399826049805
5.717470169067383
10.94260025024414
5.611380100250244
10.407699584960938
5.5052900314331055
9.872920036315918
5.399199962615967
9.33810043334961
5.29311990737915
8.803279876708984
5.187029838562012
8.268449783325195
5.080939769744873
7.733630180358887
4.974850177764893
7.19881010055542
4.868760108947754
6.663980007171631
4.7626800537109375
6.129159927368164
4.656589984893799
5.594339847564697
4.55049991607666
5.059510231018066
4.4444098472595215
4.5246901512146
4.338329792022705
3.989870071411133
4.232240200042725
3.4550399780273438
4.126150131225586
2.920219898223877
