-1.3664699792861938
10.625900268554688
-1.3120499849319458
10.075200080871582
-1.25764000415802
9.524539947509766
-1.203220009803772
8.973870277404785
-1.148800015449524
8.423210144042969
-1.0943900346755981
7.872550010681152
-1.03997004032135
7.321889877319336
-0.9855579733848572
6.7712202072143555
-0.9311419725418091
6.220560073852539
-0.876725971698761
5.669899940490723
-0.8223109841346741
5.119239807128906
-0.767894983291626
4.568580150604248
-0.7134799957275391
4.017910003662109
-0.659063994884491
3.467250108718872
-0.604649007320404
2.9165899753570557
-0.550233006477356
2.3659300804138184
-0.49581700563430786
1.815269947052002
-0.44140198826789856
1.2646000385284424
-0.38698598742485046
0.7139409780502319
-0.33257099986076355
0.1632789969444275
-0.27815499901771545
-0.38738301396369934
-0.22373999655246735
-0.9380459785461426
-0.16932399570941925
-1.4887100458145142
-0.11490800231695175
-2.039370059967041
-0.060492899268865585
-2.5900299549102783
-0.006077359896153212
-3.1406900882720947
0.04833820089697838
-3.6913599967956543
0.10275399684906006
-4.242020130157471
0.15716899931430817
-4.792679786682129
0.21158500015735626
-5.343339920043945
0.26600000262260437
-5.894010066986084
0.32041600346565247
-6.4446702003479
0.37483200430870056
-6.995329856872559
0.4292469918727875
-7.545989990234375
0.48366299271583557
-8.096650123596191
0.5380780100822449
-8.647319793701172
0.592494010925293
-9.197979927062988
0.6469089984893799
-9.748640060424805
0.701324999332428
-10.299300193786621
0.7557410001754761
-10.850000381469727
0.810155987739563
-11.40060043334961
0.8645719885826111
-11.951299667358398
