-14.38129997253418
19.8341007232666
-14.350299835205078
19.813199996948242
-14.180999755859375
19.276399612426758
-14.011799812316895
18.739599227905273
-13.842599868774414
18.202800750732422
-13.673299789428711
17.666099548339844
-13.50409984588623
17.12929916381836
-13.33489990234375
16.592500686645508
-13.165599822998047
16.055700302124023
-12.996399879455566
15.519000053405762
-12.827199935913086
14.982199668884277
-12.657899856567383
14.44540023803711
-12.488699913024902
13.908699989318848
-12.319499969482422
13.371899604797363
-12.150199890136719
12.835100173950195
-11.980999946594238
12.298299789428711
-11.811699867248535
11.76159954071045
-11.642499923706055
11.224800109863281
-11.473299980163574
10.687999725341797
-11.303999900817871
10.151200294494629
-11.13479995727539
9.614469528198242
-10.96560001373291
9.077699661254883
-10.796299934387207
8.54092025756836
-10.627099990844727
8.004150390625
-10.457900047302246
7.467380046844482
-10.288599967956543
6.930600166320801
-10.119400024414062
6.393829822540283
-9.950160026550293
5.857059955596924
-9.780929565429688
5.320280075073242
-9.611689567565918
4.783510208129883
-9.442460060119629
4.246739864349365
-9.27322006225586
3.7099599838256836
-9.103989601135254
3.173190116882324
-8.934749603271484
2.6364200115203857
-8.765520095825195
2.099639892578125
-8.596280097961426
1.5628700256347656
-8.42704963684082
1.0261000394821167
-8.25780963897705
0.4893220067024231
-8.088580131530762
-0.047450900077819824
-7.919340133666992
-0.5842239856719971
-7.750110149383545
-1.121000051498413
-7.580870151519775
-1.657770037651062
-7.411640167236328
-2.194540023803711
-7.242400169372559
-2.7313199043273926
-7.073170185089111
-3.268090009689331
-6.903930187225342
-3.8048601150512695
-6.7347002029418945
-4.341639995574951
-6.565460205078125
-4.8784098625183105
-6.396230220794678
-5.415180206298828
-6.226990222930908
-5.95196008682251
-6.057759761810303
-6.488729953765869
-5.888519763946533
-7.0254998207092285
-5.719289779663086
-7.562280178070068
-5.550049781799316
-8.09904956817627
-5.380819797515869
-8.635820388793945
-5.2115797996521
-9.172599792480469
-5.042349815368652
-9.709369659423828
-4.873109817504883
-10.246100425720215
-4.7038798332214355
-10.782899856567383
-4.534639835357666
-11.319700241088867
-4.365409851074219
-11.856499671936035
-4.196169853210449
-12.393199920654297
-4.026939868927002
-12.930000305175781
-3.8577001094818115
-13.46679973602295
-3.688469886779785
-14.003600120544434
-3.5192298889160156
-14.540300369262695
-3.3499999046325684
-15.077099800109863
-3.180759906768799
-15.613900184631348
-3.0178000926971436
-16.1427001953125
-2.8548500537872314
-16.67140007019043
-2.691890001296997
-17.200199127197266
-2.5289299488067627
-17.729000091552734
