10.338399887084961
-11.842499732971191
9.865079879760742
-11.551199913024902
9.39175033569336
-11.259900093078613
8.91843032836914
-10.968600273132324
8.445110321044922
-10.677300453186035
7.971779823303223
-10.38599967956543
7.498459815979004
-10.09469985961914
7.025129795074463
-9.803409576416016
6.551809787750244
-9.512109756469727
6.078489780426025
-9.220809936523438
5.605160236358643
-8.929510116577148
5.131840229034424
-8.63821029663086
4.658510208129883
-8.34691047668457
4.185190200805664
-8.055609703063965
3.711859941482544
-7.764309883117676
3.238539934158325
-7.473010063171387
2.7652199268341064
-7.1817097663879395
2.2918899059295654
-6.89040994644165
1.8185700178146362
-6.599110126495361
1.3452399969100952
-6.307809829711914
0.8719199895858765
-6.016510009765625
0.39859598875045776
-5.725210189819336
-0.07472769916057587
-5.433909893035889
-0.5480520129203796
-5.1426100730896
-1.0213799476623535
-4.851309776306152
-1.4946999549865723
-4.560009956359863
-1.968019962310791
-4.268710136413574
-2.441349983215332
-3.977410078048706
-2.914669990539551
-3.686110019683838
-3.388000011444092
-3.3948099613189697
-3.8613200187683105
-3.1035099029541016
-4.334640026092529
-2.8122100830078125
-4.80797004699707
-2.5209100246429443
-5.281290054321289
-2.229609966278076
-5.75462007522583
-1.9383100271224976
-6.227940082550049
-1.6470199823379517
-6.701260089874268
-1.355720043182373
-7.174590110778809
-1.0644199848175049
-7.647910118103027
-0.7731149792671204
