-2.791949987411499
12.316900253295898
-2.2548298835754395
12.195699691772461
-1.7177200317382812
12.074399948120117
-1.180609941482544
11.953200340270996
-0.6434990167617798
11.831899642944336
-0.10638699680566788
11.710599899291992
0.43072500824928284
11.589400291442871
0.9678369760513306
11.468099594116211
1.5049500465393066
11.34689998626709
2.042059898376465
11.225600242614746
2.579169988632202
11.104399681091309
3.1162900924682617
10.983099937438965
3.65339994430542
10.861900329589844
4.190509796142578
10.740599632263184
4.7276201248168945
10.619400024414062
5.264729976654053
10.498100280761719
5.801849842071533
10.376799583435059
6.33896017074585
10.255599975585938
6.876070022583008
10.134300231933594
7.413179874420166
10.013099670410156
7.950290203094482
9.891830444335938
8.48740005493164
9.770580291748047
9.024519920349121
9.649319648742676
9.561630249023438
9.528070449829102
10.098699569702148
9.40680980682373
10.635899543762207
9.28555965423584
11.17300033569336
9.164310455322266
11.710100173950195
9.043049812316895
