5.5336198806762695
14.131699562072754
6.069519996643066
14.161100387573242
6.6054301261901855
14.190600395202637
7.1413397789001465
14.220000267028809
7.677249908447266
14.249500274658203
8.213159561157227
14.279000282287598
8.749070167541504
14.30840015411377
9.2849702835083
14.337900161743164
9.820879936218262
14.367300033569336
10.356800079345703
14.39680004119873
10.8927001953125
14.426300048828125
11.428600311279297
14.455699920654297
11.964500427246094
14.485199928283691
12.500399589538574
14.514599800109863
13.036299705505371
14.544099807739258
13.572199821472168
14.57349967956543
14.108099937438965
14.602999687194824
14.644100189208984
14.632499694824219
15.180000305175781
14.66189956665039
