3.5355899333953857
11.966899871826172
3.9342799186706543
11.59060001373291
4.332970142364502
11.214200019836426
4.731659889221191
10.837900161743164
5.130350112915039
10.46150016784668
5.5290398597717285
10.085200309753418
5.927730083465576
9.708829879760742
6.326419830322266
9.332480430603027
6.7251200675964355
8.956130027770996
7.123809814453125
8.579779624938965
7.522500038146973
8.20343017578125
7.921189785003662
7.827079772949219
8.319879531860352
7.450729846954346
8.7185697555542
7.074379920959473
9.117259979248047
6.6980299949646
9.515950202941895
6.321680068969727
9.914640426635742
5.945340156555176
10.313300132751465
5.568990230560303
10.711999893188477
5.1926398277282715
11.110699653625488
4.816289901733398
11.509400367736816
4.439939975738525
11.908100128173828
4.063590049743652
12.30679988861084
3.6872398853302
12.705499649047852
3.310889959335327
13.10420036315918
2.934540033340454
13.502900123596191
2.558190107345581
13.90149974822998
2.181849956512451
14.300200462341309
1.8055000305175781
