7.367109775543213
-4.522240161895752
7.710390090942383
-4.072859764099121
8.05366039276123
-3.6234800815582275
8.396940231323242
-3.174099922180176
8.740209579467773
-2.724709987640381
9.083479881286621
-2.275330066680908
9.426759719848633
-1.825950026512146
9.77003002166748
-1.3765699863433838
10.113300323486328
-0.9271939992904663
10.456600189208984
-0.4778130054473877
10.79990005493164
-0.028433000668883324
11.143099784851074
0.42094698548316956
11.48639965057373
0.8703280091285706
11.829700469970703
1.3197100162506104
12.172900199890137
1.7690900564193726
12.516200065612793
2.2184700965881348
12.85949993133545
2.6678500175476074
13.202799797058105
3.11722993850708
13.545999526977539
3.566610097885132
13.889300346374512
4.015989780426025
14.232600212097168
4.465370178222656
14.575900077819824
4.914750099182129
14.919099807739258
5.364130020141602
15.262399673461914
5.813509941101074
15.60569953918457
6.262889862060547
15.949000358581543
6.7122697830200195
16.292200088500977
7.16165018081665
16.635499954223633
7.611030101776123
16.97879981994629
8.060409545898438
