-18.620100021362305
6.185830116271973
-18.078399658203125
6.342889785766602
-17.536800384521484
6.499949932098389
-16.99519920349121
6.6570000648498535
-16.45359992980957
6.814060211181641
-15.91189956665039
6.971109867095947
-15.37030029296875
7.128170013427734
-14.828700065612793
7.2852301597595215
-14.286999702453613
7.442279815673828
-13.745400428771973
7.599339962005615
-13.203800201416016
7.756400108337402
-12.662099838256836
7.913449764251709
-12.120499610900879
8.070509910583496
-11.578900337219238
8.227569580078125
-11.037199974060059
8.38461971282959
-10.495599746704102
8.541680335998535
-9.95398998260498
8.69873046875
-9.412349700927734
8.855790138244629
-8.870719909667969
9.012849807739258
-8.329090118408203
9.169899940490723
-7.787459850311279
9.326959609985352
-7.245830059051514
9.484020233154297
-6.70419979095459
9.641070365905762
-6.162569999694824
9.79813003540039
-5.620940208435059
9.95518970489502
-5.079309940338135
10.112199783325195
-4.537680149078369
10.26930046081543
-3.9960498809814453
10.426400184631348
-3.4544100761413574
10.583399772644043
-2.9127800464630127
10.740500450134277
-2.371150016784668
10.897500038146973
-1.8295199871063232
11.05459976196289
-1.2878899574279785
11.211600303649902
-0.7462599873542786
11.36870002746582
-0.20462900400161743
11.525699615478516
0.3370009958744049
11.68280029296875
0.8786320090293884
11.839900016784668
1.420259952545166
11.996899604797363
1.9618899822235107
12.154000282287598
2.5035200119018555
12.310999870300293
3.0451600551605225
12.468099594116211
3.586790084838867
12.625100135803223
4.128419876098633
12.78219985961914
4.670050144195557
12.939299583435059
5.211679935455322
13.09630012512207
5.753310203552246
13.253399848937988
6.294939994812012
13.410400390625
6.836569786071777
13.567500114440918
7.378200054168701
13.724499702453613
7.919829845428467
13.881600379943848
8.46146011352539
14.038700103759766
9.003100395202637
14.195699691772461
9.544730186462402
14.352800369262695
10.086400032043457
14.50979995727539
10.628000259399414
14.666899681091309
11.169599533081055
14.82390022277832
11.711199760437012
14.980999946594238
12.252900123596191
15.137999534606934
12.794500350952148
15.295100212097168
13.336099624633789
15.452199935913086
