15.684900283813477
2.2468600273132324
15.586700439453125
1.7006700038909912
15.488499641418457
1.15447998046875
15.390299797058105
0.6082940101623535
15.291999816894531
0.06210469827055931
15.19379997253418
-0.48408401012420654
15.095600128173828
-1.030269980430603
14.997400283813477
-1.5764600038528442
14.899200439453125
-2.122649908065796
14.800999641418457
-2.668839931488037
14.702799797058105
-3.2150299549102783
14.604599952697754
-3.7612199783325195
14.506400108337402
-4.307409763336182
14.40820026397705
-4.853600025177002
14.3100004196167
-5.399779796600342
14.211799621582031
-5.945970058441162
14.11359977722168
-6.492159843444824
14.015399932861328
-7.0383501052856445
13.917200088500977
-7.584539890289307
13.819000244140625
-8.130729675292969
13.720800399780273
-8.676919937133789
13.622599601745605
-9.22311019897461
