14.401599884033203
-14.403400421142578
13.907999992370605
-14.158499717712402
13.414299964904785
-13.913700103759766
12.920599937438965
-13.668800354003906
12.426899909973145
-13.423999786376953
11.933199882507324
-13.179100036621094
11.439499855041504
-12.934300422668457
10.945899963378906
-12.689499855041504
10.452199935913086
-12.444600105285645
9.958479881286621
-12.199799537658691
9.464799880981445
-11.954899787902832
8.97111988067627
-11.710100173950195
8.47743034362793
-11.465200424194336
7.983749866485596
-11.220399856567383
7.49006986618042
-10.975500106811523
6.996379852294922
-10.73069953918457
6.502699851989746
-10.485799789428711
6.00901985168457
-10.241000175476074
5.515329837799072
-9.996150016784668
5.0216498374938965
-9.751310348510742
4.527969837188721
-9.506460189819336
4.034289836883545
-9.261619567871094
3.540600061416626
-9.016770362854004
3.04692006111145
-8.771929740905762
2.5532400608062744
-8.527079582214355
2.0595500469207764
-8.282230377197266
1.5658700466156006
-8.037389755249023
1.0721900463104248
-7.792540073394775
0.5785019993782043
-7.547699928283691
0.08481869846582413
-7.302849769592285
-0.4088650047779083
-7.058010101318359
