-14.992600440979004
8.177900314331055
-15.038000106811523
7.621150016784668
-15.083399772644043
7.0644001960754395
-15.128800392150879
6.507649898529053
-15.174200057983398
5.950890064239502
-15.219599723815918
5.394139766693115
-15.265000343322754
4.837389945983887
-15.310400009155273
4.280640125274658
-15.355799674987793
3.7238900661468506
-15.401200294494629
3.1671299934387207
-15.446599960327148
2.610379934310913
-15.491900444030762
2.0536301136016846
-15.537300109863281
1.496880054473877
-15.5826997756958
0.9401270151138306
-15.628100395202637
0.38337600231170654
-15.673500061035156
-0.17337599396705627
-15.718899726867676
-0.7301279902458191
-15.764300346374512
-1.2868800163269043
-15.809700012207031
-1.8436299562454224
-15.85509967803955
-2.4003798961639404
-15.900500297546387
-2.9571399688720703
-15.945899963378906
-3.513890027999878
-15.991299629211426
-4.0706400871276855
-16.036699295043945
-4.627389907836914
-16.08209991455078
-5.184140205383301
-16.127500534057617
-5.740890026092529
-16.17289924621582
-6.29764986038208
-16.218299865722656
-6.854400157928467
-16.263700485229492
-7.411149978637695
-16.30900001525879
-7.967899799346924
-16.354400634765625
-8.524649620056152
-16.399799346923828
-9.081399917602539
-16.445199966430664
-9.63815975189209
-16.4906005859375
-10.194899559020996
-16.535999298095703
-10.751700401306152
-16.58139991760254
-11.30840015411377
-16.626800537109375
-11.86520004272461
