-9.976469993591309
-16.33609962463379
-9.52991008758545
-16.015399932861328
-9.08335018157959
-15.694700241088867
-8.636799812316895
-15.37399959564209
-8.190239906311035
-15.053199768066406
-7.763659954071045
-14.68280029296875
-7.337080001831055
-14.312399864196777
-6.9105000495910645
-13.941900253295898
-6.483920097351074
-13.571499824523926
-6.057330131530762
-13.20110034942627
-5.6307501792907715
-12.830599784851074
-5.204170227050781
-12.460200309753418
-4.777589797973633
-12.089799880981445
-4.351009845733643
-11.719300270080566
-3.9244298934936523
-11.348899841308594
-3.497849941253662
-10.978400230407715
-3.071269989013672
-10.607999801635742
-2.6446900367736816
-10.237600326538086
-2.2181100845336914
-9.86713981628418
-1.7915199995040894
-9.496700286865234
-1.3649400472640991
-9.126270294189453
-0.9383630156517029
-8.755829811096191
-0.5117819905281067
-8.38539981842041
-0.08520060032606125
-8.014960289001465
0.3413800001144409
-7.644529819488525
0.7679610252380371
-7.274089813232422
1.194540023803711
-6.903649806976318
1.6211199760437012
-6.533219814300537
2.0476999282836914
-6.162779808044434
2.474289894104004
-5.792349815368652
2.9008700847625732
-5.421909809112549
3.3274500370025635
-5.051479816436768
3.7540299892425537
-4.681039810180664
4.180610179901123
-4.310609817504883
4.607190132141113
-3.9401700496673584
5.0337700843811035
-3.569730043411255
5.460350036621094
-3.1993000507354736
5.886929988861084
-2.82886004447937
6.313509941101074
-2.458430051803589
6.7400898933410645
-2.0879900455474854
7.166679859161377
-1.717560052871704
7.593259811401367
-1.3471200466156006
8.019840240478516
-0.9766849875450134
8.446419715881348
-0.6062489748001099
8.873000144958496
-0.23581300675868988
9.299579620361328
0.1346219927072525
9.726160049438477
0.5050579905509949
10.152700424194336
0.8754940032958984
10.579299926757812
1.2459299564361572
11.005900382995605
1.6163599491119385
11.432499885559082
1.986799955368042
11.859100341796875
2.3572399616241455
12.285599708557129
2.7276699542999268
12.712200164794922
3.0981099605560303
13.138799667358398
3.4685399532318115
13.565400123596191
3.838979959487915
13.991999626159668
4.209410190582275
14.418600082397461
4.579850196838379
14.845100402832031
4.950290203094482
15.271699905395508
5.320720195770264
15.6983003616333
5.691160202026367
16.124900817871094
6.061590194702148
16.55150032043457
6.432030200958252
16.97800064086914
6.802460193634033
17.404600143432617
7.172900199890137
17.831199645996094
7.54334020614624
18.25779914855957
7.9137701988220215
18.68440055847168
8.284210205078125
