3.3597800731658936
-10.248299598693848
3.6615099906921387
-9.779589653015137
3.963239908218384
-9.310879707336426
4.264969825744629
-8.84216022491455
4.566699981689453
-8.37345027923584
4.868430137634277
-7.904739856719971
5.170159816741943
-7.43602991104126
5.471889972686768
-6.967319965362549
5.773620128631592
-6.498610019683838
6.075349807739258
-6.029900074005127
6.377079963684082
-5.561190128326416
6.678810119628906
-5.092480182647705
6.980539798736572
-4.623770236968994
7.2822699546813965
-4.155049800872803
7.583990097045898
-3.686340093612671
7.8857197761535645
-3.217629909515381
8.187450408935547
-2.74891996383667
8.489179611206055
-2.280210018157959
8.790909767150879
-1.8114999532699585
9.092639923095703
-1.3427900075912476
9.394370079040527
-0.8740779757499695
9.696100234985352
-0.405366986989975
9.997830390930176
0.06334380060434341
10.299599647521973
0.5320550203323364
10.601300239562988
1.0007699728012085
10.902999877929688
1.469480037689209
11.204700469970703
1.93818998336792
11.506500244140625
2.406899929046631
11.808199882507324
2.875610113143921
12.10990047454834
3.344320058822632
12.411700248718262
3.8130300045013428
12.713399887084961
4.281740188598633
13.01509952545166
4.750450134277344
13.316900253295898
5.219160079956055
13.618599891662598
5.687880039215088
13.920299530029297
6.156589984893799
14.222000122070312
6.62529993057251
14.523799896240234
7.094009876251221
14.825499534606934
7.562719821929932
15.12720012664795
8.0314302444458
15.428999900817871
8.500140190124512
15.73069953918457
8.968850135803223
16.032400131225586
9.437560081481934
16.3341007232666
9.906270027160645
16.635900497436523
10.375
16.937599182128906
10.843700408935547
17.239299774169922
11.312399864196777
17.541099548339844
11.781100273132324
17.84280014038086
12.249799728393555
