-8.484589576721191
0.350057989358902
-8.270429611206055
0.8666489720344543
-8.056260108947754
1.383239984512329
-7.842090129852295
1.8998299837112427
-7.627920150756836
2.4164199829101562
-7.413750171661377
2.9330101013183594
-7.199580192565918
3.4496099948883057
-6.985410213470459
3.966200113296509
-6.771249771118164
4.482789993286133
-6.557079792022705
4.999380111694336
-6.342909812927246
5.515970230102539
-6.128739833831787
6.032559871673584
-5.914569854736328
6.549149990081787
-5.700399875640869
7.06574010848999
-5.57519006729126
7.549910068511963
-5.4499897956848145
8.034079551696777
-5.324779987335205
8.518250465393066
-5.199570178985596
9.002420425415039
-5.074359893798828
9.486590385437012
-4.949150085449219
9.970760345458984
-4.823939800262451
10.454899787902832
