4.28262996673584
-15.213800430297852
4.288730144500732
-15.202899932861328
4.552919864654541
-14.732600212097168
4.81712007522583
-14.262299537658691
5.081319808959961
-13.792099952697754
5.34552001953125
-13.321800231933594
5.609720230102539
-12.851499557495117
5.87391996383667
-12.381199836730957
6.138120174407959
-11.910900115966797
6.40231990814209
-11.440600395202637
6.666520118713379
-10.97029972076416
6.93071985244751
-10.5
7.194920063018799
-10.02970027923584
7.45911979675293
-9.559450149536133
7.723320007324219
-9.089159965515137
7.987520217895508
-8.61886978149414
8.251720428466797
-8.148579597473145
8.51591968536377
-7.678299903869629
8.780119895935059
-7.208010196685791
9.044320106506348
-6.737720012664795
9.308520317077637
-6.267429828643799
9.57271957397461
-5.797140121459961
9.836919784545898
-5.326849937438965
10.108499526977539
-4.842199802398682
10.38010025024414
-4.357540130615234
10.651800155639648
-3.872889995574951
10.923399925231934
-3.388240098953247
11.194999694824219
-2.9035799503326416
11.46660041809082
-2.4189300537109375
11.738200187683105
-1.9342800378799438
12.00979995727539
-1.449620008468628
12.281399726867676
-0.9649720191955566
12.553000450134277
-0.48031899333000183
12.824700355529785
0.004334439989179373
13.09630012512207
0.4889880120754242
13.367899894714355
0.9736409783363342
13.63949966430664
1.4582899808883667
13.911100387573242
1.9429500102996826
14.182700157165527
2.4275999069213867
14.454299926757812
2.91225004196167
14.725899696350098
3.3969099521636963
14.9975004196167
3.8815600872039795
15.269200325012207
4.366209983825684
15.540800094604492
4.850870132446289
15.812399864196777
5.335519790649414
16.083999633789062
5.820169925689697
16.355600357055664
6.304830074310303
16.627199172973633
6.789480209350586
16.898799896240234
7.274129867553711
17.170400619506836
7.758780002593994
17.442100524902344
8.243439674377441
17.713699340820312
8.728090286254883
17.985300064086914
9.212739944458008
18.256900787353516
9.697400093078613
18.528499603271484
10.182100296020508
18.800100326538086
10.66670036315918
19.071699142456055
11.151399612426758
19.343299865722656
11.63599967956543
19.614999771118164
12.120699882507324
