15.84570026397705
-14.764900207519531
15.56659984588623
-14.282299995422363
15.287500381469727
-13.799699783325195
15.008399963378906
-13.31719970703125
14.729299545288086
-12.834600448608398
14.450200080871582
-12.35200023651123
14.171099662780762
-11.869500160217285
13.891900062561035
-11.386899948120117
13.612799644470215
-10.90429973602295
13.333700180053711
-10.421799659729004
13.05459976196289
-9.939189910888672
12.775500297546387
-9.456620216369629
12.496399879455566
-8.97404956817627
12.217300415039062
-8.491479873657227
11.93809986114502
-8.008910179138184
11.659000396728516
-7.526340007781982
11.379899978637695
-7.043769836425781
11.100799560546875
-6.561200141906738
10.821700096130371
-6.078629970550537
10.54259967803955
-5.596059799194336
10.263500213623047
-5.113490104675293
9.984339714050293
-4.630919933319092
9.705229759216309
-4.148349761962891
9.42611026763916
-3.6657800674438477
9.147000312805176
-3.1832098960876465
8.867879867553711
-2.7006399631500244
8.588769912719727
-2.2180700302124023
8.309650421142578
-1.7354999780654907
8.030540466308594
-1.2529300451278687
7.751420021057129
-0.7703610062599182
7.4723100662231445
-0.28779101371765137
7.19320011138916
0.19477899372577667
6.9140801429748535
0.6773489713668823
6.634970188140869
1.1599199771881104
6.3558502197265625
1.642490029335022
6.07673978805542
2.1250600814819336
5.797619819641113
2.6076300144195557
5.518509864807129
3.0901999473571777
5.239389896392822
3.572770118713379
4.960279941558838
4.055339813232422
4.6811699867248535
4.537909984588623
4.402050018310547
5.020480155944824
4.1229400634765625
5.503049850463867
3.843820095062256
5.985620021820068
3.5647099018096924
6.4681901931762695
3.2855899333953857
6.9507598876953125
3.0064799785614014
7.433330059051514
2.7273600101470947
7.915900230407715
2.4482500553131104
8.398469924926758
2.1691300868988037
8.8810396194458
1.8900200128555298
9.36361026763916
1.6109100580215454
9.846170425415039
1.3317899703979492
10.328700065612793
1.0526800155639648
10.811300277709961
0.7735620141029358
11.293899536132812
0.4944480061531067
11.77649974822998
0.2153329998254776
12.258999824523926
-0.06378120183944702
12.741600036621094
-0.3428960144519806
13.224200248718262
-0.6220099925994873
13.706700325012207
-0.9011250138282776
14.189299583435059
-1.1802400350570679
14.671899795532227
-1.4593499898910522
15.154399871826172
