-12.128999710083008
13.450900077819824
-11.962900161743164
12.968500137329102
-11.796699523925781
12.486100196838379
-11.630599975585938
12.003700256347656
-11.464400291442871
11.521400451660156
-11.298199653625488
11.038999557495117
-11.132100105285645
10.556599617004395
-10.965900421142578
10.074199676513672
-10.799799919128418
9.591819763183594
-10.5733003616333
9.083319664001465
-10.346799850463867
8.574810028076172
-10.12030029296875
8.066309928894043
-9.893739700317383
7.557809829711914
-9.667229652404785
7.049310207366943
-9.440710067749023
6.5408101081848145
-9.214200019836426
6.0323100090026855
-8.987689971923828
5.523809909820557
-8.761170387268066
5.015309810638428
-8.534660339355469
4.506810188293457
-8.308150291442871
3.998310089111328
-8.081629753112793
3.489809989929199
-7.8551201820373535
2.9813098907470703
-7.628610134124756
2.4728100299835205
-7.402090072631836
1.9643100500106812
-7.175580024719238
1.4558099508285522
-6.949069976806641
0.9473050236701965
-6.722549915313721
0.4388040006160736
-6.496039867401123
-0.06969650089740753
-6.269519805908203
-0.5781970024108887
-6.043010234832764
-1.0866999626159668
-5.816500186920166
-1.5951999425888062
-5.589980125427246
-2.1036999225616455
-5.363470077514648
-2.6122000217437744
-5.136960029602051
-3.120699882507324
-4.910439968109131
-3.629199981689453
-4.683929920196533
-4.137700080871582
-4.4574198722839355
-4.646200180053711
-4.230899810791016
-5.154699802398682
-4.004389762878418
-5.6631999015808105
-3.7778799533843994
-6.1717000007629395
-3.5513598918914795
-6.680200099945068
-3.324850082397461
-7.1887102127075195
-3.0983400344848633
-7.69720983505249
-2.8718199729919434
-8.205710411071777
-2.6453099250793457
-8.71420955657959
-2.418800115585327
-9.222709655761719
-2.1922800540924072
-9.731209754943848
-1.9657700061798096
-10.239700317382812
-1.739259958267212
-10.748200416564941
-1.5127400159835815
-11.256699562072754
-1.2862299680709839
-11.765199661254883
