-19.191999435424805
3.713200092315674
-18.714099884033203
3.419339895248413
-18.236099243164062
3.125469923019409
-17.758100509643555
2.8316099643707275
-17.280099868774414
2.537750005722046
-16.802099227905273
2.243880033493042
-16.324100494384766
1.9500199556350708
-15.846199989318848
1.6561599969863892
-15.368200302124023
1.3622900247573853
-14.890199661254883
1.068429946899414
-14.412199974060059
0.7745680212974548
-13.934200286865234
0.48070499300956726
-13.456199645996094
0.18684199452400208
-12.97819995880127
-0.10702099651098251
-12.500300407409668
-0.4008849859237671
-12.022299766540527
-0.6947479844093323
-11.544300079345703
-0.9886109828948975
-11.066300392150879
-1.2824699878692627
-10.588299751281738
-1.5763399600982666
-10.110300064086914
-1.8702000379562378
-9.632349967956543
-2.164060115814209
-9.154370307922363
-2.457930088043213
-8.676380157470703
-2.7517900466918945
-8.198399543762207
-3.045650005340576
-7.720419883728027
-3.33951997756958
-7.242430210113525
-3.6333799362182617
-6.7644500732421875
-3.9272398948669434
-6.286459922790527
-4.221109867095947
-5.8084797859191895
-4.514969825744629
-5.3304901123046875
-4.8088297843933105
-4.85250997543335
-5.102700233459473
-4.3745198249816895
-5.396560192108154
-3.8965399265289307
-5.690420150756836
-3.4185500144958496
-5.984280109405518
-2.940570116043091
-6.2781500816345215
-2.4625799655914307
-6.572010040283203
-1.9845999479293823
-6.865869998931885
-1.5066200494766235
-7.159739971160889
-1.028630018234253
-7.45359992980957
-0.5506460070610046
-7.747459888458252
-0.07266149669885635
-8.041330337524414
0.40532299876213074
-8.335189819335938
0.8833079934120178
-8.629050254821777
1.3612899780273438
-8.922920227050781
1.8392800092697144
-9.216779708862305
2.3172600269317627
-9.510640144348145
2.7952499389648438
-9.804510116577148
3.2732300758361816
-10.098400115966797
3.7512199878692627
-10.392200469970703
4.2291998863220215
-10.686100006103516
4.707180023193359
-10.979999542236328
5.1851701736450195
-11.273799896240234
5.663149833679199
-11.567700386047363
6.141139984130859
-11.861499786376953
6.619120121002197
-12.155400276184082
7.097109794616699
-12.449299812316895
7.575089931488037
-12.7431001663208
8.053079605102539
-13.036999702453613
8.531060218811035
-13.330900192260742
9.009050369262695
-13.624699592590332
9.487030029296875
-13.918600082397461
9.965009689331055
-14.212499618530273
10.442999839782715
-14.50629997253418
10.920999526977539
-14.800200462341309
11.39900016784668
-15.093999862670898
11.876999855041504
-15.387900352478027
12.354900360107422
-15.68179988861084
12.832900047302246
-15.975600242614746
13.31089973449707
-16.269500732421875
13.788900375366211
-16.563400268554688
