-8.251440048217773
18.13360023498535
-7.698890209197998
18.183300018310547
-7.146349906921387
18.232900619506836
-6.593800067901611
18.28260040283203
-6.041250228881836
18.332300186157227
-5.488709926605225
18.381900787353516
-4.936160087585449
18.43160057067871
-4.383609771728516
18.481300354003906
-3.8310599327087402
18.5310001373291
-3.278520107269287
18.58060073852539
-2.7259700298309326
18.630300521850586
-2.173419952392578
18.68000030517578
-1.6208800077438354
18.72960090637207
-1.0683300495147705
18.779300689697266
-0.5157830119132996
18.82900047302246
0.036764200776815414
18.878599166870117
0.5893110036849976
18.928300857543945
1.141860008239746
18.97800064086914
1.694409966468811
19.027599334716797
2.2469499111175537
19.077299118041992
2.799499988555908
19.12700080871582
3.3520500659942627
19.176599502563477
3.904589891433716
19.226299285888672
4.45713996887207
19.275999069213867
5.009689807891846
19.325700759887695
5.562230110168457
19.37529945373535
6.114779949188232
19.424999237060547
6.667329788208008
19.474700927734375
7.219870090484619
19.52429962158203
7.7724199295043945
19.573999404907227
8.324970245361328
19.623699188232422
8.877519607543945
19.67329978942871
9.430060386657715
19.722999572753906
9.982609748840332
19.7726993560791
