-13.674500465393066
-4.157350063323975
-13.16450023651123
-4.376369953155518
-12.654500007629395
-4.5953898429870605
-12.144499778747559
-4.814410209655762
-11.634499549865723
-5.033430099487305
-11.124500274658203
-5.252449989318848
-10.614500045776367
-5.471469879150391
-10.104499816894531
-5.690489768981934
-9.594490051269531
-5.909510135650635
-9.084500312805176
-6.128530025482178
-8.57450008392334
-6.347549915313721
-8.064510345458984
-6.566569805145264
-7.554510116577148
-6.785580158233643
-7.0445098876953125
-7.0046000480651855
-6.534520149230957
-7.2236199378967285
-6.024519920349121
-7.4426398277282715
-5.514520168304443
-7.661660194396973
-5.00452995300293
-7.880680084228516
-4.494530200958252
-8.099699974060059
-3.984529972076416
-8.318719863891602
-3.4745399951934814
-8.537739753723145
-2.9645400047302246
-8.756759643554688
-2.4545400142669678
-8.97577953338623
-1.9445500373840332
-9.19480037689209
-1.4345500469207764
-9.413820266723633
-0.9245529770851135
-9.632840156555176
-0.41455700993537903
-9.851860046386719
0.0954395979642868
-10.070899963378906
0.6054360270500183
-10.289899826049805
