11.346799850463867
8.132840156555176
10.924699783325195
7.774439811706543
10.502699851989746
7.416049957275391
10.080599784851074
7.057660102844238
9.658570289611816
6.699260234832764
9.236510276794434
6.340869903564453
8.814459800720215
5.982480049133301
8.392399787902832
5.624090194702148
7.9703497886657715
5.265689849853516
7.548299789428711
4.907299995422363
7.126239776611328
4.548910140991211
6.704189777374268
4.190509796142578
6.282139778137207
3.832119941711426
5.860079765319824
3.4737300872802734
5.438029766082764
3.115339994430542
5.015979766845703
2.7569398880004883
4.5939202308654785
2.398550033569336
4.171870231628418
2.0401599407196045
3.7498199939727783
1.6817599534988403
3.3277599811553955
1.3233699798583984
2.905709981918335
0.9649789929389954
2.4836599826812744
0.6065869927406311
2.0615999698638916
0.24819399416446686
1.639549970626831
-0.11019899696111679
1.2174999713897705
-0.46859198808670044
0.7954429984092712
-0.8269850015640259
0.37338900566101074
-1.185379981994629
-0.04866430163383484
-1.5437699556350708
-0.47071799635887146
-1.9021600484848022
-0.8927710056304932
-2.2605600357055664
-1.3148200511932373
-2.6189498901367188
-1.7368799448013306
-2.97733998298645
-2.1589300632476807
-3.3357300758361816
-2.580980062484741
-3.6941299438476562
