-8.90077018737793
-17.21540069580078
-8.338370323181152
-17.177200317382812
-7.775979995727539
-17.138999938964844
-7.213590145111084
-17.100900650024414
-6.651189804077148
-17.062700271606445
-6.088799953460693
-17.024499893188477
-5.526410102844238
-16.986299514770508
-4.964019775390625
-16.948200225830078
-4.401619911193848
-16.90999984741211
-3.8392300605773926
-16.87179946899414
-3.2768399715423584
-16.833599090576172
-2.714449882507324
-16.795499801635742
-2.152050018310547
-16.757299423217773
-1.5896600484848022
-16.719100952148438
-1.027269959449768
-16.68090057373047
-0.4648739993572235
-16.642799377441406
0.09751850366592407
-16.60460090637207
0.6599109768867493
-16.5664005279541
1.2223000526428223
-16.528200149536133
1.7847000360488892
-16.490100860595703
2.347090005874634
-16.451900482177734
2.909480094909668
-16.413700103759766
3.4718799591064453
-16.375499725341797
4.0342698097229
-16.337400436401367
4.596660137176514
-16.2992000579834
5.159049987792969
-16.26099967956543
5.721449851989746
-16.22279930114746
6.283840179443359
-16.18470001220703
6.8462300300598145
-16.146499633789062
7.4086198806762695
-16.108299255371094
7.971020221710205
-16.070100784301758
8.53341007232666
-16.031999588012695
9.095800399780273
-15.993800163269043
9.65820026397705
-15.955599784851074
10.220600128173828
-15.917400360107422
10.782999992370605
-15.879300117492676
11.345399856567383
-15.841099739074707
11.90779972076416
-15.802900314331055
12.470199584960938
-15.764699935913086
13.032600402832031
-15.72659969329834
13.594900131225586
-15.688400268554688
