11.605799674987793
11.896699905395508
11.233799934387207
11.492199897766113
10.861700057983398
11.087599754333496
10.48960018157959
10.682999610900879
10.117500305175781
10.278499603271484
9.745479583740234
9.873929977416992
9.37341022491455
9.469369888305664
9.00133991241455
9.064809799194336
8.62926959991455
8.660249710083008
8.257200241088867
8.25570011138916
7.885129928588867
7.851140022277832
7.513060092926025
7.446579933166504
7.140989780426025
7.042019844055176
6.768919944763184
6.637460231781006
6.396850109100342
6.232900142669678
6.024779796600342
5.82834005355835
5.6527099609375
5.4237799644470215
5.280640125274658
5.019229888916016
4.908569812774658
4.6146697998046875
4.536499977111816
4.210110187530518
4.164430141448975
3.8055500984191895
3.7923600673675537
3.4009900093078613
3.420289993286133
2.996429920196533
3.048219919204712
2.591870069503784
2.6761600971221924
2.1873199939727783
2.3040900230407715
1.7827600240707397
1.9320199489593506
1.3782000541687012
1.5599499940872192
0.9736390113830566
1.187880039215088
0.5690799951553345
0.8158079981803894
0.1645209938287735
0.44373801350593567
-0.2400369942188263
