12.150799751281738
-4.23822021484375
11.760100364685059
-4.631720066070557
11.36929988861084
-5.025209903717041
10.978599548339844
-5.418710231781006
10.587900161743164
-5.81220006942749
10.197099685668945
-6.205699920654297
9.80636978149414
-6.5991902351379395
9.415619850158691
-6.992690086364746
9.024880409240723
-7.3861799240112305
8.634140014648438
-7.779679775238037
8.243390083312988
-8.17317008972168
7.852650165557861
-8.566670417785645
7.461909770965576
-8.960160255432129
7.071159839630127
-9.353659629821777
6.680419921875
-9.747150421142578
6.289680004119873
-10.140600204467773
5.898930072784424
-10.534099578857422
5.508190155029297
-10.927599906921387
5.11745023727417
-11.321100234985352
4.726709842681885
-11.714599609375
4.3359599113464355
-12.108099937438965
3.9452199935913086
-12.50160026550293
3.5544800758361816
-12.895099639892578
3.1637299060821533
-13.288599967956543
2.7729899883270264
-13.682100296020508
2.3822500705718994
-14.075599670410156
