2.4766900539398193
-16.176000595092773
2.4488799571990967
-15.61769962310791
2.421060085296631
-15.059399604797363
2.393249988555908
-14.501099586486816
2.3654301166534424
-13.942700386047363
2.3376200199127197
-13.384400367736816
2.309809923171997
-12.82610034942627
2.2819900512695312
-12.267800331115723
2.2541799545288086
-11.709500312805176
2.2263600826263428
-11.151200294494629
2.19854998588562
-10.59280014038086
2.1707398891448975
-10.034500122070312
2.1429200172424316
-9.476200103759766
2.115109920501709
-8.917889595031738
2.087290048599243
-8.359569549560547
2.0594799518585205
-7.801249980926514
2.031670093536377
-7.2429399490356445
2.003849983215332
-6.684619903564453
1.976040005683899
-6.126299858093262
1.9482200145721436
-5.56797981262207
1.9204100370407104
-5.009669780731201
1.8926000595092773
-4.451350212097168
1.8647799491882324
-3.8930299282073975
1.8369699716567993
-3.3347198963165283
1.809149980545044
-2.776400089263916
1.7813400030136108
-2.2180800437927246
1.7535300254821777
-1.6597700119018555
1.7257100343704224
-1.101449966430664
1.6979000568389893
-0.5431320071220398
1.6700799465179443
0.015184699557721615
1.6422699689865112
0.5735020041465759
1.6144599914550781
1.1318199634552002
1.5866400003433228
1.6901400089263916
1.5588300228118896
2.2484500408172607
1.5310100317001343
2.806770086288452
1.5032000541687012
3.3650898933410645
1.4753799438476562
3.9233999252319336
1.4475699663162231
4.481719970703125
1.41975998878479
5.040040016174316
1.3919399976730347
5.5983500480651855
1.3641300201416016
6.156670093536377
1.3363100290298462
6.714990139007568
1.308500051498413
7.2733001708984375
1.2806899547576904
7.831620216369629
1.252869963645935
8.38994026184082
1.225059986114502
8.948260307312012
1.1972399950027466
9.506569862365723
1.1694300174713135
10.064900398254395
1.1416200399398804
10.623200416564941
1.113800048828125
11.181500434875488
1.0859899520874023
11.739800453186035
1.058169960975647
12.298199653625488
1.0303599834442139
12.856499671936035
1.0025500059127808
13.414799690246582
0.974731981754303
13.973099708557129
0.9469180107116699
14.531399726867676
0.9191039800643921
15.089699745178223
0.891290009021759
15.648099899291992
0.8634759783744812
16.20639991760254
0.8356620073318481
16.764699935913086
