10.5378999710083
6.802299976348877
10.340800285339355
6.369009971618652
10.201299667358398
5.841000080108643
10.061800003051758
5.312990188598633
9.922240257263184
4.784979820251465
9.782719612121582
4.256969928741455
9.643199920654297
3.728950023651123
9.503669738769531
3.200939893722534
9.364150047302246
2.6729300022125244
9.224630355834961
2.1449201107025146
9.08510971069336
1.6169099807739258
8.945590019226074
1.0888999700546265
8.806070327758789
0.5608850121498108
8.666549682617188
0.032873399555683136
8.527020454406738
-0.4951379895210266
8.387499809265137
-1.0231499671936035
8.247980117797852
-1.5511599779129028
8.108460426330566
-2.079169988632202
7.968939781188965
-2.607180118560791
7.82942008972168
-3.135200023651123
7.689899921417236
-3.663209915161133
7.550380229949951
-4.191219806671143
