-15.701899528503418
-6.594429969787598
-15.765999794006348
-6.044459819793701
-15.829999923706055
-5.494500160217285
-15.894100189208984
-4.944530010223389
-15.958100318908691
-4.3945698738098145
-16.022199630737305
-3.844599962234497
-16.086200714111328
-3.294640064239502
-16.150299072265625
-2.7446799278259277
-16.21430015563965
-2.1947100162506104
-16.278400421142578
-1.6447499990463257
-16.34239959716797
-1.0947799682617188
-16.4064998626709
-0.5448179841041565
-16.470600128173828
0.0051461998373270035
-16.53459930419922
0.555109977722168
-16.59869956970215
1.1050699949264526
-16.662700653076172
1.6550400257110596
-16.7268009185791
2.2049999237060547
-16.790800094604492
2.754970073699951
-16.854900360107422
3.3049299716949463
-16.918899536132812
3.8548998832702637
-16.982999801635742
4.404860019683838
-17.047000885009766
4.954820156097412
-17.111099243164062
5.50478982925415
-17.175100326538086
6.054749965667725
-17.239200592041016
6.604720115661621
-17.303199768066406
7.154679775238037
-17.367300033569336
7.704649925231934
-17.431299209594727
8.254610061645508
-17.495399475097656
8.804570198059082
-17.55940055847168
9.35453987121582
-17.62350082397461
9.904500007629395
-17.6875
10.454500198364258
-17.75160026550293
11.004400253295898
-17.81559944152832
11.554400444030762
-17.87969970703125
12.104399681091309
-17.943700790405273
12.65429973602295
-18.00779914855957
13.204299926757812
-18.071800231933594
13.754300117492676
-18.135900497436523
14.304200172424316
-18.199899673461914
14.85420036315918
-18.263999938964844
15.40410041809082
-18.327999114990234
15.954099655151367
-18.392099380493164
16.504100799560547
