-4.038290023803711
17.44580078125
-3.573390007019043
17.164400100708008
-3.108489990234375
16.883100509643555
-2.643589973449707
16.6018009185791
-2.1786999702453613
16.32040023803711
-1.7137999534606934
16.039100646972656
-1.248900055885315
15.757699966430664
-0.7840030193328857
15.476400375366211
-0.31910601258277893
15.195099830627441
0.14579200744628906
14.913700103759766
0.6106889843940735
14.632399559020996
1.0755900144577026
14.35099983215332
1.5404800176620483
14.069700241088867
2.0053799152374268
13.788299560546875
2.4702799320220947
13.506999969482422
2.9351799488067627
13.225700378417969
3.4000699520111084
12.944299697875977
3.8649699687957764
12.663000106811523
4.329870223999023
12.381600379943848
4.794769763946533
12.100299835205078
