3.600670099258423
-2.7029900550842285
3.944700002670288
-2.2695701122283936
4.288730144500732
-1.8361400365829468
4.632750034332275
-1.4027199745178223
4.976779937744141
-0.9692959785461426
5.320799827575684
-0.5358719825744629
5.664830207824707
-0.10244899988174438
6.008860111236572
0.3309749960899353
6.352880001068115
0.764398992061615
6.6969099044799805
1.1978199481964111
7.040929794311523
1.631250023841858
7.384960174560547
2.0646700859069824
7.728990077972412
2.4980900287628174
8.073010444641113
2.9315199851989746
8.41703987121582
3.3649399280548096
8.761059761047363
3.798369884490967
9.105090141296387
4.231790065765381
9.449119567871094
4.665209770202637
9.793140411376953
5.098639965057373
10.137200355529785
5.532060146331787
10.481200218200684
5.965479850769043
10.825200080871582
6.398910045623779
11.16919994354248
6.832330226898193
11.513299942016602
7.2657599449157715
11.8572998046875
7.6991801261901855
12.201299667358398
8.132599830627441
12.54539966583252
8.56602954864502
12.889399528503418
8.999449729919434
13.233400344848633
9.432880401611328
13.577400207519531
9.866299629211426
13.921500205993652
10.299699783325195
14.26550006866455
10.733099937438965
14.60949993133545
11.166600227355957
14.953499794006348
11.600000381469727
15.297599792480469
12.03339958190918
15.641599655151367
12.46679973602295
15.985600471496582
12.900300025939941
16.329599380493164
13.333700180053711
16.6737003326416
13.76710033416748
17.0177001953125
14.200499534606934
17.3617000579834
14.633999824523926
17.705699920654297
15.067399978637695
