-14.019000053405762
-11.429400444030762
-13.495699882507324
-11.242500305175781
-12.972399711608887
-11.0556001663208
-12.44909954071045
-10.86870002746582
-11.925700187683105
-10.681699752807617
-11.402400016784668
-10.494799613952637
-10.87909984588623
-10.307900428771973
-10.35569953918457
-10.121000289916992
-9.832409858703613
-9.934109687805176
-9.309080123901367
-9.747200012207031
-8.785759925842285
-9.560290336608887
-8.262430191040039
-9.373379707336426
-7.739099979400635
-9.186470031738281
-7.2157697677612305
-8.9995698928833
-6.692440032958984
-8.812660217285156
-6.16910982131958
-8.625749588012695
-5.645780086517334
-8.43883991241455
-5.12244987487793
-8.251930236816406
-4.599120140075684
-8.065019607543945
-4.075789928436279
-7.878109931945801
-3.552459955215454
-7.691199779510498
-3.029129981994629
-7.5042901039123535
-2.5058000087738037
-7.317379951477051
-1.9824700355529785
-7.130469799041748
-1.4591399431228638
-6.9435601234436035
-0.9358149766921997
-6.756659984588623
-0.4124859869480133
-6.56974983215332
0.1108430027961731
-6.382840156555176
0.6341729760169983
-6.195930004119873
1.1575000286102295
-6.00901985168457
1.6808300018310547
-5.822110176086426
2.20415997505188
-5.635200023651123
2.727489948272705
-5.44828987121582
3.2508199214935303
-5.261380195617676
3.7741498947143555
-5.074470043182373
4.29748010635376
-4.88755989074707
4.820809841156006
-4.700660228729248
5.34414005279541
-4.513750076293945
5.867469787597656
-4.326839923858643
6.3907999992370605
-4.13992977142334
6.914120197296143
-3.9530200958251953
