18.018699645996094
13.134400367736816
17.554399490356445
12.821700096130371
17.090200424194336
12.509099960327148
16.625999450683594
12.196499824523926
16.161699295043945
11.883899688720703
15.697500228881836
11.57129955291748
15.233200073242188
11.258700370788574
14.769000053405762
10.946000099182129
14.304699897766113
10.633399963378906
13.840499877929688
10.320799827575684
13.376299858093262
10.008199691772461
12.911999702453613
9.695590019226074
12.447799682617188
9.382969856262207
11.983499526977539
9.07036018371582
11.51930046081543
8.757740020751953
11.055000305175781
8.445130348205566
10.590800285339355
8.1325101852417
10.12660026550293
7.819900035858154
9.662309646606445
7.507279872894287
9.19806957244873
7.1946702003479
8.733830451965332
6.882050037384033
8.269579887390137
6.569439888000488
7.805339813232422
6.256820201873779
7.341100215911865
5.944210052490234
6.87686014175415
5.631589889526367
6.412610054016113
5.3189802169799805
5.948369979858398
5.006360054016113
5.484129905700684
4.693749904632568
5.0198798179626465
4.381130218505859
4.55564022064209
4.0685200691223145
4.091400146484375
3.7558999061584473
3.62716007232666
3.4432899951934814
3.162909984588623
3.1306700706481934
2.698669910430908
2.818049907684326
2.2344300746917725
2.5054399967193604
1.7701799869537354
2.1928200721740723
1.30594003200531
1.880210041999817
0.8416990041732788
1.5675899982452393
0.37745600938796997
1.2549799680709839
-0.08678670227527618
0.942363977432251
-0.5510290265083313
0.6297490000724792
-1.0152699947357178
0.31713399291038513
-1.4795199632644653
0.004518770147114992
-1.9437600374221802
-0.3080959916114807
-2.4079999923706055
-0.6207110285758972
-2.8722400665283203
-0.9333270192146301
-3.3364899158477783
-1.2459399700164795
-3.800729990005493
-1.5585600137710571
-4.264969825744629
-1.8711700439453125
-4.729219913482666
-2.1837899684906006
-5.193459987640381
-2.4964001178741455
-5.657700061798096
-2.8090200424194336
-6.1219401359558105
-3.1216299533843994
-6.586190223693848
-3.4342501163482666
-7.050429821014404
-3.7468600273132324
-7.514669895172119
-4.0594801902771
-7.978919982910156
-4.372089862823486
-8.443160057067871
-4.6847100257873535
-8.907400131225586
-4.997320175170898
-9.3716402053833
-5.309939861297607
-9.83588981628418
-5.622550010681152
-10.300100326538086
-5.9351701736450195
-10.764399528503418
-6.247779846191406
-11.228599548339844
-6.560400009155273
-11.692899703979492
-6.873010158538818
