7.806719779968262
17.05419921875
7.480350017547607
16.596200942993164
7.153979778289795
16.138099670410156
6.827600002288818
15.680000305175781
6.501229763031006
15.222000122070312
6.174849987030029
14.763899803161621
5.848480224609375
14.305899620056152
5.5221099853515625
13.847800254821777
5.195730209350586
13.389699935913086
4.869359970092773
12.931699752807617
4.542990207672119
12.473600387573242
4.216609954833984
12.01550006866455
3.890239953994751
11.557499885559082
3.5638699531555176
11.09939956665039
3.237489938735962
10.641300201416016
2.9111199378967285
10.183300018310547
2.584739923477173
9.725199699401855
2.2583699226379395
9.26714038848877
1.9320000410079956
8.809069633483887
1.60562002658844
8.3510103225708
1.2792500257492065
7.892940044403076
0.9528759717941284
7.434879779815674
0.6265029907226562
6.976809978485107
0.3001289963722229
6.518750190734863
-0.026244599372148514
6.060679912567139
-0.352618008852005
5.6026201248168945
-0.678991973400116
5.14454984664917
-1.005370020866394
4.686490058898926
-1.3317400217056274
4.228419780731201
-1.6581100225448608
3.770359992980957
-1.9844900369644165
3.3122899532318115
-2.3108599185943604
2.8542299270629883
-2.6372299194335938
2.3961598873138428
-2.9636099338531494
1.938099980354309
-3.289979934692383
1.4800299406051636
-3.616349935531616
1.0219700336456299
-3.942729949951172
0.5639010071754456
-4.269100189208984
0.10583499819040298
-4.595479965209961
-0.3522300124168396
-4.921850204467773
-0.8102949857711792
-5.248219966888428
-1.2683600187301636
-5.5746002197265625
-1.726430058479309
-5.900969982147217
-2.1844899654388428
-6.227340221405029
-2.6425600051879883
-6.553719997406006
-3.1006200313568115
-6.880090236663818
-3.558690071105957
-7.206459999084473
-4.016749858856201
-7.532839775085449
-4.474820137023926
-7.859210014343262
-4.93287992477417
-8.185589790344238
-5.3909502029418945
-8.51196002960205
-5.849009990692139
-8.838330268859863
-6.307079792022705
-9.16471004486084
-6.765140056610107
-9.491080284118652
-7.223209857940674
-9.817449569702148
-7.681270122528076
-10.143799781799316
-8.1393404006958
-10.470199584960938
-8.597399711608887
-10.796600341796875
-9.05547046661377
-11.122900009155273
-9.513529777526855
-11.449299812316895
-9.971599578857422
-11.775699615478516
-10.429699897766113
-12.102100372314453
-10.887700080871582
-12.428400039672852
-11.345800399780273
-12.754799842834473
-11.803899765014648
