-2.144850015640259
10.010199546813965
-1.704990029335022
9.65524959564209
-1.2651400566101074
9.300310134887695
-0.8252800107002258
8.945369720458984
-0.3854239881038666
8.59043025970459
0.05443289875984192
8.235489845275879
0.49428901076316833
7.880549907684326
0.934145987033844
7.525609970092773
1.3739999532699585
7.170670032501221
1.8138600587844849
6.81574010848999
2.2537200450897217
6.4608001708984375
2.6935698986053467
6.105860233306885
3.133430004119873
5.750919818878174
3.5732901096343994
5.395979881286621
4.0131402015686035
5.041039943695068
4.453000068664551
4.686100006103516
4.892849922180176
4.331160068511963
5.332709789276123
3.976219892501831
5.7725701332092285
3.6212799549102783
6.2124199867248535
3.2663400173187256
6.652279853820801
2.911400079727173
7.092140197753906
2.556459903717041
7.531990051269531
2.2015199661254883
7.9718499183654785
1.8465900421142578
8.411709785461426
1.4916499853134155
8.85155963897705
1.1367100477218628
9.291419982910156
0.7817680239677429
9.731280326843262
0.4268290102481842
10.171099662780762
0.07188919931650162
10.611000061035156
-0.283050000667572
11.050800323486328
-0.6379889845848083
11.490699768066406
-0.9929289817810059
11.9306001663208
-1.3478699922561646
12.370400428771973
-1.7028100490570068
12.81029987335205
-2.0577499866485596
13.250100135803223
-2.4126899242401123
13.6899995803833
-2.767620086669922
14.129799842834473
-3.1225600242614746
14.569700241088867
-3.4774999618530273
15.009599685668945
-3.83243989944458
15.449399948120117
-4.187379837036133
15.889300346374512
-4.5423197746276855
