7.656290054321289
7.915319919586182
7.8831400871276855
7.399050235748291
8.109979629516602
6.8827900886535645
8.336830139160156
6.366519927978516
8.563679695129395
5.850259780883789
8.79053020477295
5.334000110626221
9.017379760742188
4.817729949951172
9.244230270385742
4.301469802856445
9.471070289611816
3.785209894180298
9.697919845581055
3.268939971923828
9.92477035522461
2.7526800632476807
10.151599884033203
2.236409902572632
10.378499984741211
1.7201499938964844
10.605299949645996
1.2038899660110474
10.832200050354004
0.6876239776611328
11.059000015258789
0.17136000096797943
11.285900115966797
-0.34490400552749634
11.512700080871582
-0.8611680269241333
11.73960018157959
-1.3774299621582031
11.966400146484375
-1.8937000036239624
12.193300247192383
-2.4099600315093994
12.420100212097168
-2.926219940185547
12.647000312805176
-3.4424901008605957
12.873800277709961
-3.958750009536743
13.100600242614746
-4.475009918212891
13.327500343322754
-4.9912800788879395
13.554300308227539
-5.507540225982666
13.781200408935547
-6.023799896240234
