-13.649700164794922
14.171099662780762
-13.094900131225586
14.268400192260742
-12.540200233459473
14.365699768066406
-11.985400199890137
14.46310043334961
-11.430700302124023
14.560400009155273
-10.875900268554688
14.65779972076416
-10.321200370788574
14.75510025024414
-9.766409873962402
14.852399826049805
-9.211649894714355
14.949799537658691
-8.656900405883789
15.047100067138672
-8.102140426635742
15.144399642944336
-7.547389984130859
15.241800308227539
-6.9926300048828125
15.339099884033203
-6.437880039215088
15.43649959564209
-5.883120059967041
15.53380012512207
-5.328370094299316
15.631099700927734
-4.773620128631592
15.728500366210938
-4.218860149383545
15.825799942016602
-3.664109945297241
15.923100471496582
-3.1093499660491943
16.02050018310547
-2.5546000003814697
16.117799758911133
-1.9998400211334229
16.215099334716797
-1.4450900554656982
16.3125
-0.8903319835662842
16.409799575805664
-0.33557701110839844
16.507200241088867
0.2191780060529709
16.60449981689453
0.7739319801330566
16.701799392700195
1.3286900520324707
16.7992000579834
1.8834400177001953
16.896499633789062
2.438199996948242
16.993799209594727
2.992949962615967
17.09119987487793
3.5477099418640137
17.188499450683594
4.102459907531738
17.285900115966797
4.657219886779785
17.38319969177246
5.21196985244751
17.480499267578125
5.766719818115234
17.577899932861328
6.321479797363281
17.675199508666992
6.876229763031006
17.772499084472656
7.430990219116211
17.86989974975586
7.9857401847839355
17.967199325561523
8.540499687194824
18.064599990844727
9.095250129699707
18.16189956665039
9.650010108947754
18.259199142456055
10.20479965209961
18.356599807739258
10.759499549865723
18.453899383544922
11.314299583435059
18.55120086669922
11.869000434875488
18.64859962463379
12.423800468444824
18.745899200439453
12.978500366210938
18.84320068359375
13.533300399780273
18.94059944152832
14.088000297546387
19.037900924682617
14.642800331115723
19.135299682617188
15.197600364685059
19.23259925842285
15.752300262451172
19.32990074157715
16.307100296020508
19.42729949951172
16.861799240112305
19.524599075317383
17.41659927368164
19.62190055847168
