-3.925110101699829
-10.1983003616333
-4.470049858093262
-10.299400329589844
-5.014999866485596
-10.400400161743164
-5.559939861297607
-10.501399993896484
-6.104889869689941
-10.602399826049805
-6.649829864501953
-10.703399658203125
-7.194779872894287
-10.804400444030762
-7.739719867706299
-10.905400276184082
-8.284669876098633
-11.006400108337402
-8.829609870910645
-11.107399940490723
-9.374560356140137
-11.208399772644043
-9.919500350952148
-11.309399604797363
-10.464400291442871
-11.410400390625
-11.009400367736816
-11.51140022277832
-11.554300308227539
-11.61240005493164
-12.099300384521484
-11.713399887084961
-12.644200325012207
-11.814399719238281
-13.189200401306152
-11.915399551391602
-13.734100341796875
-12.016400337219238
-14.27910041809082
-12.117400169372559
-14.824000358581543
-12.218400001525879
-15.369000434875488
-12.3193998336792
-15.913900375366211
-12.42039966583252
-16.458799362182617
-12.521400451660156
