-14.439399719238281
-3.240959882736206
-13.970999717712402
-2.9377601146698
-13.502599716186523
-2.634550094604492
-13.034099578857422
-2.331350088119507
-12.565699577331543
-2.0281500816345215
-12.097299575805664
-1.7249399423599243
-11.628800392150879
-1.4217400550842285
-11.160400390625
-1.118530035018921
-10.691900253295898
-0.8153250217437744
-10.22350025177002
-0.5121200084686279
-9.755069732666016
-0.20891499519348145
-9.286629676818848
0.09428960084915161
-8.81820011138916
0.39749500155448914
-8.349760055541992
0.700698971748352
-7.881319999694824
1.0039000511169434
-7.412879943847656
1.3071099519729614
-6.9444499015808105
1.6103099584579468
-6.476009845733643
1.9135199785232544
-6.007569789886475
2.2167201042175293
-5.539140224456787
2.519929885864258
-5.070700168609619
2.823129892349243
-4.602260112762451
3.126339912414551
-4.1338300704956055
3.429539918899536
-3.6653900146484375
3.7327499389648438
-3.1969499588012695
4.035950183868408
-2.7285099029541016
4.339159965515137
-2.260080099105835
4.642360210418701
-1.791640043258667
4.94556999206543
-1.323199987411499
5.248770236968994
-0.8547670245170593
5.551980018615723
-0.3863300085067749
5.855179786682129
0.08210740238428116
6.158390045166016
0.550544023513794
6.461589813232422
1.0189800262451172
6.764800071716309
1.4874199628829956
7.067999839782715
1.9558600187301636
7.371210098266602
2.4242899417877197
7.674409866333008
2.8927299976348877
7.9776201248168945
3.3611700534820557
8.2808198928833
3.8296000957489014
8.584030151367188
4.29803991317749
8.887229919433594
4.766479969024658
9.19044017791748
5.234910011291504
9.493639945983887
5.703350067138672
9.796850204467773
6.17179012298584
10.100099563598633
6.640230178833008
10.403300285339355
7.1086602210998535
10.706500053405762
7.577099800109863
11.009699821472168
8.045539855957031
11.312899589538574
8.513970375061035
11.616100311279297
8.982410430908203
11.919300079345703
9.450849533081055
12.22249984741211
9.919280052185059
12.525699615478516
10.387700080871582
12.828900337219238
10.856200218200684
13.132100105285645
11.324600219726562
13.43529987335205
11.793000221252441
13.738499641418457
12.261500358581543
14.04170036315918
12.729900360107422
14.344900131225586
13.1983003616333
14.648099899291992
13.666799545288086
14.951299667358398
14.135199546813965
15.254500389099121
14.603699684143066
15.557700157165527
15.072099685668945
15.860899925231934
15.540499687194824
16.164199829101562
16.009000778198242
16.46739959716797
16.477399826049805
16.770599365234375
16.94580078125
17.07379913330078
17.4143009185791
17.37700080871582
17.882699966430664
17.680200576782227
18.351200103759766
17.983400344848633
