-16.011899948120117
-15.824600219726562
-15.587800025939941
-15.465900421142578
-15.163700103759766
-15.107199668884277
-14.73960018157959
-14.748499870300293
-14.315400123596191
-14.389800071716309
-13.891300201416016
-14.031100273132324
-13.46720027923584
-13.67240047454834
-13.043100357055664
-13.313699722290039
-12.619000434875488
-12.954899787902832
-12.194899559020996
-12.596199989318848
-11.770700454711914
-12.237500190734863
-11.346599578857422
-11.878800392150879
-10.922499656677246
-11.520099639892578
-10.49839973449707
-11.161399841308594
-10.074299812316895
-10.80270004272461
-9.65017032623291
-10.444000244140625
-9.22605037689209
-10.08530044555664
-8.801939964294434
-9.726550102233887
-8.377820014953613
-9.367830276489258
-7.953710079193115
-9.009119987487793
-7.529590129852295
-8.650409698486328
-7.105480194091797
-8.29170036315918
-6.681359767913818
-7.932990074157715
-6.25724983215332
-7.57427978515625
-5.8331298828125
-7.215569972991943
-5.40900993347168
-6.8568501472473145
-4.984899997711182
-6.49813985824585
-4.560780048370361
-6.139430046081543
-4.136670112609863
-5.780720233917236
-3.712549924850464
-5.4220099449157715
-3.288439989089966
-5.063300132751465
-2.8643200397491455
-4.704579830169678
-2.4402101039886475
-4.345870018005371
-2.016089916229248
-3.9871599674224854
-1.59197998046875
-3.6284499168395996
