-16.16320037841797
-8.58821964263916
-15.607399940490723
-8.57783031463623
-15.051600456237793
-8.567440032958984
-14.495800018310547
-8.557049751281738
-13.9399995803833
-8.546660423278809
-13.384200096130371
-8.536270141601562
-12.828499794006348
-8.525879859924316
-12.272700309753418
-8.51548957824707
-11.716899871826172
-8.50510025024414
-11.161100387573242
-8.494709968566895
-10.605299949645996
-8.484319686889648
-10.049500465393066
-8.473930358886719
-9.493670463562012
-8.463540077209473
-8.93787956237793
-8.453149795532227
-8.382080078125
-8.442760467529297
-7.826280117034912
-8.43237018585205
-7.2704901695251465
-8.421979904174805
-6.714690208435059
-8.411589622497559
-6.1588897705078125
-8.401200294494629
-5.603099822998047
-8.390810012817383
-5.047299861907959
-8.380419731140137
-4.491499900817871
-8.370030403137207
-3.9357099533081055
-8.359640121459961
-3.3799099922180176
-8.349249839782715
-2.8241100311279297
-8.338859558105469
-2.268320083618164
-8.328470230102539
-1.7125200033187866
-8.318079948425293
-1.1567200422286987
-8.307689666748047
-0.6009259819984436
-8.297300338745117
-0.04512939974665642
-8.286910057067871
0.5106670260429382
-8.276519775390625
1.0664600133895874
-8.266130447387695
1.6222599744796753
-8.25574016571045
2.1780600547790527
-8.245349884033203
2.7338500022888184
-8.234959602355957
3.2896499633789062
-8.224570274353027
3.845449924468994
-8.214179992675781
4.40123987197876
-8.203789710998535
4.957039833068848
-8.193400382995605
5.5128397941589355
-8.18301010131836
6.068630218505859
-8.172619819641113
6.624430179595947
-8.162229537963867
7.180230140686035
-8.151840209960938
7.736020088195801
-8.141449928283691
8.29181957244873
-8.131059646606445
8.847620010375977
-8.120670318603516
9.403409957885742
-8.11028003692627
