16.31559944152832
0.6541290283203125
15.860799789428711
0.9841740131378174
15.405900001525879
1.3142199516296387
14.95110034942627
1.644260048866272
14.496299743652344
1.974310040473938
14.041500091552734
2.304349899291992
13.586600303649902
2.634399890899658
13.131799697875977
2.964440107345581
12.677000045776367
3.294490098953247
12.222100257873535
3.624530076980591
11.76729965209961
3.954580068588257
11.3125
4.2846198081970215
10.857600212097168
4.6146697998046875
10.402799606323242
4.944709777832031
9.947959899902344
5.274759769439697
9.49312973022461
5.604800224304199
9.038299560546875
5.934850215911865
8.583470344543457
6.264890193939209
8.128640174865723
6.594940185546875
7.673799991607666
6.924980163574219
7.218969821929932
7.255030155181885
6.7641401290893555
7.5850701332092285
6.309309959411621
7.9151201248168945
5.854479789733887
8.245160102844238
5.399640083312988
8.575209617614746
4.944809913635254
8.90524959564209
4.489980220794678
9.235300064086914
4.035150051116943
9.565340042114258
3.580319881439209
9.895389556884766
3.1254799365997314
10.2253999710083
2.670650005340576
10.555500030517578
2.215820074081421
10.885499954223633
1.760990023612976
11.21560001373291
1.3061599731445312
11.545599937438965
0.8513240218162537
11.875699996948242
0.39649200439453125
12.205699920654297
-0.058340199291706085
12.535699844360352
-0.5131719708442688
12.865799903869629
-0.9680039882659912
13.195799827575684
-1.4228399991989136
13.525899887084961
-1.8776700496673584
13.855899810791016
-2.3324999809265137
14.185999870300293
-2.787329912185669
14.515999794006348
-3.2421600818634033
14.846099853515625
-3.697000026702881
15.17609977722168
-4.151830196380615
15.506099700927734
-4.606659889221191
15.836199760437012
-5.061490058898926
16.166200637817383
-5.51632022857666
16.496299743652344
-5.971159934997559
16.8262996673584
-6.425990104675293
17.156400680541992
-6.880819797515869
17.486400604248047
-7.3356499671936035
17.816499710083008
-7.790480136871338
18.146499633789062
-8.245320320129395
18.476600646972656
-8.700149536132812
18.80660057067871
-9.154979705810547
19.136600494384766
