-18.77079963684082
4.5293498039245605
-18.268199920654297
4.273970127105713
-17.76569938659668
4.018599987030029
-17.263099670410156
3.763230085372925
-16.760499954223633
3.507849931716919
-16.25790023803711
3.2524800300598145
-15.75529956817627
2.9971001148223877
-15.252699851989746
2.741729974746704
-14.750100135803223
2.4863600730895996
-14.247599601745605
2.2309799194335938
-13.744999885559082
1.9756100177764893
-13.242400169372559
1.7202399969100952
-12.739800453186035
1.464859962463379
-12.237199783325195
1.2094899415969849
-11.734600067138672
0.9541149735450745
-11.232099533081055
0.6987410187721252
-10.729499816894531
0.44336700439453125
-10.226900100708008
0.18799400329589844
-9.724300384521484
-0.06738010048866272
-9.221719741821289
-0.32275399565696716
-8.71914005279541
-0.5781279802322388
-8.21654987335205
-0.8335009813308716
-7.713970184326172
-1.0888700485229492
-7.2113800048828125
-1.344249963760376
-6.708799839019775
-1.59961998462677
-6.2062201499938965
-1.8550000190734863
-5.703629970550537
-2.110369920730591
-5.2010498046875
-2.3657400608062744
-4.698460102081299
-2.621119976043701
-4.195879936218262
-2.8764901161193848
-3.6933000087738037
-3.1318600177764893
-3.1907100677490234
-3.387239933013916
-2.6881299018859863
-3.6426100730895996
-2.185539960861206
-3.8979899883270264
-1.682960033416748
-4.153359889984131
-1.1803699731826782
-4.4087300300598145
-0.6777909994125366
-4.66411018371582
-0.1752060055732727
-4.919479846954346
0.3273780047893524
-5.174849987030029
0.8299620151519775
-5.430230140686035
1.332550048828125
-5.6855998039245605
1.835129976272583
-5.940979957580566
2.337709903717041
-6.19635009765625
2.8403000831604004
-6.451720237731934
3.3428800106048584
-6.707099914550781
3.8454699516296387
-6.962470054626465
4.348050117492676
-7.217840194702148
4.850629806518555
-7.473219871520996
5.353219985961914
-7.72859001159668
5.855800151824951
-7.983960151672363
6.358389854431152
-8.239339828491211
6.8609700202941895
-8.494709968566895
7.363560199737549
-8.750089645385742
7.866139888763428
-9.005459785461426
8.368720054626465
-9.26082992553711
8.871310234069824
-9.516209602355957
9.373889923095703
-9.77157974243164
9.876480102539062
-10.027000427246094
10.37909984588623
-10.282299995422363
10.881600379943848
-10.537699699401855
11.384200096130371
-10.793100357055664
11.886799812316895
-11.048399925231934
12.389399528503418
-11.303799629211426
12.892000198364258
-11.559200286865234
13.394599914550781
-11.814599990844727
13.897100448608398
-12.069899559020996
14.399700164794922
-12.325300216674805
