19.79680061340332
4.217199802398682
19.79319953918457
3.674109935760498
19.78969955444336
3.131010055541992
19.786100387573242
2.5879199504852295
19.78260040283203
2.044830083847046
19.77910041809082
1.5017399787902832
19.77549934387207
0.9586430191993713
19.77199935913086
0.41554901003837585
19.768400192260742
-0.12754400074481964
19.76490020751953
-0.6706370115280151
19.76140022277832
-1.213729977607727
19.75779914855957
-1.7568199634552002
19.75429916381836
-2.299920082092285
19.750699996948242
-2.8430099487304688
19.74720001220703
-3.3861000537872314
19.743600845336914
-3.9291999340057373
19.740100860595703
-4.4722900390625
19.736600875854492
-5.015379905700684
19.732999801635742
-5.558469772338867
19.72949981689453
-6.101570129394531
19.725900650024414
-6.644659996032715
19.722400665283203
-7.187749862670898
