1.3732600212097168
2.372220039367676
0.9387689828872681
2.041249990463257
0.5042819976806641
1.7102899551391602
0.06979469954967499
1.379330039024353
-0.3646929860115051
1.0483700037002563
-0.7991799712181091
0.717411994934082
-1.2336699962615967
0.38645100593566895
-1.6681499481201172
0.05548999831080437
-2.10263991355896
-0.2754710018634796
-2.537130117416382
-0.6064310073852539
-2.9716200828552246
-0.937391996383667
-3.406100034713745
-1.2683500051498413
-3.840590000152588
-1.599310040473938
-4.27508020401001
-1.9302699565887451
-4.709569931030273
-2.261240005493164
-5.144050121307373
-2.5922000408172607
-5.578539848327637
-2.9231600761413574
-6.013030052185059
-3.254120111465454
-6.447519779205322
-3.5850799083709717
-6.881999969482422
-3.9160399436950684
