9.848710060119629
18.90559959411621
9.304450035095215
18.78820037841797
8.760199546813965
18.670700073242188
8.215940475463867
18.553199768066406
7.671679973602295
18.435800552368164
7.127419948577881
18.318300247192383
6.583169937133789
18.2007999420166
6.038909912109375
18.08329963684082
5.494649887084961
17.965900421142578
4.950399875640869
17.848400115966797
4.406139850616455
17.730899810791016
3.86188006401062
17.613399505615234
3.3176300525665283
17.496000289916992
2.7733700275421143
17.37849998474121
2.2291100025177
17.26099967956543
1.6848599910736084
17.143600463867188
1.1405999660491943
17.026100158691406
0.5963429808616638
16.908599853515625
0.05208570137619972
16.791099548339844
-0.4921709895133972
16.6737003326416
-1.03643000125885
16.55620002746582
-1.580680012702942
16.43869972229004
-2.1249399185180664
16.321199417114258
-2.6691999435424805
16.203800201416016
-3.2134599685668945
16.086299896240234
-3.7577099800109863
15.968799591064453
-4.3019700050354
15.851400375366211
-4.8462300300598145
15.73390007019043
-5.390480041503906
15.616399765014648
-5.93474006652832
15.498900413513184
-6.479000091552734
15.381500244140625
-7.023250102996826
15.263999938964844
-7.56751012802124
15.146499633789062
-8.111769676208496
15.029000282287598
-8.656020164489746
14.911600112915039
-9.20028018951416
14.794099807739258
-9.744540214538574
14.676600456237793
-10.288800239562988
14.559100151062012
-10.833100318908691
14.441699981689453
-11.377300262451172
14.324199676513672
-11.921600341796875
14.206700325012207
-12.465800285339355
14.089300155639648
-13.010100364685059
13.971799850463867
-13.554300308227539
13.854299545288086
-14.098600387573242
13.736800193786621
-14.642800331115723
13.619400024414062
-15.187100410461426
13.501899719238281
-15.731399536132812
13.384400367736816
-16.27560043334961
13.266900062561035
-16.819900512695312
13.149499893188477
-17.364099502563477
13.031999588012695
-17.90839958190918
12.91450023651123
-18.452600479125977
12.797100067138672
