-13.751299858093262
-4.996950149536133
-13.255800247192383
-5.211870193481445
-12.76039981842041
-5.426790237426758
-12.264900207519531
-5.641709804534912
-11.769399642944336
-5.856619834899902
-11.273900032043457
-6.071539878845215
-10.778400421142578
-6.286459922790527
-10.26449966430664
-6.5206298828125
-9.750590324401855
-6.754799842834473
-9.236680030822754
-6.988969802856445
-8.722769737243652
-7.223139762878418
-8.208860397338867
-7.457310199737549
-7.694950103759766
-7.6914801597595215
-7.181039810180664
-7.925650119781494
-6.667129993438721
-8.159819602966309
-6.153220176696777
-8.393989562988281
-5.639309883117676
-8.62816047668457
-5.125400066375732
-8.862330436706543
-4.611489772796631
-9.096500396728516
-4.0975799560546875
-9.330670356750488
-3.583669900894165
-9.564840316772461
-3.0697600841522217
-9.799010276794434
-2.555840015411377
-10.03320026397705
-2.0419299602508545
-10.26729965209961
-1.5280200242996216
-10.501500129699707
-1.0141099691390991
-10.735699653625488
-0.5002020001411438
-10.969900131225586
0.013708899728953838
-11.204000473022461
0.5276200175285339
-11.438199996948242
1.0415300130844116
-11.67240047454834
1.5554399490356445
-11.906499862670898
2.069350004196167
-12.140700340270996
2.5832600593566895
-12.374899864196777
3.097170114517212
-12.609000205993652
3.6110799312591553
-12.843199729919434
4.124989986419678
-13.077400207519531
4.638909816741943
-13.31149959564209
5.152820110321045
-13.545700073242188
5.666729927062988
-13.779899597167969
