1.061900019645691
16.908599853515625
0.9580900073051453
16.362199783325195
0.8542799949645996
15.815699577331543
0.7504709959030151
15.26930046081543
0.6466609835624695
14.722800254821777
0.542851984500885
14.176400184631348
0.43904200196266174
13.629899978637695
0.33523300290107727
13.083399772644043
0.2314230054616928
12.536999702453613
0.12761400640010834
11.990500450134277
0.02380399964749813
11.444100379943848
-0.08000549674034119
10.897600173950195
-0.18381500244140625
10.351099967956543
-0.2876250147819519
9.80469036102295
-0.3914340138435364
9.258230209350586
-0.49524399638175964
8.711770057678223
-0.5990530252456665
8.16530990600586
-0.7028629779815674
7.618850231170654
-0.8066719770431519
7.072400093078613
-0.9104819893836975
6.52593994140625
-1.0142899751663208
5.979479789733887
-1.1181000471115112
5.433020114898682
-1.221909999847412
4.886559963226318
-1.325719952583313
4.340099811553955
-1.4295300245285034
3.793639898300171
-1.5333399772644043
3.247189998626709
-1.6371500492095947
2.700730085372925
-1.7409600019454956
2.1542699337005615
-1.8447699546813965
1.6078100204467773
-1.948580026626587
1.0613499879837036
-2.0523900985717773
0.5148929953575134
-2.1561999320983887
-0.03156540170311928
-2.260010004043579
-0.5780240297317505
-2.3638100624084473
-1.1244800090789795
-2.4676198959350586
-1.6709400415420532
