-14.387800216674805
3.4058399200439453
-13.852499961853027
3.3402199745178223
-13.317099571228027
3.274590015411377
-12.781800270080566
3.208970069885254
-12.246500015258789
3.1433498859405518
-11.711099624633789
3.0777299404144287
-11.175800323486328
3.0120999813079834
-10.640399932861328
2.9464800357818604
-10.10509967803955
2.8808600902557373
-9.5697603225708
2.815229892730713
-9.01006031036377
2.801110029220581
-8.450349807739258
2.786979913711548
-7.890649795532227
2.772860050201416
-7.330949783325195
2.758729934692383
-6.771249771118164
2.744610071182251
-6.211550235748291
2.7304799556732178
-5.6518402099609375
2.716360092163086
-5.092140197753906
2.7022299766540527
-4.532440185546875
2.688110113143921
-3.9727399349212646
2.6739799976348877
-3.4130399227142334
2.6598598957061768
-2.853339910507202
2.6457300186157227
-2.2936298847198486
2.6316099166870117
-1.733929991722107
2.6174800395965576
-1.1742299795150757
2.6033599376678467
-0.614529013633728
2.5892300605773926
-0.0548275001347065
2.5751099586486816
0.5048739910125732
2.5609800815582275
1.064579963684082
2.5468599796295166
1.6242799758911133
2.5327301025390625
2.1839799880981445
2.5186100006103516
2.743680000305176
2.5044798851013184
3.303380012512207
2.4903500080108643
3.8630800247192383
2.4762299060821533
4.422790050506592
2.462100028991699
4.982490062713623
2.4479799270629883
5.542190074920654
2.433850049972534
6.1018900871276855
2.4197299480438232
6.661590099334717
2.405600070953369
7.221290111541748
2.391479969024658
7.781000137329102
2.377350091934204
8.340700149536133
2.363229990005493
8.900400161743164
2.349100112915039
9.460100173950195
2.334980010986328
10.019800186157227
2.320849895477295
10.579500198364258
2.306730031967163
11.139200210571289
2.29259991645813
11.69890022277832
2.278480052947998
12.258600234985352
2.264349937438965
12.818300247192383
2.250230073928833
13.378000259399414
2.2360999584198
13.937700271606445
2.221980094909668
14.497400283813477
2.2078499794006348
15.057100296020508
2.193730115890503
15.616800308227539
2.1796000003814697
16.17650032043457
2.165479898452759
16.7362003326416
2.1513500213623047
17.295900344848633
2.1372299194335938
17.855600357055664
2.1231000423431396
18.415300369262695
2.1089799404144287
18.975000381469727
2.0948500633239746
