-3.8208301067352295
-8.891169548034668
-4.123779773712158
-9.3360595703125
-4.426720142364502
-9.780949592590332
-4.72967004776001
-10.225799560546875
-5.032619953155518
-10.670700073242188
-5.335569858551025
-11.115599632263184
-5.638510227203369
-11.560500144958496
-5.941460132598877
-12.005399703979492
-6.244410037994385
-12.450300216674805
-6.54734992980957
-12.8951997756958
-6.850299835205078
-13.340100288391113
-7.153250217437744
-13.784899711608887
-7.45619010925293
-14.2298002243042
-7.7591400146484375
-14.674699783325195
-8.062089920043945
-15.119600296020508
-8.365030288696289
-15.564499855041504
-8.667980194091797
-16.0093994140625
