-14.954899787902832
2.3601200580596924
-14.445199966430664
2.595479965209961
-13.935500144958496
2.8308498859405518
-13.425800323486328
3.0662200450897217
-12.916099548339844
3.3015899658203125
-12.406399726867676
3.53695011138916
-11.89680004119873
3.772320032119751
-11.387100219726562
4.007689952850342
-10.877400398254395
4.243060111999512
-10.36769962310791
4.478419780731201
-9.857999801635742
4.713789939880371
-9.348310470581055
4.949160099029541
-8.838629722595215
5.1845197677612305
-8.328940391540527
5.4198899269104
-7.819250106811523
5.65526008605957
-7.3095598220825195
5.890629768371582
-6.799880027770996
6.12598991394043
-6.29019021987915
6.3613600730896
-5.7804999351501465
6.5967302322387695
-5.270810127258301
6.832099914550781
-4.761129856109619
7.067460060119629
-4.251440048217773
7.302830219268799
-3.7417500019073486
7.5381999015808105
-3.232069969177246
7.773560047149658
-2.7223799228668213
8.008930206298828
-2.2126901149749756
8.24429988861084
-1.7029999494552612
8.479669570922852
-1.1933200359344482
8.7150297164917
-0.6836289763450623
8.950400352478027
-0.17394199967384338
9.185770034790039
0.33574599027633667
9.42113971710205
0.8454329967498779
9.656499862670898
1.3551199436187744
9.89186954498291
1.8648099899291992
10.12720012664795
2.374500036239624
10.362600326538086
2.8841800689697266
10.597999572753906
3.3938701152801514
10.83329963684082
3.903559923171997
11.068699836730957
4.4132399559021
11.304100036621094
4.922929763793945
11.539400100708008
5.432620048522949
11.774800300598145
5.942309856414795
12.010199546813965
6.451990127563477
12.245499610900879
6.961679935455322
12.480899810791016
7.471370220184326
12.716300010681152
7.981060028076172
12.951600074768066
8.490739822387695
13.187000274658203
9.0004301071167
13.42240047454834
9.510120391845703
13.657699584960938
10.019800186157227
13.893099784851074
10.529500007629395
14.128499984741211
11.039199829101562
14.363800048828125
11.54889965057373
14.599200248718262
12.058600425720215
14.834600448608398
12.56820011138916
15.069999694824219
13.077899932861328
15.305299758911133
13.587599754333496
15.54069995880127
14.097299575805664
15.776100158691406
14.607000350952148
16.01140022277832
15.116700172424316
16.24679946899414
