3.5518999099731445
17.997499465942383
2.991960048675537
17.92889976501465
2.4320199489593506
17.860200881958008
1.8720799684524536
17.79159927368164
1.3121299743652344
17.722999572753906
0.7521910071372986
17.654399871826172
0.19224900007247925
17.585800170898438
-0.3676930069923401
17.517099380493164
-0.9276360273361206
17.44849967956543
-1.4875799417495728
17.379899978637695
-2.0475199222564697
17.31130027770996
-2.6074600219726562
17.242599487304688
-3.1673998832702637
17.173999786376953
-3.7273499965667725
17.10540008544922
-4.287290096282959
17.036800384521484
-4.847229957580566
16.96820068359375
-5.407169818878174
16.899499893188477
-5.967120170593262
16.830900192260742
-6.527060031890869
16.762300491333008
-7.086999893188477
16.693700790405273
-7.646940231323242
16.625
-8.206890106201172
16.556400299072266
-8.766830444335938
16.48780059814453
-9.326769828796387
16.419200897216797
-9.886710166931152
16.35059928894043
-10.446700096130371
16.28190040588379
-11.006600379943848
16.213300704956055
-11.566499710083008
16.144699096679688
-12.126500129699707
16.076099395751953
-12.686400413513184
16.007400512695312
-13.246399879455566
15.938799858093262
-13.806300163269043
15.870200157165527
-14.366299629211426
15.801600456237793
-14.926199913024902
15.732999801635742
-15.486100196838379
15.664299964904785
-16.046100616455078
15.59570026397705
-16.606000900268555
15.527099609375
