-3.3324100971221924
-3.824079990386963
-2.9338200092315674
-3.4249699115753174
-2.5352299213409424
-3.025860071182251
-2.1366400718688965
-2.626739978790283
-1.7380499839782715
-2.2276298999786377
-1.339460015296936
-1.8285200595855713
-0.9408649802207947
-1.4293999671936035
-0.542273998260498
-1.0302900075912476
-0.14368300139904022
-0.6311759948730469
0.25247400999069214
-0.23269499838352203
0.6486309766769409
0.1657869964838028
1.0447900295257568
0.5642679929733276
1.440940022468567
0.9627500176429749
1.8371000289916992
1.3612300157546997
2.233259916305542
1.7597099542617798
2.6294100284576416
2.1581900119781494
3.0255699157714844
2.5566799640655518
3.4217300415039062
2.955159902572632
3.8178799152374268
3.353640079498291
4.2140398025512695
3.752120018005371
4.610199928283691
4.150599956512451
5.006350040435791
4.549079895019531
5.402510166168213
4.947559833526611
5.798669815063477
5.346049785614014
6.194819927215576
5.744530200958252
