-13.168399810791016
-11.59570026397705
-12.749300003051758
-11.225099563598633
-12.330300331115723
-10.854499816894531
-11.911299705505371
-10.48390007019043
-11.492300033569336
-10.113300323486328
-11.0733003616333
-9.74275016784668
-10.65429973602295
-9.372159957885742
-10.235300064086914
-9.001580238342285
-9.81626033782959
-8.630990028381348
-9.397250175476074
-8.26039981842041
-8.978240013122559
-7.889810085296631
-8.559229850769043
-7.519229888916016
-8.140219688415527
-7.148640155792236
-7.721199989318848
-6.778049945831299
-7.302189826965332
-6.407470226287842
-6.883180141448975
-6.036880016326904
-6.464169979095459
-5.666289806365967
-6.045149803161621
-5.29571008682251
-5.626140117645264
-4.925119876861572
-5.207129955291748
-4.554530143737793
-4.788119792938232
-4.183949947357178
-4.369110107421875
-3.8133599758148193
-3.950089931488037
-3.442770004272461
-3.5310800075531006
-3.072190046310425
-3.112070083618164
-2.7016000747680664
-2.6930599212646484
-2.331010103225708
-2.274049997329712
-1.9604300260543823
-1.8550299406051636
-1.589840054512024
-1.436020016670227
-1.219249963760376
-1.017009973526001
-0.8486649990081787
-0.5979970097541809
-0.4780789911746979
-0.17898499965667725
-0.10749199986457825
0.2400279939174652
0.2630949914455414
0.6590399742126465
0.6336820125579834
1.0780500173568726
1.0042699575424194
1.497059941291809
1.3748600482940674
1.9160799980163574
1.7454400062561035
2.335089921951294
2.116029977798462
2.7541000843048096
2.4866199493408203
3.173110008239746
2.8571999073028564
3.5921199321746826
3.227790117263794
4.011139869689941
3.5983800888061523
4.430150032043457
3.9689600467681885
4.849160194396973
4.339550018310547
5.26816987991333
4.710140228271484
5.687190055847168
5.080719947814941
6.106200218200684
5.451310157775879
6.525209903717041
5.821899890899658
6.944220066070557
6.192480087280273
7.363230228424072
6.563069820404053
7.782249927520752
6.93366003036499
8.20125961303711
7.3042402267456055
8.620269775390625
7.674829959869385
9.03927993774414
8.045419692993164
9.45829963684082
8.416009902954102
9.877309799194336
8.786589622497559
10.296299934387207
9.157179832458496
10.715299606323242
9.527770042419434
11.134300231933594
9.89834976196289
11.553400039672852
10.268899917602539
11.972399711608887
10.63949966430664
