-9.870650291442871
-16.551700592041016
-9.69452953338623
-16.015899658203125
-9.518400192260742
-15.48009967803955
-9.342280387878418
-14.944299697875977
-9.166159629821777
-14.408499717712402
-8.990030288696289
-13.872699737548828
-8.813909530639648
-13.336899757385254
-8.637789726257324
-12.800999641418457
-8.461669921875
-12.265199661254883
-8.285539627075195
-11.729399681091309
-8.109419822692871
-11.193599700927734
-7.933300018310547
-10.65779972076416
-7.7571702003479
-10.121999740600586
-7.581049919128418
-9.586159706115723
-7.404930114746094
-9.050339698791504
-7.228799819946289
-8.514530181884766
-7.052680015563965
-7.978720188140869
-6.876560211181641
-7.44290018081665
-6.700429916381836
-6.907090187072754
-6.524310111999512
-6.371270179748535
-6.348189830780029
-5.835460186004639
-6.172070026397705
-5.299650192260742
-5.995940208435059
-4.763830184936523
-5.819819927215576
-4.228020191192627
-5.643700122833252
-3.6922099590301514
-5.467569828033447
-3.1563899517059326
-5.291450023651123
-2.620579957962036
-5.115330219268799
-2.0847599506378174
-4.939199924468994
-1.548949956893921
-4.76308012008667
-1.0131399631500244
-4.5869598388671875
-0.4773220121860504
-4.410840034484863
0.05849179998040199
-4.234710216522217
0.5943059921264648
-4.058589935302734
1.130120038986206
-3.882469892501831
1.6659300327301025
-3.7063400745391846
2.2017500400543213
-3.5302200317382812
2.7375600337982178
-3.354099988937378
3.2733800411224365
-3.1779699325561523
3.809190034866333
-3.001849889755249
4.34499979019165
-2.825730085372925
4.880819797515869
-2.6496100425720215
5.416629791259766
-2.473479986190796
5.952439785003662
-2.2973599433898926
6.488259792327881
-2.1212399005889893
7.024069786071777
-1.9451099634170532
7.559889793395996
-1.7689900398254395
8.09570026397705
-1.5928699970245361
8.631509780883789
-1.4167399406433105
9.167329788208008
-1.2406200170516968
9.703140258789062
-1.0644999742507935
10.23900032043457
-0.8883749842643738
10.774800300598145
-0.7122520208358765
11.310600280761719
-0.5361289978027344
11.846400260925293
-0.3600060045719147
12.382200241088867
-0.18388299643993378
12.918000221252441
-0.007760089822113514
13.453800201416016
0.1615770012140274
13.980500221252441
0.3309130072593689
14.507100105285645
0.500249981880188
15.033699989318848
0.6695870161056519
15.560400009155273
0.838923990726471
16.086999893188477
1.0082600116729736
16.61359977722168
1.1776000261306763
17.140300750732422
1.3469300270080566
17.666900634765625
1.5162700414657593
18.193500518798828
1.685610055923462
18.72010040283203
