14.995100021362305
-0.6662350296974182
14.92140007019043
-0.6935700178146362
14.383000373840332
-0.825776994228363
13.84469985961914
-0.9579839706420898
13.306300163269043
-1.090190052986145
12.767900466918945
-1.2223999500274658
12.229599952697754
-1.354599952697754
11.691200256347656
-1.4868099689483643
11.152899742126465
-1.6190199851989746
10.614500045776367
-1.751230001449585
10.07610034942627
-1.883430004119873
9.537790298461914
-2.0156400203704834
8.999429702758789
-2.1478500366210938
8.46107006072998
-2.280050039291382
7.922709941864014
-2.412260055541992
7.384359836578369
-2.5444700717926025
6.8460001945495605
-2.6766700744628906
6.307640075683594
-2.808880090713501
5.769279956817627
-2.9410901069641113
5.23091983795166
-3.0732998847961426
4.692570209503174
-3.2054998874664307
4.154210090637207
-3.337709903717041
3.6158499717712402
-3.4699199199676514
3.0774900913238525
-3.6021199226379395
2.5391299724578857
-3.73432993888855
2.0007801055908203
-3.86653995513916
1.4624199867248535
-3.9987399578094482
0.9240610003471375
-4.130949974060059
0.3857029974460602
-4.263160228729248
-0.1526550054550171
-4.395370006561279
-0.691012978553772
-4.527569770812988
-1.2293699979782104
-4.659780025482178
-1.7677299976348877
-4.791989803314209
-2.3060901165008545
-4.924190044403076
-2.844449996948242
-5.056399822235107
-3.3828001022338867
-5.188610076904297
-3.9211599826812744
-5.320809841156006
-4.459519863128662
-5.453020095825195
-4.997879981994629
-5.585229873657227
-5.536240100860596
-5.717440128326416
-6.07459020614624
-5.849639892578125
-6.612949848175049
-5.9818501472473145
-7.151309967041016
-6.114059925079346
-7.689670085906982
-6.246260166168213
-8.228019714355469
-6.378469944000244
-8.766380310058594
-6.510680198669434
-9.304739952087402
-6.642879962921143
-9.843099594116211
-6.775090217590332
-10.381500244140625
-6.907299995422363
-10.9197998046875
-7.0395097732543945
