-18.89419937133789
-13.471099853515625
-18.35219955444336
-13.373900413513184
-17.810300827026367
-13.276700019836426
-17.268299102783203
-13.179400444030762
-16.726299285888672
-13.082200050354004
-16.18429946899414
-12.98490047454834
-15.64229965209961
-12.887700080871582
-15.100299835205078
-12.790399551391602
-14.55840015411377
-12.69320011138916
-14.016400337219238
-12.59589958190918
-13.47439956665039
-12.498700141906738
-12.93239974975586
-12.401399612426758
-12.390399932861328
-12.304200172424316
-11.848400115966797
-12.206899642944336
-11.306500434875488
-12.109700202941895
-10.76449966430664
-12.012399673461914
-10.22249984741211
-11.915200233459473
-9.680520057678223
-11.817899703979492
-9.138540267944336
-11.72070026397705
-8.596559524536133
-11.62339973449707
-8.054570198059082
-11.526200294494629
-7.512589931488037
-11.428899765014648
-6.97061014175415
-11.331700325012207
-6.4286298751831055
-11.23449993133545
-5.886650085449219
-11.137200355529785
-5.344659805297852
-11.039999961853027
-4.802680015563965
-10.942700386047363
-4.260700225830078
-10.845499992370605
-3.718719959259033
-10.748200416564941
-3.176729917526245
-10.651000022888184
-2.6347498893737793
-10.55370044708252
-2.2012100219726562
-10.481499671936035
-1.7676600217819214
-10.409299850463867
