-19.26020050048828
7.672249794006348
-19.252199172973633
7.124070167541504
-19.244199752807617
6.575900077819824
-19.2362003326416
6.027719974517822
-19.228200912475586
5.47953987121582
-19.220199584960938
4.931359767913818
-19.212200164794922
4.383180141448975
-19.204200744628906
3.8350000381469727
-19.196199417114258
3.2868199348449707
-19.188199996948242
2.73865008354187
-19.180200576782227
2.190469980239868
-19.172199249267578
1.6422899961471558
-19.164199829101562
1.0941100120544434
-19.156200408935547
0.5459319949150085
-19.1481990814209
-0.0022462899796664715
-19.140199661254883
-0.5504249930381775
-19.132200241088867
-1.0986000299453735
-19.12420082092285
-1.646780014038086
-19.116199493408203
-2.194960117340088
-19.108200073242188
-2.7431399822235107
-19.100200653076172
-3.2913200855255127
-19.092199325561523
-3.8394999504089355
-19.084199905395508
-4.387670040130615
-19.076200485229492
-4.935850143432617
-19.068199157714844
-5.484029769897461
-19.060199737548828
-6.032209873199463
-19.052200317382812
-6.580389976501465
