18.517200469970703
-16.3528995513916
17.96649932861328
-16.391599655151367
17.415800094604492
-16.430400848388672
16.865100860595703
-16.469100952148438
16.31439971923828
-16.50779914855957
15.76360034942627
-16.546600341796875
15.212900161743164
-16.58530044555664
14.662199974060059
-16.624099731445312
14.111499786376953
-16.662799835205078
13.560700416564941
-16.701499938964844
13.010000228881836
-16.740299224853516
12.45930004119873
-16.77899932861328
11.908599853515625
-16.817699432373047
11.357799530029297
-16.85650062561035
10.807100296020508
-16.895200729370117
10.256400108337402
-16.93400001525879
9.705679893493652
-16.972700119018555
9.154950141906738
-17.01140022277832
8.604229927062988
-17.050199508666992
8.053509712219238
-17.088899612426758
7.5027899742126465
-17.127599716186523
6.952060222625732
-17.166400909423828
6.401340007781982
-17.20509910583496
5.850619792938232
-17.243900299072266
5.299900054931641
-17.28260040283203
4.749169826507568
-17.321300506591797
4.198450088500977
-17.36009979248047
3.6477301120758057
-17.398799896240234
3.0969998836517334
-17.437599182128906
2.5462799072265625
-17.476299285888672
1.9955600500106812
-17.514999389648438
1.4448399543762207
-17.553800582885742
0.8941130042076111
-17.592500686645508
0.34338998794555664
-17.631200790405273
-0.20733299851417542
-17.670000076293945
-0.7580559849739075
-17.70870018005371
-1.3087799549102783
-17.747499465942383
-1.8595000505447388
-17.78619956970215
-2.41021990776062
-17.824899673461914
