-4.838540077209473
-14.58489990234375
-4.595379829406738
-14.085100173950195
-4.352230072021484
-13.58530044555664
-4.10906982421875
-13.08549976348877
-3.865920066833496
-12.585800170898438
-3.622760057449341
-12.086000442504883
-3.379610061645508
-11.586199760437012
-3.1364500522613525
-11.086400032043457
-2.8933000564575195
-10.586700439453125
-2.6501400470733643
-10.086899757385254
-2.4069900512695312
-9.587109565734863
-2.163830041885376
-9.087329864501953
-1.920680046081543
-8.587559700012207
-1.6775200366973877
-8.087779998779297
-1.4343700408935547
-7.588009834289551
-1.1912100315093994
-7.088230133056641
-0.9480590224266052
-6.5884599685668945
-0.7049040198326111
-6.088679790496826
-0.46174898743629456
-5.588910102844238
-0.2185939997434616
-5.08912992477417
0.024560900405049324
-4.589360237121582
0.2677159905433655
-4.089580059051514
0.5108709931373596
-3.5898098945617676
0.7540259957313538
-3.0900299549102783
0.9971809983253479
-2.5902600288391113
1.240339994430542
-2.090480089187622
1.483489990234375
-1.5907100439071655
1.7266499996185303
-1.0909299850463867
1.9697999954223633
-0.5911549925804138
2.2129600048065186
-0.09137990325689316
2.4561100006103516
0.408394992351532
2.6992599964141846
0.9081699848175049
2.94242000579834
1.4079500436782837
3.185570001602173
1.9077199697494507
3.428730010986328
2.4075000286102295
3.671880006790161
2.9072699546813965
3.9150400161743164
3.4070498943328857
4.15818977355957
3.906820058822632
4.401350021362305
4.406599998474121
4.644499778747559
4.906370162963867
