6.85945987701416
-4.436910152435303
6.661300182342529
-3.9738800525665283
6.46314001083374
-3.510849952697754
6.264979839324951
-3.0478200912475586
6.04649019241333
-2.532130002975464
5.828000068664551
-2.0164499282836914
5.609519958496094
-1.5007699728012085
5.3910298347473145
-0.9850839972496033
5.172540187835693
-0.4694010019302368
4.954050064086914
0.046282000839710236
4.735569953918457
0.5619649887084961
4.517079830169678
1.0776499509811401
4.298590183258057
1.5933300256729126
4.0801100730896
2.1090099811553955
3.8616199493408203
2.6247000694274902
3.64313006401062
3.1403799057006836
3.424649953842163
3.656059980392456
3.206160068511963
4.171750068664551
2.9876699447631836
4.687429904937744
2.7691800594329834
5.203110218048096
2.5506999492645264
5.718800067901611
2.332210063934326
6.234479904174805
2.113719940185547
6.750160217285156
1.8952399492263794
7.265850067138672
1.6767499446868896
7.781529903411865
1.4582600593566895
8.297209739685059
1.2397799491882324
8.812899589538574
1.0212899446487427
9.328579902648926
0.8028020262718201
9.844260215759277
0.5843150019645691
10.35990047454834
0.3658280074596405
10.87559986114502
0.14734099805355072
11.391300201416016
-0.07114650309085846
11.906999588012695
-0.28963300585746765
12.422699928283691
-0.5081200003623962
12.938400268554688
-0.7266070246696472
13.454000473022461
-0.9450939893722534
13.96969985961914
-1.1635799407958984
14.485400199890137
-1.3820699453353882
15.001099586486816
