-18.776199340820312
18.558900833129883
-18.492900848388672
18.082700729370117
-18.20949935913086
17.60650062561035
-17.92609977722168
17.130300521850586
-17.6427001953125
16.65410041809082
-17.35930061340332
16.177799224853516
-17.076000213623047
15.701600074768066
-16.792600631713867
15.2253999710083
-16.509199142456055
14.749199867248535
-16.225799560546875
14.27299976348877
-15.942500114440918
13.796799659729004
-15.659099578857422
13.320599555969238
-15.375699996948242
12.844400405883789
-15.092300415039062
12.368200302124023
-14.809000015258789
11.892000198364258
-14.52560043334961
11.415800094604492
-14.242199897766113
10.939499855041504
-13.958800315856934
10.463299751281738
-13.67549991607666
9.987130165100098
-13.39210033416748
9.510919570922852
-13.108699798583984
9.034709930419922
-12.825300216674805
8.558500289916992
-12.541999816894531
8.082289695739746
-12.258600234985352
7.606080055236816
-11.975199699401855
7.1298699378967285
-11.691800117492676
6.653669834136963
-11.40839958190918
6.177460193634033
-11.125100135803223
5.701250076293945
-10.841699600219727
5.225039958953857
-10.558300018310547
4.7488298416137695
-10.274900436401367
4.27262020111084
-9.991570472717285
3.796410083770752
-9.708189964294434
3.320199966430664
-9.424819946289062
2.8439900875091553
-9.141440391540527
2.3677899837493896
-8.858059883117676
1.8915799856185913
-8.574689865112305
1.415369987487793
-8.29131031036377
0.9391589760780334
-8.007940292358398
0.4629499912261963
-7.724559783935547
-0.013258400373160839
-7.441180229187012
-0.48946699500083923
-7.157810211181641
-0.9656760096549988
-6.874430179595947
-1.441890001296997
-6.591050148010254
-1.9180899858474731
-6.307680130004883
-2.3942999839782715
-6.0243000984191895
-2.8705101013183594
-5.740930080413818
-3.346719980239868
