3.8089001178741455
-1.3360600471496582
3.7955400943756104
-0.7820730209350586
3.782180070877075
-0.228083997964859
3.76882004737854
0.3259049952030182
3.755470037460327
0.8798940181732178
3.742110013961792
1.4338799715042114
3.728749990463257
1.9878699779510498
3.7153899669647217
2.5418601036071777
3.7020299434661865
3.0958499908447266
3.6886799335479736
3.6498401165008545
3.6753199100494385
4.203829765319824
3.6619598865509033
4.757820129394531
3.6486001014709473
5.311800003051758
3.635240077972412
5.865789890289307
3.621890068054199
6.4197797775268555
3.608530044555664
6.9737701416015625
3.595170021057129
7.527760028839111
3.5818099975585938
8.08174991607666
3.5684499740600586
8.635740280151367
3.5550999641418457
9.189729690551758
3.5417399406433105
9.743709564208984
3.5283799171447754
10.297699928283691
3.5150198936462402
10.851699829101562
3.501660108566284
11.405699729919434
3.4883100986480713
11.959699630737305
3.474950075149536
12.513699531555176
3.461590051651001
13.06760025024414
3.448230028152466
13.621600151062012
3.4348700046539307
14.175600051879883
