2.608449935913086
-3.008500099182129
2.101789951324463
-3.228480100631714
1.5951299667358398
-3.4484500885009766
1.0884599685668945
-3.6684200763702393
0.5818020105361938
-3.888400077819824
0.07513909786939621
-4.108369827270508
-0.43152299523353577
-4.32834005355835
-0.93818598985672
-4.5483198165893555
-1.444849967956543
-4.768290042877197
-1.951509952545166
-4.988259792327881
-2.458169937133789
-5.208230018615723
-2.9648399353027344
-5.4282097816467285
-3.4714999198913574
-5.64818000793457
-3.9781599044799805
-5.868150234222412
-4.4848198890686035
-6.088129997253418
-4.991489887237549
-6.30810022354126
-5.498149871826172
-6.528069972991943
-6.004809856414795
-6.748050212860107
-6.511469841003418
-6.968019962310791
-7.018139839172363
-7.187990188598633
-7.524799823760986
-7.407959938049316
-8.03145980834961
-7.6279401779174805
-8.53812026977539
-7.847909927368164
-9.044790267944336
-8.067879676818848
-9.5514497756958
-8.287859916687012
-10.058099746704102
-8.507829666137695
-10.564800262451172
-8.727800369262695
-11.071399688720703
-8.947779655456543
-11.578100204467773
-9.167750358581543
-12.084799766540527
-9.387720108032227
-12.591400146484375
-9.60768985748291
-13.098099708557129
-9.827670097351074
-13.604700088500977
-10.047599792480469
-14.11139965057373
-10.267600059509277
-14.6181001663208
-10.487600326538086
-15.124699592590332
-10.707599639892578
-15.631400108337402
-10.927499771118164
-16.138099670410156
-11.147500038146973
-16.644699096679688
-11.367500305175781
-17.151399612426758
-11.587499618530273
-17.658100128173828
-11.80739974975586
-18.16469955444336
-12.027400016784668
