-0.27872300148010254
10.36460018157959
-0.836329996585846
10.451199531555176
-1.3939399719238281
10.537799835205078
-1.9515399932861328
10.62440013885498
-2.5091500282287598
10.711000442504883
-3.0667600631713867
10.797499656677246
-3.6243600845336914
10.884099960327148
-4.181970119476318
10.97070026397705
-4.739580154418945
11.057299613952637
-5.29718017578125
11.143899917602539
-5.854790210723877
11.230400085449219
-6.412399768829346
11.317000389099121
-6.970009803771973
11.403599739074707
-7.527609825134277
11.49020004272461
-8.085220336914062
11.576800346374512
-8.642829895019531
11.663299560546875
-9.200429916381836
11.749899864196777
-9.758040428161621
11.83650016784668
-10.315600395202637
11.923100471496582
-10.873299598693848
12.009699821472168
-11.430899620056152
12.096199989318848
-11.988499641418457
12.18280029296875
-12.546099662780762
12.269399642944336
-13.103699684143066
12.355999946594238
-13.661299705505371
12.44260025024414
-14.218899726867676
12.52910041809082
-14.77649974822998
12.615699768066406
-15.334099769592285
12.702300071716309
-15.89169979095459
12.788900375366211
-16.44930076599121
12.875499725341797
-17.006900787353516
12.961999893188477
-17.56450080871582
13.048600196838379
-18.122100830078125
13.135199546813965
