-4.876760005950928
-14.55210018157959
-4.547959804534912
-14.091899871826172
-4.219160079956055
-13.631799697875977
-3.890360116958618
-13.171600341796875
-3.5615599155426025
-12.71150016784668
-3.2327499389648438
-12.251399993896484
-2.9039499759674072
-11.791199684143066
-2.5751500129699707
-11.331100463867188
-2.246350049972534
-10.87090015411377
-1.917549967765808
-10.410799980163574
-1.5887500047683716
-9.950630187988281
-1.259950041770935
-9.490480422973633
-0.9311450123786926
-9.030340194702148
-0.6023430228233337
-8.5701904296875
-0.27354198694229126
-8.110050201416016
0.055259399116039276
-7.649899959564209
0.3840610086917877
-7.1897501945495605
0.7128620147705078
-6.729609966278076
1.041659951210022
-6.269460201263428
1.370460033416748
-5.809319972991943
1.6992700099945068
-5.349170207977295
2.0280699729919434
-4.8890299797058105
2.35686993598938
-4.428880214691162
2.6856698989868164
-3.9687399864196777
3.014470100402832
-3.50858998298645
3.3432700634002686
-3.048449993133545
3.672070026397705
-2.5882999897003174
4.000879764556885
-2.128159999847412
4.3296799659729
-1.6680099964141846
4.658480167388916
-1.207859992980957
4.987279891967773
-0.7477189898490906
5.316080093383789
-0.28757399320602417
5.6448798179626465
0.17257100343704224
5.973680019378662
0.6327170133590698
6.302480220794678
1.0928599834442139
6.631289958953857
1.5530099868774414
6.960090160369873
2.0131499767303467
7.2888898849487305
2.473299980163574
7.617690086364746
2.9334399700164795
