-1.723889946937561
5.751780033111572
-1.7240500450134277
5.18789005279541
-1.7242100238800049
4.62401008605957
-1.724370002746582
4.060120105743408
-1.7245299816131592
3.496229887008667
-1.7246899604797363
2.932349920272827
-1.7248400449752808
2.368459939956665
-1.725000023841858
1.804569959640503
-1.725160002708435
1.240689992904663
-1.7253199815750122
0.6768010258674622
-1.7254799604415894
0.11291400343179703
-1.725640058517456
-0.4509730041027069
-1.7258000373840332
-1.0148600339889526
-1.7259600162506104
-1.5787500143051147
-1.7261199951171875
-2.142630100250244
-1.7262799739837646
-2.7065200805664062
-1.7264399528503418
-3.2704100608825684
-1.7266000509262085
-3.834290027618408
-1.7267600297927856
-4.39818000793457
-1.7269200086593628
-4.962069988250732
-1.72707998752594
-5.525949954986572
-1.727239966392517
-6.089839935302734
-1.7273999452590942
-6.6537299156188965
-1.7275500297546387
-7.217609882354736
-1.7277100086212158
-7.781499862670898
-1.727869987487793
-8.345390319824219
-1.7280299663543701
-8.909270286560059
-1.7281899452209473
-9.473159790039062
-1.728350043296814
-10.036999702453613
-1.7285100221633911
-10.600899696350098
-1.7286700010299683
-11.164799690246582
-1.7288299798965454
-11.728699684143066
-1.7289899587631226
-12.29259967803955
