-8.771530151367188
19.473600387573242
-8.9650297164917
18.948699951171875
-9.158539772033691
18.423900604248047
-9.35204029083252
17.89900016784668
-9.545539855957031
17.37420082092285
-9.73904037475586
16.849300384521484
-9.932539939880371
16.324499130249023
-10.12600040435791
15.799699783325195
-10.319499969482422
15.274800300598145
-10.512999534606934
14.75
-10.706500053405762
14.225099563598633
-10.899999618530273
13.700300216674805
-11.093500137329102
13.175399780273438
-11.286999702453613
12.65060043334961
-11.480500221252441
12.125800132751465
-11.673999786376953
11.600899696350098
-11.867500305175781
11.07610034942627
-12.060999870300293
10.551199913024902
-12.254500389099121
10.026399612426758
-12.447999954223633
9.501540184020996
-12.641599655151367
8.976699829101562
-12.835100173950195
8.451860427856445
-13.028599739074707
7.9270100593566895
-13.222100257873535
7.402170181274414
-13.415599822998047
6.8773298263549805
-13.609100341796875
6.352479934692383
-13.802599906921387
5.827640056610107
-13.996100425720215
5.302800178527832
-14.189599990844727
4.777949810028076
-14.383099555969238
4.253109931945801
