14.238499641418457
9.406539916992188
13.722599983215332
9.610039710998535
13.206700325012207
9.813529968261719
12.690799713134766
10.017000198364258
12.17490005493164
10.220499992370605
11.659000396728516
10.423999786376953
11.143099784851074
10.6274995803833
10.62720012664795
10.831000328063965
10.111300468444824
11.034500122070312
9.595370292663574
11.23799991607666
9.079460144042969
11.441499710083008
8.563549995422363
11.645000457763672
8.047639846801758
11.84850025177002
7.5317301750183105
12.052000045776367
7.015820026397705
12.255499839782715
6.499919891357422
12.458999633789062
5.984010219573975
12.662500381469727
5.468100070953369
12.866000175476074
4.952189922332764
13.069499969482422
4.436279773712158
13.27299976348877
3.920370101928711
13.476499557495117
3.4044699668884277
13.680000305175781
2.8885600566864014
13.883500099182129
2.372649908065796
14.086999893188477
1.8567399978637695
14.290499687194824
1.3408299684524536
14.494000434875488
0.8249250054359436
14.697500228881836
0.30901700258255005
14.901000022888184
-0.2068910002708435
15.104499816894531
-0.7228000164031982
15.307999610900879
-1.2387100458145142
15.511500358581543
-1.7546199560165405
15.71500015258789
-2.270519971847534
15.918399810791016
-2.7864298820495605
16.12190055847168
-3.302340030670166
16.32539939880371
-3.8182499408721924
16.528900146484375
-4.334159851074219
16.73240089416504
-4.850069999694824
16.93589973449707
-5.365970134735107
17.139400482177734
-5.881879806518555
17.342899322509766
-6.39778995513916
17.54640007019043
