7.107850074768066
-4.985889911651611
7.160309791564941
-5.012239933013916
7.53672981262207
-5.423789978027344
7.913149833679199
-5.8353400230407715
8.289580345153809
-6.246890068054199
8.666000366210938
-6.658450126647949
9.042420387268066
-7.070000171661377
9.41884994506836
-7.481550216674805
9.795269966125488
-7.893099784851074
10.171699523925781
-8.30465030670166
10.548100471496582
-8.71619987487793
10.924500465393066
-9.127750396728516
11.300999641418457
-9.539299964904785
11.677399635314941
-9.950849533081055
12.053799629211426
-10.36240005493164
12.43019962310791
-10.77400016784668
12.806699752807617
-11.185500144958496
13.183099746704102
-11.597100257873535
