-3.9677700996398926
9.390449523925781
-3.778409957885742
9.909589767456055
-3.5890400409698486
10.42870044708252
-3.3996798992156982
10.94789981842041
-3.2103099822998047
11.467000007629395
-3.0209500789642334
11.986100196838379
-2.8315799236297607
12.50529956817627
-2.6422200202941895
13.024399757385254
-2.452860116958618
13.543600082397461
-2.2634899616241455
14.062700271606445
-2.074130058288574
14.581899642944336
-1.8847600221633911
15.10099983215332
-1.6953999996185303
15.620100021362305
-1.5060299634933472
16.139299392700195
-1.3166699409484863
16.65839958190918
-1.1273000240325928
17.177600860595703
-0.9379400014877319
17.696699142456055
-0.7485759854316711
18.21579933166504
-0.5592120289802551
18.735000610351562
