-17.554899215698242
-1.4904199838638306
-17.536399841308594
-0.9410489797592163
-17.517900466918945
-0.39167600870132446
-17.499300003051758
0.15769599378108978
-17.48080062866211
0.7070689797401428
-17.462200164794922
1.2564400434494019
-17.443700790405273
1.8058099746704102
-17.425199508666992
2.3551900386810303
-17.406600952148438
2.904560089111328
-17.388099670410156
3.453929901123047
-17.36949920654297
4.003300189971924
-17.35099983215332
4.552680015563965
-17.332500457763672
5.102049827575684
-17.313899993896484
5.6514201164245605
-17.295400619506836
6.200789928436279
-17.276899337768555
6.7501702308654785
-17.25830078125
7.299540042877197
-17.23979949951172
7.848909854888916
-17.221200942993164
8.398280143737793
-17.202699661254883
8.947660446166992
-17.184200286865234
9.497030258178711
-17.165599822998047
10.04640007019043
-17.1471004486084
10.595800399780273
-17.12849998474121
11.145099639892578
-17.110000610351562
11.694499969482422
-17.09149932861328
12.243900299072266
-17.072900772094727
12.793299674987793
-17.054399490356445
13.342599868774414
-17.03580093383789
13.892000198364258
-17.01729965209961
14.441399574279785
-16.99880027770996
14.990799903869629
-16.980199813842773
15.54010009765625
-16.961700439453125
16.089500427246094
-16.943099975585938
16.638900756835938
-16.92460060119629
17.188199996948242
