-15.113699913024902
-15.118499755859375
-14.683099746704102
-14.761699676513672
-14.2524995803833
-14.404899597167969
-13.821900367736816
-14.048100471496582
-13.391300201416016
-13.691300392150879
-12.960700035095215
-13.334500312805176
-12.530099868774414
-12.97760009765625
-12.099499702453613
-12.620800018310547
-11.668899536132812
-12.263999938964844
-11.238300323486328
-11.90719985961914
-10.807700157165527
-11.550399780273438
-10.377099990844727
-11.193599700927734
-9.946499824523926
-10.836700439453125
-9.515890121459961
-10.479900360107422
-9.08528995513916
-10.123100280761719
-8.654680252075195
-9.766300201416016
-8.224080085754395
-9.409489631652832
-7.7934699058532715
-9.052669525146484
-7.362870216369629
-8.695859909057617
-6.932260036468506
-8.33905029296875
-6.501659870147705
-7.982230186462402
-6.07105016708374
-7.625420093536377
-5.6404500007629395
-7.268599987030029
-5.209849834442139
-6.911789894104004
-4.779240131378174
-6.554969787597656
-4.348639965057373
-6.198160171508789
-3.918030023574829
-5.841340065002441
-3.4874300956726074
-5.484529972076416
-3.0568199157714844
-5.127709865570068
-2.6262199878692627
-4.770899772644043
-2.1956100463867188
-4.4140801429748535
-1.7650099992752075
-4.057270050048828
-1.3344000577926636
-3.7004499435424805
-0.9038000106811523
-3.343640089035034
-0.47319498658180237
-2.9868199825286865
-0.042590901255607605
-2.630009889602661
0.3880139887332916
-2.273200035095215
0.8186179995536804
-1.9163800477981567
1.2492200136184692
-1.5595699548721313
1.6798299551010132
-1.2027499675750732
2.1104300022125244
-0.8459360003471375
2.5410399436950684
-0.4891220033168793
2.971640110015869
-0.1323069930076599
3.402250051498413
0.22450800240039825
3.8328499794006348
0.5813220143318176
4.2634501457214355
0.9381369948387146
