-18.44339942932129
15.60420036315918
-17.912200927734375
15.427900314331055
-17.381000518798828
15.25160026550293
-16.84980010986328
15.075200080871582
-16.318599700927734
14.898900032043457
-15.787400245666504
14.722599983215332
-15.256199836730957
14.546199798583984
-14.724900245666504
14.36989974975586
-14.193699836730957
14.193499565124512
-13.662500381469727
14.017200469970703
-13.13129997253418
13.840900421142578
-12.600099563598633
13.66450023651123
-12.068900108337402
13.488200187683105
-11.537699699401855
13.31190013885498
-11.006500244140625
13.135499954223633
-10.475199699401855
12.959199905395508
-9.944040298461914
12.782899856567383
-9.412819862365723
12.606499671936035
-8.881609916687012
12.43019962310791
-8.3503999710083
12.253800392150879
-7.81919002532959
12.077500343322754
-7.287970066070557
11.901200294494629
-6.756760120391846
11.724800109863281
-6.225550174713135
11.548500061035156
-5.694340229034424
11.372200012207031
-5.163129806518555
11.195799827575684
-4.6319098472595215
11.019499778747559
-4.1006999015808105
10.843099594116211
-3.5694899559020996
10.666799545288086
-3.0382800102233887
10.490500450134277
-2.5070600509643555
10.31410026550293
-1.975849986076355
10.137800216674805
-1.444640040397644
9.96144962310791
-0.9134259819984436
9.785120010375977
-0.3822129964828491
9.608779907226562
0.14899900555610657
9.432439804077148
0.6802120208740234
9.256099700927734
1.2114200592041016
9.0797700881958
1.7426400184631348
8.903429985046387
2.2738499641418457
8.727089881896973
2.8050599098205566
8.550749778747559
