-5.48730993270874
-18.34939956665039
-4.927189826965332
-18.3705997467041
-4.367070198059082
-18.391799926757812
-3.806950092315674
-18.413000106811523
-3.2468299865722656
-18.434200286865234
-2.6867001056671143
-18.455400466918945
-2.126579999923706
-18.476600646972656
-1.5664600133895874
-18.497800827026367
-1.0063400268554688
-18.51889991760254
-0.44621598720550537
-18.54010009765625
0.11390600353479385
-18.56130027770996
0.6740279793739319
-18.582500457763672
1.2341500520706177
-18.603700637817383
1.7942700386047363
-18.624900817871094
2.3543899059295654
-18.646099090576172
2.914520025253296
-18.667299270629883
3.474639892578125
-18.688499450683594
4.034759998321533
-18.7096004486084
4.594880104064941
-18.73080062866211
5.15500020980835
-18.75200080871582
5.715129852294922
-18.7731990814209
6.27524995803833
-18.79439926147461
6.835370063781738
-18.81559944152832
7.3954901695251465
-18.83679962158203
7.9556097984313965
-18.857999801635742
8.515740394592285
-18.879199981689453
9.075860023498535
-18.900299072265625
9.635979652404785
-18.921499252319336
10.196100234985352
-18.942699432373047
10.756199836730957
-18.963899612426758
11.316300392150879
-18.98509979248047
11.876500129699707
-19.00629997253418
12.436599731445312
-19.02750015258789
12.996700286865234
-19.0487003326416
13.55679988861084
-19.069900512695312
14.116999626159668
-19.090999603271484
14.67710018157959
-19.112199783325195
15.237199783325195
-19.133399963378906
15.797300338745117
-19.154600143432617
