-15.607999801635742
12.605400085449219
-15.225000381469727
12.199999809265137
-14.842000007629395
11.794500350952148
-14.459099769592285
11.388999938964844
-14.07610034942627
10.983599662780762
-13.693099975585938
10.578100204467773
-13.310099601745605
10.172599792480469
-12.927200317382812
9.76714038848877
-12.54419994354248
9.361669540405273
-12.161199569702148
8.956199645996094
-11.778200149536133
8.550729751586914
-11.395299911499023
8.145259857177734
-11.012299537658691
7.739779949188232
-10.629300117492676
7.334310054779053
-10.246299743652344
6.928840160369873
-9.863349914550781
6.523369789123535
-9.480369567871094
6.1178998947143555
-9.097399711608887
5.712430000305176
-8.714420318603516
5.306960105895996
-8.331450462341309
4.901490211486816
-7.948470115661621
4.4960198402404785
-7.565499782562256
4.090539932250977
-7.182519912719727
3.685070037841797
-6.7995500564575195
3.279599905014038
-6.41657018661499
2.8741300106048584
-6.033599853515625
2.4686601161956787
-5.650619983673096
2.06318998336792
-5.267650127410889
1.6577199697494507
-4.884669780731201
1.2522499561309814
-4.501699924468994
0.8467749953269958
-4.118720054626465
0.4413039982318878
-3.7357499599456787
0.03583279997110367
-3.3527700901031494
-0.36963799595832825
-2.9697999954223633
-0.7751089930534363
-2.586819887161255
-1.1805800199508667
-2.203850030899048
-1.586050033569336
-1.820870041847229
-1.9915200471878052
-1.4378900527954102
-2.3969900608062744
-1.054919958114624
-2.8024699687957764
-0.6719440221786499
-3.207940101623535
-0.2889690101146698
-3.613409996032715
0.09400639683008194
-4.0188798904418945
0.4769819974899292
-4.424349784851074
0.8599569797515869
-4.829820156097412
1.2429300546646118
-5.235290050506592
1.6259100437164307
-5.6407599449157715
2.0088798999786377
-6.046229839324951
2.391860008239746
-6.451710224151611
2.7748301029205322
-6.857180118560791
3.1578099727630615
-7.262650012969971
3.5407800674438477
-7.66811990737915
3.923759937286377
-8.073590278625488
4.306729793548584
-8.479060173034668
