10.642600059509277
-17.88559913635254
10.530500411987305
-17.33609962463379
10.418499946594238
-16.78660011291504
10.306400299072266
-16.23710060119629
10.1943998336792
-15.687600135803223
10.082300186157227
-15.138099670410156
9.970279693603516
-14.588600158691406
9.858229637145996
-14.03909969329834
9.746179580688477
-13.489700317382812
9.634129524230957
-12.940199851989746
9.522080421447754
-12.390700340270996
9.410030364990234
-11.84119987487793
9.297980308532715
-11.29170036315918
9.185930252075195
-10.742199897766113
9.073880195617676
-10.192700386047363
8.961830139160156
-9.643179893493652
8.849780082702637
-9.093689918518066
8.737719535827637
-8.544190406799316
8.625670433044434
-7.994699954986572
8.513620376586914
-7.445199966430664
8.401570320129395
-6.895709991455078
8.289520263671875
-6.34621000289917
8.177470207214355
-5.796720027923584
8.065420150756836
-5.247220039367676
7.953370094299316
-4.69773006439209
7.841320037841797
-4.148230075836182
7.729269981384277
-3.5987300872802734
7.617219924926758
-3.0492401123046875
7.505159854888916
-2.4997398853302
7.3931097984313965
-1.9502500295639038
7.281060218811035
-1.4007500410079956
7.169010162353516
-0.8512570261955261
7.056960105895996
-0.30176201462745667
6.944910049438477
0.2477329969406128
6.832859992980957
0.797228991985321
6.7208099365234375
1.3467199802398682
6.608759880065918
1.8962199687957764
6.496709823608398
2.4457099437713623
6.384659767150879
2.9952099323272705
6.272600173950195
3.5447099208831787
6.160550117492676
4.094200134277344
6.048500061035156
4.643700122833252
5.936450004577637
5.193190097808838
5.824399948120117
5.742690086364746
5.712349891662598
6.292180061340332
5.600299835205078
6.84168004989624
5.488249778747559
7.391170024871826
5.376200199127197
7.940670013427734
5.264150142669678
8.49015998840332
5.152100086212158
9.039660453796387
5.040040016174316
9.589150428771973
4.927989959716797
10.138699531555176
4.815939903259277
10.68809986114502
4.703889846801758
11.237600326538086
4.591839790344238
11.787099838256836
4.479790210723877
12.336600303649902
