2.548919916152954
0.3182179927825928
3.0525200366973877
0.5313249826431274
3.556119918823242
0.7444319725036621
4.059720039367676
0.9575380086898804
4.563320159912109
1.1706500053405762
5.066919803619385
1.3837499618530273
5.570509910583496
1.5968600511550903
6.07411003112793
1.8099700212478638
6.577710151672363
2.0230700969696045
7.081309795379639
2.236180067062378
7.584909915924072
2.4492900371551514
8.088509559631348
2.6623899936676025
8.592100143432617
2.875499963760376
9.09570026397705
3.0886099338531494
9.599300384521484
3.3017098903656006
10.102899551391602
3.514820098876953
10.606499671936035
3.7279300689697266
11.110099792480469
3.9410300254821777
11.613699913024902
4.154139995574951
12.117300033569336
4.367249965667725
12.62090015411377
4.580349922180176
13.124500274658203
4.793459892272949
13.628100395202637
5.006569862365723
14.131699562072754
5.219669818878174
14.635299682617188
5.432779788970947
15.138899803161621
5.645890235900879
15.642499923706055
5.85899019241333
