-1.1996599435806274
-7.7348198890686035
-1.5082800388336182
-7.293980121612549
-1.8169000148773193
-6.853129863739014
-2.1255199909210205
-6.412290096282959
-2.434149980545044
-5.971449851989746
-2.742769956588745
-5.530610084533691
-3.0513899326324463
-5.089759826660156
-3.3600099086761475
-4.648920059204102
-3.6686298847198486
-4.208079814910889
-3.977250099182129
-3.767240047454834
-4.28587007522583
-3.3264000415802
-4.594490051269531
-2.885550022125244
-4.903110027313232
-2.4447100162506104
-5.211730003356934
-2.0038700103759766
-5.520349979400635
-1.5630300045013428
-5.828969955444336
-1.1221799850463867
