11.930899620056152
-1.0062400102615356
11.535200119018555
-0.6098430156707764
11.13949966430664
-0.21344999969005585
10.74370002746582
0.18294399976730347
10.347999572753906
0.579338014125824
9.952280044555664
0.9757310152053833
9.556559562683105
1.3721200227737427
9.160840034484863
1.7685199975967407
8.76511001586914
2.164910078048706
8.369389533996582
2.561310052871704
7.973659992218018
2.95770001411438
7.577939987182617
3.3540899753570557
7.1822099685668945
3.7504899501800537
6.786489963531494
4.146880149841309
6.3907599449157715
4.543270111083984
5.995039939880371
4.939670085906982
5.599319934844971
5.336060047149658
5.203589916229248
5.732460021972656
4.807869911193848
6.128849983215332
4.412139892578125
6.525239944458008
4.016419887542725
6.921639919281006
3.620690107345581
7.318029880523682
3.2249701023101807
7.714419841766357
2.829240083694458
8.110819816589355
2.4335200786590576
8.507209777832031
2.0378000736236572
8.903599739074707
1.6420700550079346
9.300000190734863
1.2463500499725342
9.696390151977539
0.8506219983100891
10.09280014038086
0.45489799976348877
10.4891996383667
0.05917320027947426
10.885600090026855
-0.3365510106086731
11.281999588012695
-0.7322760224342346
11.678400039672852
-1.128000020980835
12.074799537658691
-1.5237200260162354
12.471099853515625
-1.919450044631958
12.867500305175781
-2.3151700496673584
13.263899803161621
-2.710900068283081
13.660300254821777
-3.1066200733184814
14.056699752807617
-3.502350091934204
14.453100204467773
-3.8980700969696045
14.849499702453613
-4.293799877166748
15.24590015411377
