-9.917309761047363
-18.444499969482422
-9.946269989013672
-17.884599685668945
-9.975239753723145
-17.324800491333008
-10.004199981689453
-16.764999389648438
-10.03320026397705
-16.2052001953125
-10.062100410461426
-15.645299911499023
-10.091099739074707
-15.08549976348877
-10.120100021362305
-14.525699615478516
-10.14900016784668
-13.965800285339355
-10.178000450134277
-13.406000137329102
-10.206999778747559
-12.846199989318848
-10.235899925231934
-12.286299705505371
-10.264900207519531
-11.726499557495117
-10.293899536132812
-11.16670036315918
-10.322799682617188
-10.606800079345703
-10.351799964904785
-10.04699993133545
-10.38070011138916
-9.487190246582031
-10.409700393676758
-8.927359580993652
-10.438699722290039
-8.36752986907959
-10.467599868774414
-7.807700157165527
-10.496600151062012
-7.247869968414307
-10.52560043334961
-6.688039779663086
-10.554499626159668
-6.128200054168701
-10.583499908447266
-5.5683698654174805
-10.612500190734863
-5.008540153503418
-10.641400337219238
-4.448709964752197
-10.67039966583252
-3.8888800144195557
-10.699399948120117
-3.329050064086914
-10.728300094604492
-2.7692201137542725
-10.75730037689209
-2.2093899250030518
-10.786299705505371
-1.6495599746704102
-10.815199851989746
-1.0897300243377686
-10.844200134277344
-0.5299010276794434
-10.873200416564941
0.029929399490356445
-10.902099609375
0.5897600054740906
-10.931099891662598
1.149590015411377
-10.960100173950195
1.7094199657440186
-10.98900032043457
2.26924991607666
-11.017999649047852
2.829080104827881
-11.046899795532227
3.3889100551605225
-11.075900077819824
3.948740005493164
-11.104900360107422
4.508570194244385
-11.13379955291748
5.068399906158447
-11.162799835205078
5.628230094909668
-11.191800117492676
6.1880598068237305
-11.22070026397705
6.747889995574951
-11.249699592590332
7.307720184326172
-11.27869987487793
7.867549896240234
-11.307600021362305
8.427390098571777
-11.336600303649902
8.98721981048584
-11.365599632263184
9.547050476074219
-11.394499778747559
10.106900215148926
-11.423500061035156
10.66670036315918
-11.452500343322754
11.226499557495117
-11.481399536132812
11.786399841308594
