1.0142199993133545
17.38949966430664
0.6872239708900452
16.93720054626465
0.36022698879241943
16.484800338745117
0.033229999244213104
16.032400131225586
-0.2937670052051544
15.580100059509277
-0.6207640171051025
15.127699851989746
-0.9477609992027283
14.675299644470215
-1.2747600078582764
14.222999572753906
-1.6017600297927856
13.770600318908691
-1.9287500381469727
13.31820011138916
-2.2557499408721924
12.865900039672852
-2.582750082015991
12.41349983215332
-2.9097399711608887
11.961099624633789
-3.2367401123046875
11.50879955291748
-3.5637400150299072
11.056400299072266
-3.8907299041748047
10.604000091552734
-4.2177300453186035
10.151599884033203
-4.544730186462402
9.69927978515625
-4.871729850769043
9.246910095214844
-5.1987199783325195
8.794540405273438
-5.525720119476318
8.342169761657715
-5.852719783782959
7.889800071716309
-6.1797099113464355
7.437429904937744
-6.506710052490234
6.985060214996338
-6.833710193634033
6.532690048217773
-7.160709857940674
6.080329895019531
-7.48769998550415
5.627960205078125
-7.814700126647949
5.1755900382995605
-8.14169979095459
4.723219871520996
-8.468689918518066
4.27085018157959
-8.795689582824707
3.8184800148010254
-9.122690200805664
3.36611008644104
-9.44968032836914
2.9137399196624756
-9.776679992675781
2.4613699913024902
-10.103699684143066
2.009000062942505
-10.430700302124023
1.5566400289535522
-10.757699966430664
1.1042699813842773
-11.084699630737305
0.6518980264663696
-11.411700248718262
0.1995290070772171
-11.738699913024902
-0.2528400123119354
-12.065699577331543
-0.7052090167999268
-12.3927001953125
-1.157580018043518
-12.71969985961914
-1.6099499464035034
-13.046699523925781
-2.0623199939727783
-13.373600006103516
-2.5146799087524414
-13.700599670410156
-2.967050075531006
-14.027600288391113
-3.419420003890991
-14.354599952697754
-3.8717899322509766
-14.681599617004395
-4.324160099029541
-15.008600234985352
-4.776529788970947
-15.335599899291992
-5.228899955749512
-15.662599563598633
-5.681270122528076
-15.98960018157959
-6.133639812469482
-16.316600799560547
-6.586009979248047
-16.643600463867188
-7.038370132446289
-16.970600128173828
-7.490739822387695
-17.29759979248047
-7.94310998916626
-17.62459945678711
-8.395480155944824
-17.95159912109375
-8.84784984588623
-18.278600692749023
-9.300219535827637
-18.605600357055664
-9.75259017944336
