11.849599838256836
-9.318639755249023
11.552200317382812
-8.846220016479492
11.254799842834473
-8.373800277709961
10.95740032196045
-7.9013800621032715
10.65999984741211
-7.428959846496582
10.362600326538086
-6.956540107727051
10.065199851989746
-6.484119892120361
9.767840385437012
-6.01170015335083
9.470450401306152
-5.539279937744141
9.173060417175293
-5.066860198974609
8.875670433044434
-4.59443998336792
8.578269958496094
-4.1220197677612305
8.280879974365234
-3.649600028991699
7.983489990234375
-3.1771700382232666
7.686100006103516
-2.7047500610351562
7.388710021972656
-2.232330083847046
7.091320037841797
-1.759909987449646
6.7939300537109375
-1.2874900102615356
6.496540069580078
-0.8150749802589417
6.199150085449219
-0.3426550030708313
5.901750087738037
0.12976600229740143
5.604360103607178
0.6021860241889954
5.306970119476318
1.0746099948883057
5.009580135345459
1.547029972076416
4.7121901512146
2.0194499492645264
4.41480016708374
2.4918699264526367
4.117410182952881
2.964289903640747
3.8200199604034424
3.4367098808288574
3.522629976272583
3.909130096435547
3.2252299785614014
4.381549835205078
2.927839994430542
4.853970050811768
2.6304500102996826
5.326389789581299
2.3330600261688232
5.798810005187988
2.035670042037964
6.271230220794678
1.7382800579071045
6.743649959564209
1.4408899545669556
7.216070175170898
1.1434999704360962
7.68848991394043
0.8461059927940369
8.160909652709961
0.5487149953842163
8.633330345153809
0.25132399797439575
9.10575008392334
-0.04606730118393898
9.578169822692871
-0.34345799684524536
10.050600051879883
-0.6408500075340271
10.52299976348877
-0.9382410049438477
10.995400428771973
-1.2356300354003906
11.46780014038086
-1.53302001953125
11.940299987792969
-1.8304100036621094
12.412699699401855
-2.127810001373291
12.885100364685059
-2.4251999855041504
13.357500076293945
-2.7225899696350098
13.829899787902832
-3.019979953765869
14.302399635314941
-3.3173699378967285
14.774800300598145
