-11.482399940490723
-3.6620800495147705
-11.42080020904541
-4.216149806976318
-11.359100341796875
-4.770219802856445
-11.297499656677246
-5.324289798736572
-11.235899925231934
-5.878359794616699
-11.174200057983398
-6.432419776916504
-11.112600326538086
-6.986489772796631
-11.05090045928955
-7.540559768676758
-10.989299774169922
-8.094630241394043
-10.92770004272461
-8.648699760437012
-10.866000175476074
-9.202770233154297
-10.804400444030762
-9.756830215454102
-10.74269962310791
-10.31089973449707
-10.681099891662598
-10.864999771118164
-10.619500160217285
-11.418999671936035
-10.55780029296875
-11.973099708557129
-10.496199607849121
-12.527199745178223
-10.434499740600586
-13.081199645996094
-10.372900009155273
-13.635299682617188
-10.311300277709961
-14.189399719238281
-10.249600410461426
-14.743399620056152
-10.187999725341797
-15.297499656677246
-10.126399993896484
-15.85159969329834
-10.06470012664795
-16.40570068359375
-10.003100395202637
-16.959699630737305
-9.94143009185791
-17.5137996673584
