17.403799057006836
11.794400215148926
16.96139907836914
11.455599784851074
16.518999099731445
11.116700172424316
16.076499938964844
10.777899742126465
15.634099960327148
10.43910026550293
15.191699981689453
10.100299835205078
14.749300003051758
9.761429786682129
14.306900024414062
9.422599792480469
13.864500045776367
9.083769798278809
13.422100067138672
8.744950294494629
12.979599952697754
8.406120300292969
12.537199974060059
8.067299842834473
12.094799995422363
7.7284698486328125
11.652400016784668
7.389649868011475
11.210000038146973
7.0508198738098145
10.767600059509277
6.711999893188477
10.325200080871582
6.373169898986816
9.882749557495117
6.0343499183654785
9.440329551696777
5.695519924163818
8.997920036315918
5.356689929962158
8.555500030517578
5.01786994934082
8.113089561462402
4.67903995513916
7.670670032501221
4.340219974517822
7.228260040283203
4.001389980316162
6.785840034484863
3.662569999694824
6.343430042266846
3.323740005493164
5.901010036468506
2.984920024871826
5.458600044250488
2.646090030670166
5.016180038452148
2.307270050048828
4.573770046234131
1.968440055847168
4.131360054016113
1.6296099424362183
3.6889400482177734
1.2907899618148804
3.246530055999756
0.9519640207290649
2.804110050201416
0.6131380200386047
