-14.680000305175781
-3.927449941635132
-14.14169979095459
-3.8218600749969482
-13.603400230407715
-3.716279983520508
-13.065099716186523
-3.610690116882324
-12.526800155639648
-3.505110025405884
-11.988499641418457
-3.3995299339294434
-11.450200080871582
-3.2939400672912598
-10.91189956665039
-3.1883599758148193
-10.373600006103516
-3.0827701091766357
-9.835280418395996
-2.9771900177001953
-9.296979904174805
-2.8715999126434326
-8.75868034362793
-2.7660200595855713
-8.220379829406738
-2.6604299545288086
-7.682079792022705
-2.5548501014709473
-7.14378023147583
-2.449270009994507
-6.605480194091797
-2.343679904937744
-6.067180156707764
-2.238100051879883
-5.5288801193237305
-2.13250994682312
-4.990580081939697
-2.026930093765259
-4.452270030975342
-1.921339988708496
-3.9139699935913086
-1.8157600164413452
-3.3756699562072754
-1.710170030593872
-2.837369918823242
-1.6045900583267212
-2.299069881439209
-1.4989999532699585
-1.7607699632644653
-1.3934199810028076
-1.2224700450897217
-1.2878400087356567
-0.6841689944267273
-1.1822500228881836
-0.14586900174617767
-1.0766700506210327
0.39243200421333313
-0.9710819721221924
0.9307330250740051
-0.8654980063438416
1.4690300226211548
-0.7599130272865295
2.0073299407958984
-0.6543290019035339
2.545639991760254
-0.5487440228462219
