16.05109977722168
-2.441009998321533
16.04330062866211
-1.9055700302124023
16.035400390625
-1.3701200485229492
16.027599334716797
-0.8346750140190125
16.019800186157227
-0.2992289960384369
16.011899948120117
0.23621700704097748
16.004100799560547
0.7716630101203918
15.996299743652344
1.3071099519729614
15.988499641418457
1.8425500392913818
15.980600357055664
2.378000020980835
15.972800254821777
2.913450002670288
15.96500015258789
3.448889970779419
15.957099914550781
3.984339952468872
15.949299812316895
4.519790172576904
15.941499710083008
5.055230140686035
15.933600425720215
5.590680122375488
