-8.715330123901367
-2.3264200687408447
-8.930540084838867
-1.8157399892807007
-9.145759582519531
-1.3050700426101685
-9.360980033874512
-0.7943919897079468
-9.576199531555176
-0.28371599316596985
-9.791419982910156
0.22696100175380707
-10.006600379943848
0.7376369833946228
-10.22189998626709
1.2483099699020386
-10.437100410461426
1.7589900493621826
-10.652299880981445
2.269659996032715
-10.867500305175781
2.7803399562835693
-11.0826997756958
3.291019916534424
-11.29800033569336
3.801690101623535
-11.513199806213379
4.3123698234558105
-11.728400230407715
4.823050022125244
-11.943599700927734
5.3337202072143555
-12.15880012512207
5.844399929046631
-12.374099731445312
6.355070114135742
-12.589300155639648
6.865749835968018
-12.804499626159668
7.376430034637451
-13.019700050354004
7.8871002197265625
-13.23490047454834
8.397780418395996
-13.450200080871582
8.90845012664795
-13.665399551391602
9.419130325317383
-13.880599975585938
9.9298095703125
-14.095800399780273
10.440500259399414
-14.310999870300293
10.951199531555176
-14.526300430297852
11.461799621582031
-14.741499900817871
11.97249984741211
-14.956700325012207
12.483200073242188
-15.171899795532227
12.993900299072266
-15.387100219726562
13.504500389099121
-15.602399826049805
14.015199661254883
-15.81760025024414
14.525899887084961
-16.032800674438477
15.036600112915039
-16.24799919128418
15.547200202941895
-16.463199615478516
16.057899475097656
-16.67840003967285
16.568599700927734
-16.893699645996094
17.079299926757812
-17.10890007019043
17.58989906311035
