15.229100227355957
11.167900085449219
15.075200080871582
10.631099700927734
14.921299934387207
10.094300270080566
14.767399787902832
9.557570457458496
14.613499641418457
9.020790100097656
14.459600448608398
8.484020233154297
14.305700302124023
7.947249889373779
14.151800155639648
7.410470008850098
13.997900009155273
6.873700141906738
13.843999862670898
6.336929798126221
13.690099716186523
5.800149917602539
13.536199569702148
5.26338005065918
13.38230037689209
4.72661018371582
13.228400230407715
4.1898298263549805
13.07450008392334
3.653059959411621
12.920599937438965
3.1162900924682617
12.76669979095459
2.5795199871063232
12.612799644470215
2.0427401065826416
12.458900451660156
1.5059700012207031
12.305000305175781
0.9691960215568542
12.151100158691406
0.432422012090683
11.997200012207031
-0.1043509989976883
11.843299865722656
-0.6411240100860596
11.689399719238281
-1.177899956703186
11.535499572753906
-1.714669942855835
11.381600379943848
-2.2514400482177734
11.227700233459473
-2.788219928741455
11.073800086975098
-3.3249900341033936
10.919899940490723
-3.861759901046753
10.765999794006348
-4.398540019989014
10.612099647521973
-4.935309886932373
10.458200454711914
-5.472080230712891
10.304300308227539
-6.008860111236572
10.150400161743164
-6.545629978179932
9.996489524841309
-7.082399845123291
9.84259033203125
-7.619180202484131
9.688679695129395
-8.155949592590332
9.53477954864502
-8.692720413208008
9.380880355834961
-9.229499816894531
9.226980209350586
-9.76626968383789
9.073080062866211
-10.303000450134277
8.919179916381836
-10.839799880981445
8.765270233154297
-11.37660026550293
8.611370086669922
-11.913399696350098
8.457469940185547
-12.45009994506836
8.303569793701172
-12.986900329589844
