-17.112300872802734
-7.7594099044799805
-16.554899215698242
-7.796939849853516
-15.9975004196167
-7.834469795227051
-15.440099716186523
-7.872000217437744
-14.882699966430664
-7.909530162811279
-14.325300216674805
-7.9470601081848145
-13.767900466918945
-7.98459005355835
-13.21049976348877
-8.022120475769043
-12.65310001373291
-8.059650421142578
-12.09570026397705
-8.097189903259277
-11.538299560546875
-8.134719848632812
-10.980899810791016
-8.172249794006348
-10.423500061035156
-8.209779739379883
-9.866109848022461
-8.247309684753418
-9.308710098266602
-8.284839630126953
-8.751310348510742
-8.322369575500488
-8.193909645080566
-8.35990047454834
-7.636509895324707
-8.397430419921875
-7.079100131988525
-8.43496036529541
-6.521699905395508
-8.472490310668945
-5.964300155639648
-8.51002025604248
-5.406899929046631
-8.547550201416016
-4.849490165710449
-8.58508014678955
-4.292089939117432
-8.622610092163086
-3.734689950942993
-8.660140037536621
-3.1772899627685547
-8.697669982910156
-2.619889974594116
-8.735199928283691
-2.0624799728393555
-8.772729873657227
-1.505079984664917
-8.810259819030762
-0.9476799964904785
-8.847789764404297
-0.39027801156044006
-8.885319709777832
0.16712400317192078
-8.922849655151367
0.7245259881019592
-8.960379600524902
1.2819299697875977
-8.997909545898438
1.8393299579620361
-9.035440444946289
2.3967299461364746
-9.072970390319824
2.954129934310913
-9.11050033569336
3.511539936065674
-9.148030281066895
4.068940162658691
-9.18556022644043
4.626339912414551
-9.223090171813965
5.183740139007568
-9.2606201171875
5.741139888763428
-9.298150062561035
6.298550128936768
-9.33568000793457
6.855949878692627
-9.373209953308105
7.4133501052856445
-9.41073989868164
7.970749855041504
-9.448269844055176
8.528160095214844
-9.485799789428711
9.085559844970703
-9.523329734802246
9.642959594726562
-9.560859680175781
10.200400352478027
-9.598400115966797
10.757800102233887
-9.635930061340332
11.315199851989746
-9.673460006713867
11.872599601745605
-9.710989952087402
12.430000305175781
-9.748519897460938
