9.50469970703125
13.305000305175781
9.12975025177002
12.891500473022461
8.754799842834473
12.478099822998047
8.379850387573242
12.064599990844727
8.004899978637695
11.651200294494629
7.629950046539307
11.237799644470215
7.255000114440918
10.824299812316895
6.880050182342529
10.410900115966797
6.505099773406982
9.997429847717285
6.1301398277282715
9.583990097045898
5.755189895629883
9.170550346374512
5.380239963531494
8.757109642028809
5.0052900314331055
8.343669891357422
4.630340099334717
7.930230140686035
4.255390167236328
7.51678991317749
3.8804399967193604
7.1033501625061035
3.5054900646209717
6.689909934997559
3.130539894104004
6.27646017074585
2.7555899620056152
5.863019943237305
2.3806400299072266
5.449580192565918
2.005690097808838
5.036139965057373
1.6307400465011597
4.622700214385986
1.2557899951934814
4.209259986877441
0.880840003490448
3.7958199977874756
0.5058900117874146
3.3823800086975098
0.13093900680541992
2.968940019607544
-0.24401099979877472
2.555490016937256
-0.618960976600647
2.14205002784729
-0.9939119815826416
1.7286100387573242
-1.3688600063323975
1.3151700496673584
-1.7438100576400757
0.9017300009727478
-2.118760108947754
0.4882889986038208
-2.4937100410461426
0.0748480036854744
-2.8686599731445312
-0.3385930061340332
-3.24360990524292
-0.7520340085029602
-3.6185600757598877
-1.1654800176620483
-3.9935100078582764
-1.5789200067520142
-4.368460178375244
-1.99235999584198
-4.743410110473633
-2.4058001041412354
-5.118370056152344
-2.819240093231201
-5.493319988250732
-3.232680082321167
-5.868269920349121
-3.646120071411133
-6.24321985244751
-4.0595598220825195
-6.618169784545898
-4.4730000495910645
-6.993120193481445
-4.886439800262451
-7.368070125579834
-5.299890041351318
-7.743020057678223
-5.713329792022705
-8.11797046661377
-6.12677001953125
-8.492919921875
-6.540209770202637
-8.867870330810547
-6.953649997711182
-9.242819786071777
-7.367090225219727
-9.617770195007324
-7.780529975891113
-9.992719650268555
-8.1939697265625
-10.36769962310791
-8.607410430908203
-10.742600440979004
-9.020859718322754
-11.117600440979004
-9.434300422668457
-11.492500305175781
-9.847740173339844
-11.867500305175781
-10.261199951171875
-12.242400169372559
-10.674599647521973
-12.617400169372559
-11.08810043334961
-12.992300033569336
-11.501500129699707
-13.367300033569336
-11.914899826049805
-13.742199897766113
-12.328399658203125
-14.117199897766113
-12.741800308227539
