-9.862759590148926
-6.644720077514648
-9.570449829101562
-6.161009788513184
-9.278149604797363
-5.677299976348877
-8.98583984375
-5.19359016418457
-8.693530082702637
-4.709889888763428
-8.401220321655273
-4.226180076599121
-8.108909606933594
-3.7424700260162354
-7.8165998458862305
-3.2587599754333496
-7.524290084838867
-2.775049924850464
-7.231989860534668
-2.2913401126861572
-6.939680099487305
-1.8076399564743042
-6.647369861602783
-1.323930025100708
-6.35506010055542
-0.8402199745178223
-6.062749862670898
-0.35651201009750366
-5.770440101623535
0.12719599902629852
-5.478129863739014
0.6109039783477783
-5.18582010269165
1.0946099758148193
-4.893519878387451
1.578320026397705
-4.601210117340088
2.062030076980591
-4.308899879455566
2.5457398891448975
-4.016590118408203
3.029449939727783
-3.7242801189422607
3.5131499767303467
-3.4319698810577393
3.9968600273132324
-3.139659881591797
4.480569839477539
-2.8473598957061768
4.964280128479004
-2.5550498962402344
5.4479899406433105
-2.262739896774292
5.931690216064453
-1.9704300165176392
6.41540002822876
-1.6781200170516968
6.899109840393066
-1.3858100175857544
7.382820129394531
-1.093500018119812
7.866529941558838
-0.8011959791183472
8.350239753723145
-0.508886992931366
8.833939552307129
-0.21657900512218475
9.317649841308594
0.07572980225086212
9.801360130310059
0.36803799867630005
10.285099983215332
0.6603469848632812
10.768799781799316
