-11.341699600219727
6.271240234375
-10.969499588012695
5.867650032043457
-10.597299575805664
5.464069843292236
-10.225099563598633
5.060490131378174
-9.852910041809082
4.656899929046631
-9.48071002960205
4.253320217132568
-9.108519554138184
3.8497300148010254
-8.736319541931152
3.446150064468384
-8.364130020141602
3.04256010055542
-7.99193000793457
2.638979911804199
-7.619740009307861
2.2353999614715576
-7.24753999710083
1.8318099975585938
-6.875349998474121
1.4282300472259521
-6.50314998626709
1.0246399641036987
-6.130959987640381
0.621059000492096
-5.75875997543335
0.21747399866580963
-5.386569976806641
-0.1861100047826767
-5.014369964599609
-0.5896940231323242
-4.6421799659729
-0.993278980255127
-4.269979953765869
-1.3968600034713745
-3.89778995513916
-1.8004499673843384
-3.525589942932129
-2.2040300369262695
-3.15339994430542
-2.6076200008392334
-2.7811999320983887
-3.011199951171875
