-1.21343994140625
-12.856900215148926
-1.0137900114059448
-12.349599838256836
-0.8141390085220337
-11.84220027923584
-0.6144869923591614
-11.33489990234375
-0.41483399271965027
-10.82759952545166
-0.21518200635910034
-10.320300102233887
-0.015529300086200237
-9.813010215759277
0.1841229945421219
-9.305700302124023
0.3837760090827942
-8.79839038848877
0.5834280252456665
-8.291080474853516
0.783079981803894
-7.7837700843811035
0.9827330112457275
-7.27646017074585
1.1823899745941162
-6.7691497802734375
1.382040023803711
-6.261839866638184
1.5816899538040161
-5.75452995300293
1.7813400030136108
-5.247220039367676
1.9809900522232056
-4.739910125732422
2.180649995803833
-4.232600212097168
2.3803000450134277
-3.7253000736236572
2.5799500942230225
-3.217989921569824
2.779599905014038
-2.7106800079345703
2.979259967803955
-2.2033700942993164
3.17891001701355
-1.6960599422454834
