-14.298800468444824
13.615400314331055
-13.878000259399414
13.259200096130371
-13.457099914550781
12.902899742126465
-13.036299705505371
12.546600341796875
-12.615400314331055
12.190400123596191
-12.194600105285645
11.834099769592285
-11.773699760437012
11.477899551391602
-11.352899551391602
11.121600151062012
-10.932100296020508
10.765299797058105
-10.511199951171875
10.409099578857422
-10.090399742126465
10.052800178527832
-9.669520378112793
9.69657039642334
-9.248680114746094
9.340310096740723
-8.82783031463623
8.984049797058105
-8.406990051269531
8.627790451049805
-7.98613977432251
8.271530151367188
-7.565299987792969
7.91526985168457
-7.1444501876831055
7.559010028839111
-6.723609924316406
7.202750205993652
-6.302770137786865
6.846489906311035
-5.881919860839844
6.490230083465576
-5.461080074310303
6.133969783782959
-5.040229797363281
5.7777099609375
-4.61939001083374
5.421450138092041
-4.198540210723877
5.065199851989746
