1.7521400451660156
-7.348549842834473
1.5569299459457397
-6.822120189666748
1.3617099523544312
-6.295680046081543
1.1664999723434448
-5.76924991607666
0.9712849855422974
-5.242819786071777
0.7760710120201111
-4.716390132904053
0.58085697889328
-4.189949989318848
0.38564300537109375
-3.663520097732544
0.19043000042438507
-3.137089967727661
-0.004784110002219677
-2.6106600761413574
-0.19999800622463226
-2.0842199325561523
-0.39521199464797974
-1.5577900409698486
-0.5904250144958496
-1.0313600301742554
-0.7856389880180359
-0.504925012588501
-0.9808530211448669
0.021508099511265755
-1.176069974899292
0.5479410290718079
-1.3712799549102783
1.07437002658844
-1.5664900541305542
1.6008100509643555
-1.7617100477218628
2.127239942550659
-1.9569200277328491
2.653670072555542
-2.152139902114868
3.1800999641418457
-2.3473498821258545
3.706540107727051
-2.54256010055542
4.232970237731934
-2.7377800941467285
4.759399890899658
-2.932990074157715
5.285830020904541
-3.128200054168701
5.812270164489746
-3.3234200477600098
6.338699817657471
-3.518630027770996
6.8651299476623535
-3.7138500213623047
7.391570091247559
-3.909060001373291
7.918000221252441
-4.104269981384277
8.444430351257324
-4.299489974975586
8.97085952758789
-4.494699954986572
9.497300148010254
-4.689919948577881
10.023699760437012
-4.885129928588867
10.550200462341309
-5.0803399085998535
11.076600074768066
-5.275559902191162
11.602999687194824
-5.470769882202148
12.129500389099121
-5.665979862213135
12.655900001525879
-5.861199855804443
13.182299613952637
-6.05640983581543
13.708800315856934
-6.251629829406738
14.235199928283691
-6.446839809417725
14.76159954071045
-6.642049789428711
15.288100242614746
-6.8372697830200195
15.814499855041504
