-17.4596004486084
-0.20893900096416473
-17.015199661254883
-0.544281005859375
-16.570899963378906
-0.8796240091323853
-16.12660026550293
-1.2149699926376343
-15.68220043182373
-1.5503100156784058
-15.237899780273438
-1.8856500387191772
-14.793600082397461
-2.220989942550659
-14.349200248718262
-2.556339979171753
-13.904899597167969
-2.8916800022125244
-13.460599899291992
-3.227020025253296
-13.016200065612793
-3.5623600482940674
-12.571900367736816
-3.897710084915161
-12.127599716186523
-4.2330498695373535
-11.683199882507324
-4.568389892578125
-11.238900184631348
-4.9037299156188965
-10.794599533081055
-5.23907995223999
-10.350199699401855
-5.574419975280762
-9.905890464782715
-5.909759998321533
-9.461549758911133
-6.245100021362305
-9.017219543457031
-6.580450057983398
-8.572890281677246
-6.91579008102417
-8.128549575805664
-7.251130104064941
-7.684219837188721
-7.586470127105713
-7.239880084991455
-7.921820163726807
-6.7955498695373535
-8.257160186767578
-6.35122013092041
-8.592499732971191
-5.906879901885986
-8.927840232849121
-5.462550163269043
-9.263179779052734
-5.018209934234619
-9.598529815673828
-4.573880195617676
-9.933870315551758
-4.129549980163574
-10.269200325012207
-3.6852099895477295
-10.604599952697754
-3.240880012512207
-10.939900398254395
-2.7965500354766846
-11.275199890136719
-2.35221004486084
-11.610600471496582
-1.9078799486160278
-11.945899963378906
-1.463539958000183
-12.281299591064453
-1.0192099809646606
-12.616600036621094
-0.5748760104179382
-12.95199966430664
-0.13054199516773224
-13.287300109863281
0.3137910068035126
-13.622599601745605
0.7581250071525574
-13.958000183105469
