-1.6496399641036987
10.655599594116211
-1.260599970817566
10.255900382995605
-0.8715590238571167
9.856229782104492
-0.4825200140476227
9.456520080566406
-0.09348180145025253
9.056819915771484
0.2955569922924042
8.657119750976562
0.684594988822937
8.257410049438477
1.0736299753189087
7.857709884643555
1.4626699686050415
7.458010196685791
1.8517099618911743
7.058300018310547
2.2407500743865967
6.658599853515625
2.6297900676727295
6.258900165557861
3.0188300609588623
5.859189987182617
3.407860040664673
5.459489822387695
3.7969000339508057
5.059790134429932
4.185939788818359
4.6600799560546875
4.574979782104492
4.260379791259766
4.964019775390625
3.860680103302002
5.353059768676758
3.460969924926758
5.742090225219727
3.061269998550415
6.131130218505859
2.6615700721740723
6.520170211791992
2.261859893798828
6.909210205078125
1.8621599674224854
7.298250198364258
1.4624600410461426
7.687290191650391
1.062749981880188
8.076319694519043
0.6630489826202393
8.465359687805176
0.26334500312805176
8.854399681091309
-0.13635799288749695
9.243439674377441
-0.5360609889030457
9.632479667663574
-0.9357650279998779
10.021499633789062
-1.3354699611663818
10.410599708557129
-1.7351700067520142
10.799599647521973
-2.1348800659179688
11.188599586486816
-2.5345799922943115
11.577699661254883
-2.9342799186706543
11.966699600219727
-3.3339900970458984
12.35569953918457
-3.733690023422241
12.744799613952637
-4.133389949798584
13.13379955291748
-4.533100128173828
13.522899627685547
-4.932799816131592
13.91189956665039
-5.332499980926514
