3.7413299083709717
-4.959559917449951
3.184760093688965
-4.942460060119629
2.6281800270080566
-4.925350189208984
2.0715999603271484
-4.908249855041504
1.5150200128555298
-4.891149997711182
0.9584469795227051
-4.874040126800537
0.4018700122833252
-4.856939792633057
-0.15470799803733826
-4.839839935302734
-0.7112849950790405
-4.822740077972412
-1.2678600549697876
-4.805630207061768
-1.8244400024414062
-4.788529872894287
-2.3810200691223145
-4.771430015563965
-2.9375898838043213
-4.75432014465332
-3.4941699504852295
-4.73721981048584
-4.050749778747559
-4.720119953155518
-4.607329845428467
-4.703010082244873
-5.163899898529053
-4.685910224914551
-5.720479965209961
-4.66880989074707
-6.277060031890869
-4.651700019836426
-6.833630084991455
-4.6346001625061035
-7.390210151672363
-4.617499828338623
-7.9467902183532715
-4.6003899574279785
-8.50337028503418
-4.583290100097656
-9.059940338134766
-4.566189765930176
-9.616519927978516
-4.5490899085998535
-10.173100471496582
-4.531980037689209
-10.729700088500977
-4.514880180358887
-11.286299705505371
-4.497779846191406
-11.84280014038086
-4.480669975280762
-12.399399757385254
-4.4635701179504395
-12.956000328063965
-4.446469783782959
-13.51259994506836
-4.4293599128723145
-14.069100379943848
-4.412260055541992
