-5.764890193939209
5.110879898071289
-5.342639923095703
5.475870132446289
-4.9203901290893555
5.840849876403809
-4.49813985824585
6.205830097198486
-4.07588005065918
6.570809841156006
-3.653630018234253
6.935790061950684
-3.231379985809326
7.300769805908203
-2.8091299533843994
7.665760040283203
-2.3868699073791504
8.030739784240723
-1.9646199941635132
8.395719528198242
-1.5423699617385864
8.760700225830078
-1.1201200485229492
9.125679969787598
-0.6978650093078613
9.490659713745117
-0.2756119966506958
9.855649948120117
0.14664000272750854
10.220600128173828
0.5688920021057129
10.585599899291992
0.9911450147628784
10.950599670410156
1.4134000539779663
11.315600395202637
1.8356499671936035
11.6806001663208
2.2578999996185303
12.045499801635742
2.680150032043457
12.410499572753906
3.102410078048706
12.775500297546387
3.524660110473633
13.14050006866455
3.9469099044799805
13.505499839782715
4.369160175323486
13.870400428771973
4.791419982910156
14.235400199890137
5.213669776916504
14.6003999710083
5.63592004776001
14.965399742126465
6.058169841766357
15.330400466918945
6.480420112609863
15.69540023803711
6.902679920196533
16.060300827026367
7.324930191040039
16.42530059814453
7.747179985046387
16.790300369262695
8.169429779052734
17.15530014038086
8.591690063476562
17.520299911499023
9.01393985748291
17.88520050048828
