1.240939974784851
16.63800048828125
0.7108049988746643
16.48349952697754
0.18066999316215515
16.32900047302246
-0.3494639992713928
16.17449951171875
-0.8795989751815796
16.020000457763672
-1.4097299575805664
15.865500450134277
-1.939869999885559
15.711000442504883
-2.4700000286102295
15.556500434875488
-3.0001399517059326
15.402099609375
-3.5302700996398926
15.247599601745605
-4.060410022735596
15.093099594116211
-4.590539932250977
14.938599586486816
-5.12067985534668
14.784099578857422
-5.6508097648620605
14.629599571228027
-6.180950164794922
14.475099563598633
-6.711080074310303
14.320599555969238
-7.241219997406006
14.166099548339844
-7.771349906921387
14.01159954071045
-8.30148983001709
13.857099533081055
-8.831620216369629
13.702699661254883
-9.361760139465332
13.548199653625488
-9.891889572143555
13.393699645996094
-10.42199993133545
13.2391996383667
-10.952199935913086
13.084699630737305
-11.4822998046875
12.93019962310791
-12.012399673461914
12.775699615478516
-12.54259967803955
12.621199607849121
-13.072699546813965
12.466699600219727
-13.602800369262695
12.312199592590332
-14.133000373840332
12.157699584960938
-14.663100242614746
12.003199577331543
-15.19320011138916
11.848799705505371
-15.723400115966797
11.694299697875977
-16.25349998474121
11.539799690246582
-16.783599853515625
11.385299682617188
