-17.93589973449707
-9.111379623413086
-17.390600204467773
-8.974749565124512
-16.845399856567383
-8.838129997253418
-16.300199508666992
-8.701510429382324
-15.755000114440918
-8.56488037109375
-15.209699630737305
-8.42825984954834
-14.66450023651123
-8.291629791259766
-14.11929988861084
-8.155010223388672
-13.57409954071045
-8.018389701843262
-13.028800010681152
-7.881760120391846
-12.483599662780762
-7.745140075683594
-11.938400268554688
-7.6085100173950195
-11.393199920654297
-7.471889972686768
-10.847900390625
-7.335259914398193
-10.30270004272461
-7.198639869689941
-9.757479667663574
-7.0620198249816895
-9.212249755859375
-6.925389766693115
-8.667030334472656
-6.7887701988220215
-8.121800422668457
-6.652140140533447
-7.5765700340271
-6.515520095825195
-7.031350135803223
-6.378900051116943
-6.486120223999023
-6.242269992828369
-5.940899848937988
-6.105649948120117
-5.395669937133789
-5.969019889831543
-4.850450038909912
-5.832399845123291
-4.305220127105713
-5.695779800415039
-3.7599899768829346
-5.559150218963623
-3.2147700786590576
-5.422530174255371
-2.6695399284362793
-5.285900115966797
-2.1243200302124023
-5.149280071258545
-1.5790899991989136
-5.012660026550293
-1.033869981765747
-4.876029968261719
-0.4886400103569031
-4.739409923553467
0.0565854012966156
-4.602779865264893
0.6018109917640686
-4.466159820556641
1.1470400094985962
-4.329529762268066
1.6922600269317627
-4.192910194396973
2.237489938735962
-4.056290149688721
2.782710075378418
-3.9196600914001465
3.327939987182617
-3.7830400466918945
3.8731698989868164
-3.6464099884033203
4.418389797210693
-3.5097899436950684
4.963620185852051
-3.3731698989868164
5.508840084075928
-3.2365400791168213
6.054069995880127
-3.0999200344085693
6.599289894104004
-2.963289976119995
7.144519805908203
-2.826669931411743
