12.470000267028809
13.25570011138916
12.484600067138672
12.694299697875977
12.499199867248535
12.133000373840332
12.513799667358398
11.571599960327148
12.528400421142578
11.010299682617188
12.543000221252441
10.44890022277832
12.557600021362305
9.88759994506836
12.57229995727539
9.326250076293945
12.586899757385254
8.764909744262695
12.601499557495117
8.203559875488281
12.616100311279297
7.642210006713867
12.63070011138916
7.080860137939453
12.645299911499023
6.519519805908203
12.659899711608887
5.958169937133789
12.674500465393066
5.396820068359375
12.68910026550293
4.835480213165283
12.703800201416016
4.274129867553711
12.718400001525879
3.712779998779297
12.732999801635742
3.1514298915863037
12.747599601745605
2.590090036392212
12.762200355529785
2.0287399291992188
12.776800155639648
1.4673899412155151
12.791399955749512
0.9060450196266174
12.805999755859375
0.3446969985961914
12.820699691772461
-0.21664999425411224
12.83530044555664
-0.7779970169067383
12.849900245666504
-1.3393399715423584
12.864500045776367
-1.900689959526062
12.87909984588623
-2.4620399475097656
12.893699645996094
-3.023390054702759
12.908300399780273
-3.5847299098968506
12.922900199890137
-4.146080017089844
12.937600135803223
-4.707429885864258
12.952199935913086
-5.268770217895508
