13.43019962310791
-9.013429641723633
13.049300193786621
-8.613160133361816
12.668299674987793
-8.212889671325684
12.287300109863281
-7.812610149383545
11.906299591064453
-7.41234016418457
11.525300025939941
-7.012060165405273
11.14430046081543
-6.611790180206299
10.763299942016602
-6.211510181427002
10.38230037689209
-5.811240196228027
10.001299858093262
-5.4109601974487305
9.620309829711914
-5.010690212249756
9.239310264587402
-4.610410213470459
8.858320236206055
-4.210140228271484
8.477330207824707
-3.8098599910736084
8.096329689025879
-3.409590005874634
7.7153401374816895
-3.009310007095337
7.3343400955200195
-2.6090400218963623
6.953350067138672
-2.2087600231170654
6.572360038757324
-1.8084900379180908
6.191359996795654
-1.4082200527191162
5.810369968414307
-1.0079400539398193
5.429369926452637
-0.607666015625
5.048379898071289
-0.20739099383354187
4.667389869689941
0.19288399815559387
4.2863898277282715
0.5931580066680908
3.905400037765503
0.9934329986572266
3.5244100093841553
1.3937100172042847
3.1434099674224854
1.7939800024032593
2.7624199390411377
2.1942598819732666
2.3814198970794678
2.5945301055908203
2.000430107116699
2.994810104370117
1.619439959526062
3.395080089569092
1.2384400367736816
3.7953600883483887
0.8574489951133728
4.195630073547363
0.4764559864997864
4.59591007232666
