-1.075659990310669
0.5338460206985474
-1.6292599439620972
0.5471240282058716
-2.1828598976135254
0.5604010224342346
-2.736449956893921
0.5736789703369141
-3.2900500297546387
0.5869560241699219
-3.8436501026153564
0.6002339720726013
-4.397250175476074
0.6135119795799255
-4.950850009918213
0.6267889738082886
-5.504439830780029
0.6400669813156128
-6.058040142059326
0.653344988822937
-6.611639976501465
0.6666219830513
-7.1652398109436035
0.6798999905586243
-7.7188401222229
0.6931769847869873
-8.272430419921875
0.7064549922943115
-8.826029777526855
0.7197329998016357
-9.379630088806152
0.7330099940299988
-9.93323040008545
0.746288001537323
-10.486800193786621
0.7595660090446472
-11.040399551391602
0.7728430032730103
-11.593999862670898
0.7861210107803345
-12.147600173950195
0.7993990182876587
-12.701199531555176
0.8126760125160217
-13.254799842834473
0.825954020023346
-13.80840015411377
0.839231014251709
-14.362000465393066
0.8525090217590332
-14.915599822998047
0.8657870292663574
-15.469200134277344
0.8790640234947205
-16.02280044555664
0.8923419713973999
-16.576400756835938
0.9056199789047241
-17.1299991607666
0.9188969731330872
-17.6835994720459
0.9321749806404114
-18.237199783325195
0.9454519748687744
-18.790800094604492
0.9587299823760986
-19.34440040588379
0.9720079898834229
