-9.011119842529297
1.746809959411621
-8.81427001953125
2.263000011444092
-8.617429733276367
2.7791900634765625
-8.4205904006958
3.295380115509033
-8.223739624023438
3.811569929122925
-8.026900291442871
4.327760219573975
-7.830049991607666
4.843949794769287
-7.633210182189941
5.360139846801758
-7.436369895935059
5.8763298988342285
-7.239520072937012
6.3925299644470215
-7.042679786682129
6.908720016479492
-6.845829963684082
7.424910068511963
-6.648990154266357
7.941100120544434
-6.452149868011475
8.457289695739746
-6.255300045013428
8.973480224609375
-6.058460235595703
9.489669799804688
-5.861609935760498
10.005900382995605
-5.664770126342773
10.522100448608398
-5.467929840087891
11.038200378417969
-5.271080017089844
11.554400444030762
-5.074240207672119
12.070599555969238
-4.877389907836914
12.586799621582031
-4.6805500984191895
13.102999687194824
-4.483709812164307
13.619199752807617
-4.28685998916626
14.13539981842041
-4.090020179748535
14.651599884033203
-3.893170118331909
15.167799949645996
-3.6963300704956055
15.684000015258789
-3.4994900226593018
16.200199127197266
-3.302639961242676
16.716299057006836
-3.105799913406372
17.232500076293945
-2.908950090408325
17.748699188232422
-2.7121100425720215
18.26490020751953
-2.5152699947357178
18.781099319458008
