12.782899856567383
2.309149980545044
12.33810043334961
1.9632500410079956
11.893400192260742
1.61735999584198
11.448599815368652
1.2714600563049316
11.003899574279785
0.9255710244178772
10.559100151062012
0.5796769857406616
10.114399909973145
0.23378199338912964
9.669610023498535
-0.11211200058460236
9.224860191345215
-0.45800599455833435
8.780110359191895
-0.8039000034332275
8.335359573364258
-1.1497900485992432
7.890610218048096
-1.4956899881362915
7.445859909057617
-1.8415800333023071
7.001110076904297
-2.1874799728393555
6.556359767913818
-2.533370018005371
6.111609935760498
-2.8792600631713867
5.666860103607178
-3.2251598834991455
5.222109794616699
-3.571049928665161
4.777359962463379
-3.916949987411499
4.332610130310059
-4.2628397941589355
3.887860059738159
-4.608729839324951
3.4431099891662598
-4.954629898071289
2.9983599185943604
-5.300519943237305
2.55361008644104
-5.646420001983643
2.1088600158691406
-5.992310047149658
1.6641099452972412
-6.338200092315674
1.2193599939346313
-6.684100151062012
0.7746080160140991
-7.029990196228027
0.3298569917678833
-7.375889778137207
-0.11489299684762955
-7.721779823303223
-0.5596429705619812
-8.067680358886719
-1.004390001296997
-8.413570404052734
-1.449139952659607
-8.75946044921875
-1.8938900232315063
-9.10536003112793
-2.338639974594116
-9.451250076293945
-2.783400058746338
-9.797149658203125
-3.228149890899658
-10.142999649047852
