-4.572140216827393
15.157299995422363
-4.298830032348633
14.663200378417969
-4.025519847869873
14.169099807739258
-3.7522099018096924
13.67490005493164
-3.4788999557495117
13.180800437927246
-3.205590009689331
12.686699867248535
-2.9322800636291504
12.192500114440918
-2.6589701175689697
11.698399543762207
-2.38565993309021
11.204299926757812
-2.1123499870300293
10.710100173950195
-1.8390400409698486
10.215999603271484
-1.5657299757003784
9.721850395202637
-1.29243004322052
9.227709770202637
-1.0191199779510498
8.733579635620117
-0.7458059787750244
8.239439964294434
-0.47249698638916016
7.745309829711914
-0.1991869956254959
7.2511701583862305
0.07412250339984894
6.757040023803711
0.3474319875240326
6.262899875640869
0.6207420229911804
5.768770217895508
0.8940510153770447
5.274630069732666
1.1673599481582642
4.7804999351501465
1.4406700134277344
4.286359786987305
1.713979959487915
3.7922298908233643
1.9872900247573853
3.2980899810791016
2.2606000900268555
2.803960084915161
2.533910036087036
2.3098199367523193
2.807219982147217
1.815690040588379
3.0805299282073975
1.3215500116348267
3.3538401126861572
0.8274199962615967
3.627150058746338
0.33328500390052795
3.9004600048065186
-0.16085000336170197
4.173769950866699
-0.6549850106239319
4.447080135345459
-1.1491199731826782
4.720379829406738
-1.6432600021362305
4.993690013885498
-2.137389898300171
5.267000198364258
-2.6315300464630127
5.540309906005859
-3.125659942626953
5.813620090484619
-3.619800090789795
6.086929798126221
-4.1139302253723145
6.3602399826049805
-4.608059883117676
6.63355016708374
-5.102200031280518
6.906859874725342
-5.596330165863037
7.180170059204102
-6.090469837188721
7.453479766845703
-6.58459997177124
7.726789951324463
-7.078740119934082
8.000100135803223
-7.572869777679443
8.273409843444824
-8.067009925842285
8.546719551086426
-8.561140060424805
8.820030212402344
-9.055279731750488
9.093339920043945
-9.549409866333008
9.366649627685547
-10.043499946594238
9.639960289001465
-10.537699699401855
9.913269996643066
-11.031800270080566
10.186599731445312
-11.526000022888184
10.45989990234375
-12.020099639892578
10.733200073242188
-12.514200210571289
11.006500244140625
-13.008399963378906
11.279800415039062
-13.5024995803833
11.553099632263184
-13.996600151062012
11.826399803161621
-14.490799903869629
12.099699974060059
-14.98490047454834
12.373100280761719
-15.479000091552734
12.646400451660156
-15.973199844360352
12.919699668884277
-16.467300415039062
13.192999839782715
-16.96139907836914
13.466300010681152
-17.45560073852539
13.73960018157959
-17.94969940185547
14.012900352478027
-18.44379997253418
14.286199569702148
-18.937999725341797
14.559499740600586
-19.432100296020508
