-3.218480110168457
17.52549934387207
-3.462160110473633
17.02359962463379
-3.7058498859405518
16.521799087524414
-3.94953989982605
16.019899368286133
-4.193220138549805
15.517999649047852
-4.436910152435303
15.01609992980957
-4.680600166320801
14.514300346374512
-4.924280166625977
14.012399673461914
-5.167970180511475
13.510499954223633
-5.41165018081665
13.008600234985352
-5.655340194702148
12.506799697875977
-5.8990302085876465
12.004899978637695
-6.142710208892822
11.503000259399414
-6.38640022277832
11.001099586486816
-6.630090236663818
10.499300003051758
-6.873770236968994
9.997380256652832
-7.117459774017334
9.495499610900879
-7.361149787902832
8.993630409240723
-7.604829788208008
8.49174976348877
-7.848519802093506
7.989880084991455
-8.092209815979004
7.48799991607666
-8.33588981628418
6.986130237579346
-8.579580307006836
6.484250068664551
-8.823269844055176
5.982369899749756
-9.066949844360352
5.480500221252441
-9.310640335083008
4.9786200523376465
-9.554329872131348
4.476749897003174
-9.798009872436523
3.974869966506958
-10.04170036315918
3.4730000495910645
-10.285400390625
2.9711201190948486
-10.52910041809082
2.469249963760376
-10.77280044555664
1.9673700332641602
-11.016400337219238
1.465499997138977
-11.260100364685059
0.9636210203170776
-11.503800392150879
0.4617460072040558
-11.7475004196167
-0.04012969881296158
-11.99120044708252
-0.5420050024986267
-12.23490047454834
-1.0438799858093262
