-6.471909999847412
1.361899971961975
-6.2322797775268555
0.8699629902839661
-5.992640018463135
0.3780219852924347
-5.753009796142578
-0.1139179989695549
-5.513370037078857
-0.6058589816093445
-5.2737298011779785
-1.0978000164031982
-5.03410005569458
-1.5897400379180908
-4.794459819793701
-2.0816800594329834
-4.5548200607299805
-2.573620080947876
-4.315189838409424
-3.0655601024627686
-4.075550079345703
-3.557499885559082
-3.8359100818634033
-4.049449920654297
-3.596280097961426
-4.5413899421691895
-3.356640100479126
-5.033329963684082
-3.1170101165771484
-5.525269985198975
-2.8773701190948486
-6.017210006713867
-2.6377298831939697
-6.50915002822876
-2.398099899291992
-7.001090049743652
-2.1584599018096924
-7.493030071258545
-1.9188200235366821
-7.9849700927734375
-1.6791900396347046
-8.476909637451172
-1.4395500421524048
-8.968850135803223
-1.199910044670105
-9.460789680480957
