-4.004240036010742
9.094650268554688
-4.1745500564575195
8.55582046508789
-4.344850063323975
8.017000198364258
-4.515160083770752
7.478169918060303
-4.685460090637207
6.939350128173828
-4.855770111083984
6.400529861450195
-5.026080131530762
5.861700057983398
-5.196380138397217
5.322879791259766
-5.366690158843994
4.784049987792969
-5.5370001792907715
4.245230197906494
-5.707300186157227
3.706399917602539
-5.877610206604004
3.1675798892974854
-6.047920227050781
2.6287500858306885
-6.218220233917236
2.0899300575256348
-6.3885297775268555
1.5511000156402588
-6.5588297843933105
1.012279987335205
-6.729139804840088
0.473455011844635
-6.899449825286865
-0.06536930054426193
-7.06974983215332
-0.6041939854621887
-7.240059852600098
-1.1430200338363647
-7.410369873046875
-1.681839942932129
-7.58066987991333
-2.220669984817505
-7.750979900360107
-2.7594900131225586
-7.9212799072265625
-3.2983200550079346
-8.09158992767334
-3.8371400833129883
-8.261899948120117
-4.375969886779785
-8.43220043182373
-4.914790153503418
-8.602510452270508
-5.453619956970215
-8.772820472717285
-5.992440223693848
-8.943120002746582
-6.531260013580322
-9.11343002319336
-7.070089817047119
-9.283740043640137
-7.608910083770752
-9.454039573669434
-8.147740364074707
-9.624349594116211
-8.686559677124023
-9.794650077819824
-9.225390434265137
-9.964960098266602
-9.764209747314453
-10.135299682617188
-10.303000450134277
-10.3056001663208
-10.841899871826172
-10.475899696350098
-11.38070011138916
-10.646200180053711
-11.919500350952148
