-10.623499870300293
-18.900100708007812
-10.337699890136719
-18.43280029296875
-10.051899909973145
-17.965499877929688
-9.766189575195312
-17.498199462890625
-9.480440139770508
-17.030799865722656
-9.194680213928223
-16.563499450683594
-8.906020164489746
-16.077499389648438
-8.617349624633789
-15.591500282287598
-8.328689575195312
-15.105400085449219
-8.040019989013672
-14.619400024414062
-7.751359939575195
-14.133399963378906
-7.4626898765563965
-13.647299766540527
-7.17402982711792
-13.161299705505371
-6.885359764099121
-12.675299644470215
-6.596700191497803
-12.189299583435059
-6.308030128479004
-11.703200340270996
-6.019370079040527
-11.21720027923584
-5.7307000160217285
-10.731200218200684
-5.442039966583252
-10.245200157165527
-5.153369903564453
-9.759119987487793
-4.864709854125977
-9.273090362548828
-4.576039791107178
-8.787070274353027
-4.287380218505859
-8.301039695739746
-3.9987099170684814
-7.815010070800781
-3.710050106048584
-7.328979969024658
-3.4213900566101074
-6.842949867248535
-3.1327199935913086
-6.356919765472412
-2.844059944152832
-5.8709001541137695
-2.555389881134033
-5.3848700523376465
-2.2667300701141357
-4.898839950561523
-1.978060007095337
-4.4128098487854
-1.6893999576568604
-3.9267799854278564
-1.400730013847351
-3.4407498836517334
-1.1120699644088745
-2.9547300338745117
-0.8234009742736816
-2.4686999320983887
-0.5347359776496887
-1.9826699495315552
-0.246070995926857
-1.4966399669647217
0.04259369894862175
-1.0106099843978882
0.33125901222229004
-0.5245850086212158
0.619924008846283
-0.03855689987540245
0.9085879921913147
0.4474709928035736
1.1972500085830688
0.9334999918937683
1.4859199523925781
1.4195300340652466
1.7745800018310547
1.90556001663208
2.0632500648498535
2.391580104827881
2.35191011428833
2.877609968185425
2.64057993888855
3.363640069961548
2.9292399883270264
3.849669933319092
3.217910051345825
4.335700035095215
3.5065701007843018
4.821730136871338
3.7952399253845215
5.307750225067139
4.083899974822998
5.7937798500061035
4.372570037841797
6.279809951782227
4.661230087280273
6.76584005355835
4.949900150299072
7.251870155334473
5.238560199737549
7.7378997802734375
5.5272297859191895
8.223919868469238
5.815889835357666
8.70995044708252
6.104559898376465
9.195980072021484
6.393219947814941
9.68200969696045
6.68189001083374
10.168000221252441
6.970550060272217
10.65410041809082
7.259220123291016
11.14009952545166
7.547880172729492
11.626099586486816
7.836550235748291
12.112099647521973
8.12520980834961
12.598199844360352
8.413880348205566
13.084199905395508
8.702540397644043
13.570199966430664
8.991209983825684
14.056300163269043
9.27987003326416
14.5423002243042
9.5685396194458
15.028300285339355
9.857199668884277
15.514300346374512
10.145899772644043
16.00040054321289
10.434499740600586
16.486400604248047
