10.448200225830078
-6.824580192565918
9.971710205078125
-6.5231499671936035
9.495240211486816
-6.221710205078125
9.018759727478027
-5.920269966125488
8.542289733886719
-5.61883020401001
8.065810203552246
-5.317389965057373
7.589330196380615
-5.0159502029418945
7.112860202789307
-4.714509963989258
6.636380195617676
-4.413070201873779
6.159900188446045
-4.111639976501465
5.683430194854736
-3.8101999759674072
5.2069501876831055
-3.5087599754333496
4.730470180511475
-3.207319974899292
4.254000186920166
-2.9058799743652344
3.777519941329956
-2.6044399738311768
3.3010499477386475
-2.302999973297119
2.8245699405670166
-2.001569986343384
2.3480899333953857
-1.7001299858093262
1.8716200590133667
-1.3986899852752686
1.3951400518417358
-1.097249984741211
0.9186639785766602
-0.7958099842071533
0.44218799471855164
-0.49437201023101807
-0.034288398921489716
-0.19293299317359924
-0.510765016078949
0.10850600153207779
-0.9872410297393799
0.40994399785995483
-1.4637199640274048
0.7113829851150513
-1.9401899576187134
1.0128200054168701
-2.416670083999634
1.3142600059509277
-2.8931500911712646
1.6157000064849854
-3.3696200847625732
1.917140007019043
-3.846100091934204
2.2185800075531006
-4.322579860687256
2.520020008087158
-4.7990498542785645
2.8214499950408936
-5.275529861450195
3.122889995574951
