13.841899871826172
18.242799758911133
13.437700271606445
17.85110092163086
13.033499717712402
17.459400177001953
12.629300117492676
17.067699432373047
12.225000381469727
16.676000595092773
11.820799827575684
16.284299850463867
11.416600227355957
15.892600059509277
11.012399673461914
15.500800132751465
10.608099937438965
15.109100341796875
10.203900337219238
14.717399597167969
9.799699783325195
14.325699806213379
9.395480155944824
13.934000015258789
8.991259574890137
13.5423002243042
8.587039947509766
13.15060043334961
8.182809829711914
12.758899688720703
7.778590202331543
12.36709976196289
7.374370098114014
11.9753999710083
6.970149993896484
11.583700180053711
6.565919876098633
11.192000389099121
6.1616997718811035
10.800299644470215
5.757480144500732
10.408599853515625
5.353260040283203
10.016900062561035
4.949029922485352
9.625160217285156
4.544809818267822
9.233440399169922
4.140590190887451
8.841730117797852
3.736370086669922
8.450019836425781
3.3321399688720703
8.058309555053711
2.92792010307312
7.666590213775635
2.523699998855591
7.2748799324035645
2.1194798946380615
6.883170127868652
1.7152600288391113
6.491459846496582
1.3110300302505493
6.099740028381348
0.906810998916626
5.7080302238464355
0.5025879740715027
5.316319942474365
0.09836599975824356
4.924610137939453
-0.30585598945617676
4.5328898429870605
-0.7100790143013
4.141180038452148
-1.114300012588501
3.7494699954986572
-1.5185199975967407
3.357759952545166
-1.9227499961853027
2.966049909591675
-2.326970100402832
2.5743300914764404
-2.7311899662017822
2.182620048522949
-3.1354100704193115
1.790910005569458
-3.539639949798584
1.3991999626159668
-3.9438600540161133
1.0074800252914429
-4.348080158233643
0.6157709956169128
-4.752299785614014
0.22405800223350525
-5.156519889831543
-0.16765399277210236
-5.5607500076293945
-0.55936598777771
-5.964970111846924
-0.9510790109634399
-6.369190216064453
-1.3427900075912476
-6.773409843444824
-1.7345000505447388
-7.177639961242676
-2.1262199878692627
-7.581860065460205
-2.517930030822754
-7.986080169677734
-2.909640073776245
-8.390299797058105
-3.3013501167297363
-8.794529914855957
-3.6930699348449707
-9.198749542236328
-4.084780216217041
-9.602970123291016
-4.476490020751953
-10.007200241088867
-4.868199825286865
-10.411399841308594
-5.259920120239258
-10.815600395202637
-5.65162992477417
-11.219900131225586
-6.04334020614624
-11.624099731445312
-6.435050010681152
-12.028300285339355
-6.8267598152160645
-12.432499885559082
-7.218480110168457
-12.836700439453125
-7.610189914703369
-13.241000175476074
-8.001899719238281
-13.6451997756958
-8.393610000610352
-14.049400329589844
-8.785329818725586
-14.45359992980957
-9.177040100097656
-14.85789966583252
-9.568750381469727
-15.262100219726562
-9.96045970916748
-15.666299819946289
-10.35219955444336
-16.070499420166016
-10.743900299072266
-16.47480010986328
-11.135600090026855
-16.878999710083008
-11.527299880981445
-17.283199310302734
-11.918999671936035
-17.687400817871094
-12.310700416564941
-18.09160041809082
-12.702500343322754
-18.495899200439453
-13.094200134277344
