13.961600303649902
19.883699417114258
13.601099967956543
19.4596004486084
13.240599632263184
19.035400390625
12.88010025024414
18.611299514770508
12.519599914550781
18.18720054626465
12.159099578857422
17.763099670410156
11.798600196838379
17.338899612426758
11.43809986114502
16.9148006439209
11.07759952545166
16.490699768066406
10.717100143432617
16.066499710083008
10.35669994354248
15.642399787902832
9.996159553527832
15.218299865722656
9.635669708251953
14.794099807739258
9.275179862976074
14.369999885559082
8.914690017700195
13.945899963378906
8.554200172424316
13.521699905395508
8.193699836730957
13.097599983215332
7.833209991455078
12.673500061035156
7.472720146179199
12.24940013885498
7.112229824066162
11.825200080871582
6.751739978790283
11.401100158691406
6.391250133514404
10.97700023651123
6.030749797821045
10.552800178527832
5.670259952545166
10.128700256347656
5.309770107269287
9.704569816589355
4.94927978515625
9.28042984008789
4.588789939880371
8.856300354003906
4.228300094604492
8.432169914245605
3.867799997329712
8.008040428161621
3.507309913635254
7.58390998840332
3.146820068359375
7.159780025482178
2.786329984664917
6.735650062561035
2.425839900970459
6.311520099639893
2.06535005569458
5.88739013671875
1.7048499584197998
5.463260173797607
1.3443599939346313
5.039130210876465
0.9838700294494629
4.614999771118164
0.6233789920806885
4.190859794616699
0.26288700103759766
3.7667300701141357
-0.09760460257530212
3.342600107192993
-0.4580959975719452
2.9184699058532715
-0.8185880184173584
2.494339942932129
-1.1790800094604492
2.0702099800109863
-1.5395699739456177
1.6460800170898438
-1.9000600576400757
1.2219500541687012
-2.260550022125244
0.7978180050849915
-2.6210498809814453
0.3736880123615265
-2.9815399646759033
-0.050443198531866074
-3.3420300483703613
-0.4745739996433258
-3.7025198936462402
-0.898705005645752
-4.063010215759277
-1.3228399753570557
-4.423500061035156
-1.7469700574874878
-4.783999919891357
-2.171099901199341
-5.144489765167236
-2.5952301025390625
-5.504980087280273
-3.019360065460205
-5.865469932556152
-3.4434900283813477
-6.225959777832031
-3.8676199913024902
-6.586450099945068
-4.291749954223633
-6.9469499588012695
-4.715879917144775
-7.307439804077148
-5.140009880065918
-7.6679301261901855
-5.5641398429870605
-8.028420448303223
-5.988269805908203
