14.515399932861328
9.33668041229248
14.537300109863281
8.774809837341309
14.559300422668457
8.212940216064453
14.581199645996094
7.6510701179504395
14.603099822998047
7.0891900062561035
14.625100135803223
6.52731990814209
14.647000312805176
5.965449810028076
14.668999671936035
5.403580188751221
14.690899848937988
4.841710090637207
14.712800025939941
4.279839992523193
14.734800338745117
3.7179698944091797
14.756699562072754
3.156100034713745
14.778599739074707
2.5942299365997314
14.800600051879883
2.032360076904297
14.822500228881836
1.4704899787902832
14.844400405883789
0.9086170196533203
14.866399765014648
0.3467459976673126
14.888299942016602
-0.21512499451637268
14.910300254821777
-0.7769960165023804
14.93220043182373
-1.3388700485229492
14.954099655151367
-1.9007400274276733
14.976099967956543
-2.4626100063323975
14.998000144958496
-3.024480104446411
15.01990032196045
-3.5863499641418457
15.041899681091309
-4.148220062255859
15.063799858093262
-4.710090160369873
