0.12402500212192535
19.414600372314453
-0.019099099561572075
18.86989974975586
-0.16222399473190308
18.325199127197266
-0.3053480088710785
17.78059959411621
-0.4484719932079315
17.23590087890625
-0.5915970206260681
16.691200256347656
-0.7347210049629211
16.1466007232666
-0.8778460025787354
15.601900100708008
-1.0209699869155884
15.05720043182373
-1.1640900373458862
14.51259994506836
-1.3072199821472168
13.967900276184082
-1.4503400325775146
13.423199653625488
-1.5934699773788452
12.878600120544434
-1.736590027809143
12.333900451660156
-1.8797199726104736
11.789199829101562
-2.0228400230407715
11.244500160217285
-2.1659700870513916
10.699899673461914
-2.3090898990631104
10.155200004577637
-2.452209949493408
9.610549926757812
-2.5953400135040283
9.065879821777344
-2.738460063934326
8.521209716796875
-2.881589889526367
7.9765400886535645
-3.024709939956665
7.431879997253418
-3.167840003967285
6.887209892272949
-3.310960054397583
6.3425397872924805
-3.454090118408203
5.79787015914917
-3.597209930419922
5.253200054168701
-3.7403299808502197
4.708539962768555
-3.88346004486084
4.163869857788086
-4.026579856872559
3.6191999912261963
