-12.82349967956543
-9.713290214538574
-12.806099891662598
-9.165410041809082
-12.788800239562988
-8.61754035949707
-12.771400451660156
-8.069660186767578
-12.75409984588623
-7.521780014038086
-12.736700057983398
-6.973909854888916
-12.719300270080566
-6.426030158996582
-12.70199966430664
-5.87814998626709
-12.684599876403809
-5.33027982711792
-12.667200088500977
-4.782400131225586
-12.649900436401367
-4.234529972076416
-12.632499694824219
-3.686650037765503
-12.61520004272461
-3.13877010345459
-12.597800254821777
-2.59089994430542
-12.580400466918945
-2.043020009994507
-12.56309986114502
-1.4951499700546265
-12.545700073242188
-0.9472699761390686
-12.528400421142578
-0.3993940055370331
-12.51099967956543
0.14848299324512482
-12.493599891662598
0.6963589787483215
-12.476300239562988
1.244230031967163
-12.458900451660156
1.7921099662780762
-12.44159984588623
2.3399899005889893
-12.424200057983398
2.887860059738159
-12.406800270080566
3.4357399940490723
-12.38949966430664
3.9836199283599854
-12.372099876403809
4.531489849090576
-12.354700088500977
5.079370021820068
-12.337400436401367
5.627240180969238
-12.319999694824219
6.175119876861572
-12.30270004272461
6.7230000495910645
