3.4628798961639404
15.592000007629395
2.933809995651245
15.398799896240234
2.40474009513855
15.205599784851074
1.8756699562072754
15.012499809265137
1.34660005569458
14.819299697875977
0.817533016204834
14.626199722290039
0.2884640097618103
14.432999610900879
-0.24060499668121338
14.239899635314941
-0.7696750164031982
14.046699523925781
-1.298740029335022
13.853500366210938
-1.8278100490570068
13.660400390625
-2.356879949569702
13.46720027923584
-2.8859500885009766
13.274100303649902
-3.415019989013672
13.080900192260742
-3.944089889526367
12.887800216674805
-4.4731597900390625
12.694600105285645
-5.002230167388916
12.501399993896484
-5.531300067901611
12.308300018310547
-6.060369968414307
12.115099906921387
-6.589439868927002
11.92199993133545
-7.118509769439697
11.728799819946289
-7.6475701332092285
11.535699844360352
-8.176639556884766
11.342499732971191
-8.705710411071777
11.149299621582031
-9.234780311584473
10.956199645996094
-9.763850212097168
10.762999534606934
-10.292900085449219
10.569899559020996
-10.821999549865723
10.376700401306152
-11.351099967956543
10.183600425720215
