-2.014080047607422
11.092599868774414
-2.2267000675201416
10.572199821472168
-2.4393301010131836
10.0516996383667
-2.651949882507324
9.531259536743164
-2.864569902420044
9.01078987121582
-3.077199935913086
8.49032974243164
-3.2898199558258057
7.969860076904297
-3.5024399757385254
7.449399948120117
-3.7150700092315674
6.9289398193359375
-3.927690029144287
6.408470153808594
-4.14031982421875
5.888010025024414
-4.352940082550049
5.367549896240234
-4.5655598640441895
4.847080230712891
-4.7781901359558105
4.326620101928711
-4.990809917449951
3.8061599731445312
-5.20343017578125
3.2856900691986084
-5.416059970855713
2.7652299404144287
-5.628680229187012
2.244770050048828
-5.841300010681152
1.7243000268936157
-6.053929805755615
1.2038400173187256
-6.266550064086914
0.6833750009536743
-6.479169845581055
0.16291099786758423
-6.691800117492676
-0.3575519919395447
-6.904419898986816
-0.8780159950256348
-7.1170501708984375
-1.3984800577163696
-7.329669952392578
-1.9189399480819702
-7.542290210723877
-2.4394099712371826
-7.75492000579834
-2.9598701000213623
-7.9675397872924805
-3.480329990386963
-8.180159568786621
-4.000800132751465
-8.392789840698242
-4.521259784698486
-8.605409622192383
-5.041719913482666
-8.81803035736084
-5.562190055847168
-9.030659675598145
-6.082650184631348
-9.243280410766602
-6.603109836578369
-9.455900192260742
-7.123579978942871
-9.668530464172363
-7.644040107727051
-9.881150245666504
-8.164509773254395
-10.093799591064453
-8.684969902038574
-10.306400299072266
-9.205430030822754
-10.519000053405762
-9.725899696350098
-10.731599807739258
-10.246399879455566
-10.944299697875977
-10.766799926757812
-11.156900405883789
-11.287300109863281
-11.369500160217285
-11.80780029296875
-11.582099914550781
-12.328200340270996
-11.7947998046875
-12.848699569702148
-12.007399559020996
-13.369099617004395
-12.220000267028809
-13.889599800109863
-12.432600021362305
-14.410099983215332
-12.645299911499023
-14.930500030517578
-12.85789966583252
-15.451000213623047
-13.070500373840332
-15.971500396728516
-13.283100128173828
-16.491899490356445
-13.495800018310547
-17.012399673461914
-13.708399772644043
-17.532800674438477
-13.920999526977539
-18.053300857543945
-14.133600234985352
-18.57379913330078
