7.802509784698486
16.26759910583496
7.251410007476807
16.34040069580078
6.700319766998291
16.41309928894043
6.149219989776611
16.48590087890625
5.598120212554932
16.558700561523438
5.047029972076416
16.631399154663086
4.495930194854736
16.704200744628906
3.9448399543762207
16.777000427246094
3.393739938735962
16.849700927734375
2.842639923095703
16.922500610351562
2.2915499210357666
16.99530029296875
1.7404500246047974
17.06800079345703
1.1893600225448608
17.14080047607422
0.638260006904602
17.213499069213867
0.08716390281915665
17.286300659179688
-0.46393200755119324
17.359100341796875
-1.015030026435852
17.431800842285156
-1.5661200284957886
17.504600524902344
-2.117219924926758
17.57740020751953
-2.6683199405670166
17.650100708007812
-3.219409942626953
17.722900390625
-3.770509958267212
17.795700073242188
-4.321599960327148
17.86840057373047
-4.872700214385986
17.941200256347656
-5.423799991607666
18.013999938964844
-5.974890232086182
18.086700439453125
-6.525990009307861
18.159500122070312
-7.077079772949219
18.2322998046875
-7.628180027008057
18.30500030517578
-8.179280281066895
18.37779998779297
-8.730369567871094
18.450599670410156
-9.28147029876709
18.523300170898438
-9.832559585571289
18.596099853515625
-10.383700370788574
18.668899536132812
-10.934800148010254
18.741600036621094
-11.485899925231934
18.81439971923828
-12.03689956665039
18.88719940185547
-12.588000297546387
18.95989990234375
-13.139100074768066
19.032699584960938
-13.690199851989746
19.105499267578125
