13.633500099182129
-9.537059783935547
13.116700172424316
-9.751890182495117
12.599800109863281
-9.966710090637207
12.082900047302246
-10.181500434875488
11.566100120544434
-10.396400451660156
11.049200057983398
-10.611200332641602
10.532400131225586
-10.826000213623047
10.01550006866455
-11.040800094604492
9.498629570007324
-11.25570011138916
8.981769561767578
-11.470499992370605
8.464900016784668
-11.68529987335205
7.948040008544922
-11.900099754333496
7.4311699867248535
-12.114999771118164
6.914309978485107
-12.32979965209961
6.397449970245361
-12.544599533081055
5.880579948425293
-12.759400367736816
5.363719940185547
-12.974200248718262
4.8468499183654785
-13.18910026550293
4.329989910125732
-13.403900146484375
3.8131299018859863
-13.61870002746582
3.296260118484497
-13.833499908447266
2.779400110244751
-14.048399925231934
2.262540102005005
-14.263199806213379
1.745669960975647
-14.477999687194824
1.2288099527359009
-14.69279956817627
0.7119439840316772
-14.907699584960938
0.1950799971818924
-15.1225004196167
