-4.277760028839111
-15.79319953918457
-4.551479816436768
-15.322099685668945
-4.825200080871582
-14.851099967956543
-5.098919868469238
-14.380000114440918
-5.372640132904053
-13.909000396728516
-5.646349906921387
-13.437899589538574
-5.920070171356201
-12.96679973602295
-6.193789958953857
-12.495800018310547
-6.467510223388672
-12.024700164794922
-6.741230010986328
-11.553600311279297
-7.014949798583984
-11.082599639892578
-7.288670063018799
-10.611499786376953
-7.562389850616455
-10.14050006866455
-7.8361101150512695
-9.669400215148926
-8.109829902648926
-9.19832992553711
-8.383549690246582
-8.727270126342773
-8.657259941101074
-8.256210327148438
-8.93097972869873
-7.785150051116943
-9.204700469970703
-7.314080238342285
-9.47842025756836
-6.843019962310791
-9.752140045166016
-6.371960163116455
-10.025899887084961
-5.900899887084961
-10.299599647521973
-5.429830074310303
-10.5733003616333
-4.958769798278809
-10.847000122070312
-4.487709999084473
-11.120699882507324
-4.016650199890137
-11.394499778747559
-3.5455799102783203
-11.66819953918457
-3.0745201110839844
