14.30519962310791
-16.469900131225586
14.050600051879883
-15.97350025177002
13.795999526977539
-15.477100372314453
13.541399955749512
-14.98069953918457
13.286800384521484
-14.484399795532227
13.03219985961914
-13.98799991607666
12.777600288391113
-13.491600036621094
12.52299976348877
-12.995200157165527
12.268400192260742
-12.498900413513184
12.013899803161621
-12.0024995803833
11.759300231933594
-11.506099700927734
11.50469970703125
-11.009699821472168
11.250100135803223
-10.513400077819824
10.995499610900879
-10.017000198364258
10.740900039672852
-9.520620346069336
10.486300468444824
-9.024239540100098
10.23169994354248
-8.527870178222656
9.977109909057617
-8.031490325927734
9.722519874572754
-7.535120010375977
9.46792984008789
-7.038740158081055
9.213339805603027
-6.542369842529297
8.958740234375
-6.045989990234375
8.704150199890137
-5.549610137939453
8.449560165405273
-5.053239822387695
8.19497013092041
-4.556859970092773
7.940370082855225
-4.060490131378174
7.685780048370361
-3.564110040664673
7.431190013885498
-3.067739963531494
7.176599979400635
-2.5713601112365723
6.9220099449157715
-2.0749900341033936
6.667409896850586
-1.5786099433898926
6.412819862365723
-1.0822299718856812
6.158229827880859
-0.5858590006828308
5.903639793395996
-0.08948349952697754
5.649040222167969
0.40689200162887573
5.3944501876831055
0.9032670259475708
5.139860153198242
1.3996399641036987
4.885270118713379
1.8960200548171997
4.630670070648193
2.392390012741089
4.37608003616333
2.88877010345459
4.121490001678467
3.3851499557495117
3.8668999671936035
3.8815200328826904
3.6123099327087402
4.377900123596191
3.3577098846435547
4.874269962310791
3.1031200885772705
5.370649814605713
2.8485300540924072
5.867020130157471
2.593940019607544
6.363399982452393
2.3393399715423584
6.859769821166992
2.084749937057495
7.356150150299072
1.8301600217819214
7.852519989013672
1.575569987297058
8.348899841308594
1.320970058441162
8.845279693603516
1.0663800239562988
9.341650009155273
0.8117889761924744
9.838029861450195
0.5571969747543335
10.334400177001953
0.302605003118515
10.83080005645752
0.04801249876618385
11.327199935913086
-0.2065799981355667
11.82349967956543
-0.4611720144748688
12.319899559020996
-0.7157649993896484
12.816300392150879
-0.9703570008277893
13.312700271606445
-1.2249499559402466
13.809000015258789
-1.4795399904251099
14.305399894714355
-1.7341300249099731
14.801799774169922
-1.9887299537658691
15.298199653625488
-2.2433199882507324
15.794500350952148
