13.652099609375
-0.4821990132331848
13.211000442504883
-0.13410499691963196
12.769800186157227
0.2139890044927597
12.328700065612793
0.5620830059051514
11.88759994506836
0.9101769924163818
11.446499824523926
1.258270025253296
11.005399703979492
1.606369972229004
10.564299583435059
1.9544600248336792
10.123200416564941
2.3025500774383545
9.682129859924316
2.6506500244140625
9.241029739379883
2.9987399578094482
8.79992961883545
3.346829891204834
8.358819961547852
3.694930076599121
7.917719841003418
4.043019771575928
7.476620197296143
4.391119956970215
7.035510063171387
4.73921012878418
6.594409942626953
5.087299823760986
6.1533098220825195
5.435400009155273
5.712210178375244
5.783490180969238
5.271100044250488
6.131589889526367
4.829999923706055
6.479680061340332
4.388899803161621
6.827770233154297
3.9477999210357666
7.175869941711426
3.50669002532959
7.523960113525391
3.0655899047851562
7.8720598220825195
2.6244900226593018
8.220149993896484
2.183389902114868
8.56824016571045
1.7422800064086914
8.916339874267578
1.3011800050735474
9.264430046081543
0.8600789904594421
9.612529754638672
0.4189760088920593
9.960619926452637
-0.02212649956345558
10.308699607849121
-0.4632290005683899
10.656800270080566
-0.9043319821357727
11.004899978637695
-1.3454300165176392
11.352999687194824
-1.7865400314331055
11.70110034942627
-2.22763991355896
12.049200057983398
-2.6687400341033936
12.397299766540527
-3.109839916229248
12.745400428771973
-3.550950050354004
13.093500137329102
-3.9920499324798584
13.44159984588623
-4.433149814605713
13.78969955444336
-4.874259948730469
14.137700080871582
-5.315360069274902
14.485799789428711
-5.756460189819336
14.833900451660156
-6.197559833526611
15.182000160217285
-6.638669967651367
15.530099868774414
-7.079770088195801
15.878199577331543
-7.520870208740234
16.226299285888672
-7.96196985244751
16.574399948120117
