-4.1427001953125
11.131099700927734
-3.5844099521636963
11.077500343322754
-3.026129961013794
11.02400016784668
-2.4678499698638916
10.970399856567383
-1.909559965133667
10.916899681091309
-1.3512799739837646
10.86340045928955
-0.7929970026016235
10.809800148010254
-0.23471300303936005
10.75629997253418
0.32357001304626465
10.702699661254883
0.8818529844284058
10.649200439453125
1.4401400089263916
10.595600128173828
1.998420000076294
10.542099952697754
2.5566999912261963
10.488499641418457
3.114989995956421
10.4350004196167
3.6732699871063232
10.381400108337402
4.231550216674805
10.327899932861328
4.789840221405029
10.274399757385254
5.348120212554932
10.220800399780273
5.906400203704834
10.1673002243042
6.464690208435059
10.113699913024902
7.022970199584961
10.060199737548828
7.581250190734863
10.006600379943848
8.13953971862793
9.953080177307129
8.697819709777832
9.899539947509766
9.256099700927734
9.845990180969238
9.814390182495117
9.792449951171875
10.372699737548828
9.738900184631348
10.930999755859375
9.68535041809082
11.4891996383667
9.631810188293457
12.047499656677246
9.57826042175293
12.605799674987793
9.524720191955566
13.16409969329834
9.471170425415039
13.722399711608887
9.417630195617676
14.280699729919434
9.364080429077148
14.838899612426758
9.310529708862305
15.397199630737305
9.256990432739258
15.955499649047852
9.203439712524414
