-16.130699157714844
-0.7447739839553833
-15.663599967956543
-1.0635700225830078
-15.196499824523926
-1.3823699951171875
-14.729399681091309
-1.7011699676513672
-14.262399673461914
-2.019969940185547
-13.795299530029297
-2.3387699127197266
-13.328200340270996
-2.6575698852539062
-12.861100196838379
-2.976370096206665
-12.394000053405762
-3.2951700687408447
-11.926899909973145
-3.6139700412750244
-11.459799766540527
-3.932770013809204
-10.992799758911133
-4.251570224761963
-10.525699615478516
-4.570370197296143
-10.058600425720215
-4.889170169830322
-9.591500282287598
-5.207970142364502
-9.124420166015625
-5.526770114898682
-8.657329559326172
-5.845580101013184
-8.190250396728516
-6.164380073547363
-7.7231597900390625
-6.483180046081543
-7.256070137023926
-6.801980018615723
-6.788990020751953
-7.120779991149902
-6.321899890899658
-7.439579963684082
-5.8548197746276855
-7.758379936218262
-5.387730121612549
-8.077179908752441
-4.920650005340576
-8.395979881286621
-4.453559875488281
-8.7147798538208
-3.9864799976348877
-9.03357982635498
-3.519390106201172
-9.35237979888916
-3.052309989929199
-9.67117977142334
-2.5852200984954834
-9.98997974395752
-2.1181299686431885
-10.308799743652344
-1.6510499715805054
-10.627599716186523
-1.1839599609375
-10.946399688720703
-0.7168779969215393
-11.265199661254883
-0.24979299306869507
-11.583999633789062
0.21729299426078796
-11.902799606323242
0.6843780279159546
-12.221599578857422
1.15146005153656
-12.540399551391602
1.6185499429702759
-12.859199523925781
2.085629940032959
-13.178000450134277
2.552720069885254
-13.496800422668457
3.0198099613189697
-13.815600395202637
3.4868900775909424
-14.134400367736816
3.953979969024658
-14.453200340270996
4.421060085296631
-14.772000312805176
4.888150215148926
-15.090800285339355
5.35522985458374
-15.409600257873535
5.822319984436035
-15.728400230407715
6.289400100708008
-16.047199249267578
6.756490230560303
-16.365999221801758
7.2235798835754395
-16.684799194335938
7.690659999847412
-17.003599166870117
8.157750129699707
-17.322399139404297
8.62483024597168
-17.641199111938477
9.091919898986816
-17.959999084472656
9.559000015258789
-18.278799057006836
10.026100158691406
-18.59760093688965
10.493200302124023
-18.916400909423828
