-16.21179962158203
15.883399963378906
-16.040300369262695
15.345499992370605
-15.86870002746582
14.807600021362305
-15.697199821472168
14.269599914550781
-15.525699615478516
13.73169994354248
-15.354100227355957
13.19379997253418
-15.182600021362305
12.655799865722656
-15.011099815368652
12.117899894714355
-14.839500427246094
11.579999923706055
-14.668000221252441
11.041999816894531
-14.496500015258789
10.50409984588623
-14.324899673461914
9.966150283813477
-14.153400421142578
9.428210258483887
-13.981900215148926
8.890279769897461
-13.81029987335205
8.352350234985352
-13.638799667358398
7.814410209655762
-13.467300415039062
7.276480197906494
-13.295700073242188
6.738540172576904
-13.124199867248535
6.200610160827637
-12.95259952545166
5.662670135498047
-12.781100273132324
5.124740123748779
-12.609600067138672
4.5868000984191895
-12.437999725341797
4.048870086669922
-12.266500473022461
3.510930061340332
-12.095000267028809
2.9730000495910645
-11.923399925231934
2.4350600242614746
-11.751899719238281
1.897130012512207
-11.580400466918945
1.3592000007629395
-11.40880012512207
0.8212609887123108
-11.237299919128418
0.28332599997520447
-11.065799713134766
-0.25460800528526306
-10.894200325012207
-0.7925429940223694
-10.722700119018555
-1.3304799795150757
-10.551199913024902
-1.8684099912643433
-10.379599571228027
-2.4063498973846436
-10.208100318908691
-2.944279909133911
-10.036600112915039
-3.482219934463501
-9.865039825439453
-4.020150184631348
-9.693499565124512
-4.5580902099609375
-9.52196979522705
-5.096020221710205
-9.35042953491211
-5.633950233459473
-9.178899765014648
-6.171889781951904
-9.007369995117188
-6.709819793701172
-8.835829734802246
-7.247759819030762
-8.664299964904785
-7.785689830780029
-8.492759704589844
-8.323630332946777
-8.321229934692383
-8.861559867858887
-8.149700164794922
-9.399499893188477
-7.9781599044799805
-9.937430381774902
-7.8066301345825195
-10.4753999710083
-7.635089874267578
-11.013299942016602
-7.463560104370117
-11.551199913024902
-7.292029857635498
-12.089200019836426
-7.120490074157715
-12.627099990844727
-6.948959827423096
-13.164999961853027
-6.7774200439453125
-13.70300006866455
-6.605889797210693
-14.240900039672852
-6.434360027313232
-14.778800010681152
-6.262819766998291
-15.316800117492676
-6.09128999710083
-15.854700088500977
