-19.839500427246094
18.879899978637695
-19.459400177001953
18.486400604248047
-19.079299926757812
18.092899322509766
-18.699199676513672
17.699399948120117
-18.31909942626953
17.30590057373047
-17.93899917602539
16.912399291992188
-17.558900833129883
16.51889991760254
-17.178800582885742
16.12540054321289
-16.7987003326416
15.731800079345703
-16.41860008239746
15.338299751281738
-16.03849983215332
14.94480037689209
-15.65839958190918
14.551300048828125
-15.278300285339355
14.15779972076416
-14.898200035095215
13.764300346374512
-14.518099784851074
13.370800018310547
-14.137999534606934
12.977299690246582
-13.75790023803711
12.583800315856934
-13.377799987792969
12.190299987792969
-12.997699737548828
11.796799659729004
-12.617600440979004
11.403300285339355
-12.237500190734863
11.00979995727539
-11.857399940490723
10.616299629211426
-11.477299690246582
10.222700119018555
-11.097200393676758
9.829239845275879
-10.717100143432617
9.43572998046875
-10.336999893188477
9.042229652404785
-9.956930160522461
8.648719787597656
