14.065600395202637
-3.450429916381836
13.820899963378906
-2.947930097579956
13.576199531555176
-2.4454400539398193
13.331500053405762
-1.9429399967193604
13.086899757385254
-1.440440058708191
12.84220027923584
-0.9379429817199707
12.59749984741211
-0.43544501066207886
12.352800369262695
0.06705319881439209
12.108099937438965
0.5695509910583496
11.863499641418457
1.0720499753952026
11.618800163269043
1.5745500326156616
11.374099731445312
2.077039957046509
11.129400253295898
2.5795400142669678
10.88479995727539
3.0820400714874268
10.64009952545166
3.5845398902893066
10.395400047302246
4.087039947509766
10.150699615478516
4.589529991149902
9.90602970123291
5.092030048370361
9.66135025024414
5.59453010559082
9.416669845581055
6.097030162811279
9.171990394592285
6.599530220031738
8.927319526672363
7.102019786834717
8.682640075683594
7.604519844055176
8.437959671020508
8.107020378112793
8.193280220031738
8.609519958496094
7.948599815368652
9.11201000213623
