-14.718500137329102
16.13290023803711
-14.162099838256836
16.095199584960938
-13.605799674987793
16.057600021362305
-13.049400329589844
16.019899368286133
-12.4931001663208
15.9822998046875
-11.936800003051758
15.944600105285645
-11.380399703979492
15.906999588012695
-10.82409954071045
15.86929988861084
-10.2677001953125
15.831700325012207
-9.711389541625977
15.793999671936035
-9.155050277709961
15.756400108337402
-8.598699569702148
15.718700408935547
-8.042360305786133
15.681099891662598
-7.486020088195801
15.643400192260742
-6.929679870605469
15.60569953918457
-6.373340129852295
15.568099975585938
-5.816989898681641
15.530400276184082
-5.260650157928467
15.492799758911133
-4.704309940338135
15.455100059509277
-4.147970199584961
15.417499542236328
-3.5916199684143066
15.379799842834473
-3.0352799892425537
15.34220027923584
-2.478940010070801
15.304499626159668
-1.9226000308990479
15.266900062561035
-1.366260051727295
15.22920036315918
-0.8099139928817749
15.19159984588623
