2.3633599281311035
18.937000274658203
2.384690046310425
18.37689971923828
2.406019926071167
17.81679916381836
2.4273500442504883
17.25659942626953
2.4486899375915527
16.696500778198242
2.470020055770874
16.13629913330078
2.491349935531616
15.576199531555176
2.5126800537109375
15.015999794006348
2.5340099334716797
14.455900192260742
2.555340051651001
13.89579963684082
2.5766799449920654
13.335599899291992
2.5980100631713867
12.775500297546387
2.619339942932129
12.215299606323242
2.64067006111145
11.655200004577637
2.6619999408721924
11.095000267028809
2.6833300590515137
10.534899711608887
2.704669952392578
9.974749565124512
2.7260000705718994
9.414600372314453
2.7473299503326416
8.854459762573242
2.768660068511963
8.294320106506348
2.789989948272705
7.734169960021973
2.8113200664520264
7.17402982711792
2.832659959793091
6.613890171051025
2.853990077972412
6.05374002456665
2.8753199577331543
5.493599891662598
2.8966500759124756
4.933460235595703
2.9179799556732178
4.373310089111328
2.939310073852539
3.8131699562072754
2.9606499671936035
3.2530200481414795
2.981980085372925
2.6928799152374268
3.003309965133667
2.132740020751953
3.0246400833129883
1.5725899934768677
3.0459699630737305
1.0124499797821045
3.0673000812530518
0.45230698585510254
3.088639974594116
-0.10783600062131882
3.1099700927734375
-0.6679800152778625
3.1312999725341797
-1.228119969367981
3.152630090713501
-1.7882699966430664
3.173959970474243
-2.34840989112854
3.1952900886535645
-2.9085500240325928
3.216629981994629
-3.4686999320983887
3.23796010017395
-4.028840065002441
3.2592899799346924
-4.588980197906494
3.2806200981140137
-5.149129867553711
3.301949977874756
-5.709270000457764
3.323280096054077
-6.269410133361816
3.3446199893951416
-6.829559803009033
3.365950107574463
-7.389699935913086
3.387279987335205
-7.949850082397461
3.4086101055145264
-8.509989738464355
3.4299399852752686
-9.070130348205566
3.45127010345459
-9.630279541015625
3.4726099967956543
-10.190400123596191
3.4939401149749756
-10.75059986114502
3.5152699947357178
-11.310700416564941
3.536600112915039
-11.870800018310547
3.5579299926757812
-12.430999755859375
3.5792601108551025
-12.991100311279297
3.600600004196167
-13.551300048828125
3.621929883956909
-14.11139965057373
3.6432600021362305
-14.671600341796875
3.6645898818969727
-15.23169994354248
3.685920000076294
-15.791899681091309
3.7072501182556152
-16.351999282836914
