-13.581299781799316
-18.724599838256836
-13.186699867248535
-18.330299377441406
-12.791999816894531
-17.93600082397461
-12.39739990234375
-17.54159927368164
-12.002699851989746
-17.147300720214844
-11.608099937438965
-16.752899169921875
-11.213399887084961
-16.358600616455078
-10.818699836730957
-15.964200019836426
-10.424099922180176
-15.569899559020996
-10.029399871826172
-15.17549991607666
-9.634770393371582
-14.781200408935547
-9.240119934082031
-14.386899948120117
-8.845459938049316
-13.992500305175781
-8.450799942016602
-13.598199844360352
-8.056150436401367
-13.203800201416016
-7.661489963531494
-12.809499740600586
-7.266839981079102
-12.41510009765625
-6.872179985046387
-12.02079963684082
-6.477519989013672
-11.626399993896484
-6.082870006561279
-11.232099533081055
-5.6882100105285645
-10.837699890136719
-5.29355001449585
-10.443400382995605
-4.898900032043457
-10.049099922180176
-4.504240036010742
-9.654709815979004
-4.10959005355835
-9.260370254516602
-3.7149300575256348
-8.866020202636719
-3.32027006149292
-8.4716796875
-2.9256200790405273
-8.077340126037598
-2.5309600830078125
-7.682990074157715
-2.1363000869750977
-7.288650035858154
-1.7416499853134155
-6.8942999839782715
-1.3469899892807007
-6.499959945678711
-0.952335000038147
-6.105609893798828
-0.5576789975166321
-5.711269855499268
-0.1630229949951172
-5.316919803619385
0.2316340059041977
-4.922579765319824
0.6262900233268738
-4.5282301902771
1.0209499597549438
-4.133890151977539
1.4155999422073364
-3.7395401000976562
1.8102600574493408
-3.3452000617980957
2.2049100399017334
-2.950850009918213
2.5995700359344482
-2.5565099716186523
2.994230031967163
-2.1621599197387695
3.3888800144195557
-1.7678200006484985
3.7835400104522705
-1.3734699487686157
4.178199768066406
-0.9791300296783447
