15.777000427246094
11.292699813842773
15.464699745178223
10.837900161743164
15.152400016784668
10.383199691772461
14.840100288391113
9.928359985351562
14.527799606323242
9.473569869995117
14.215499877929688
9.018770217895508
13.90310001373291
8.563980102539062
13.590800285339355
8.109189987182617
13.278499603271484
7.654399871826172
12.96619987487793
7.1996002197265625
12.653900146484375
6.744810104370117
12.34160041809082
6.290019989013672
12.02929973602295
5.835229873657227
11.717000007629395
5.380430221557617
11.404600143432617
4.925640106201172
11.092300415039062
4.470849990844727
10.779999732971191
4.016059875488281
10.467700004577637
3.5612599849700928
10.155400276184082
3.1064701080322266
9.843090057373047
2.6516799926757812
9.530779838562012
2.196890115737915
9.218460083007812
1.7420899868011475
8.906149864196777
1.2872999906539917
8.593839645385742
0.8325089812278748
8.281530380249023
0.3777160048484802
7.969220161437988
-0.07707639783620834
7.656899929046631
-0.5318689942359924
7.344590187072754
-0.9866610169410706
7.032279968261719
-1.4414499998092651
6.719970226287842
-1.8962500095367432
6.407660007476807
-2.3510398864746094
6.095339775085449
-2.8058300018310547
5.783030033111572
-3.2606201171875
5.470719814300537
-3.7154200077056885
5.15841007232666
-4.170209884643555
4.846099853515625
-4.625
4.533780097961426
-5.079790115356445
4.221469879150391
-5.534589767456055
3.9091598987579346
-5.9893798828125
