12.520099639892578
17.520000457763672
12.584600448608398
16.966100692749023
12.64900016784668
16.41230010986328
12.713399887084961
15.858400344848633
12.777799606323242
15.30459976196289
12.842300415039062
14.750699996948242
12.906700134277344
14.196800231933594
12.971099853515625
13.642999649047852
13.035599708557129
13.089099884033203
13.100000381469727
12.535200119018555
13.164400100708008
11.981399536132812
13.228799819946289
11.427499771118164
13.293299674987793
10.873700141906738
13.35770034790039
10.31980037689209
13.422100067138672
9.76593017578125
13.486599922180176
9.21207046508789
13.550999641418457
8.658209800720215
13.615400314331055
8.104339599609375
13.679800033569336
7.550479888916016
13.74429988861084
6.996620178222656
13.808699607849121
6.442759990692139
13.873100280761719
5.888889789581299
13.937600135803223
5.3350300788879395
14.001999855041504
4.781169891357422
14.066399574279785
4.2273101806640625
14.130800247192383
3.6734399795532227
14.195300102233887
3.119580030441284
14.259699821472168
2.5657200813293457
14.32409954071045
2.011859893798828
14.38860034942627
1.457990050315857
14.45300006866455
0.9041299819946289
14.517399787902832
0.35026800632476807
14.58180046081543
-0.20359499752521515
14.646300315856934
-0.757457971572876
14.710700035095215
-1.3113199472427368
14.775099754333496
-1.8651800155639648
14.839500427246094
-2.4190499782562256
14.904000282287598
-2.972909927368164
