6.82004976272583
-13.27929973602295
6.920199871063232
-12.728099822998047
7.0203399658203125
-12.176899909973145
7.120480060577393
-11.625699996948242
7.220630168914795
-11.07450008392334
7.320769786834717
-10.52340030670166
7.420909881591797
-9.972180366516113
7.521059989929199
-9.420999526977539
7.621200084686279
-8.869810104370117
7.721340179443359
-8.31863021850586
7.8214898109436035
-7.767449855804443
7.921629905700684
-7.216259956359863
8.021769523620605
-6.6650800704956055
8.121919631958008
-6.113900184631348
8.222060203552246
-5.562709808349609
8.322199821472168
-5.011529922485352
8.42234992980957
-4.4603400230407715
8.522489547729492
-3.9091598987579346
8.62263011932373
-3.3579800128936768
8.722780227661133
-2.8067901134490967
8.822919845581055
-2.2556099891662598
8.923060417175293
-1.7044199705123901
9.023209571838379
-1.1532399654388428
9.123350143432617
-0.6020569801330566
9.223489761352539
-0.05087269842624664
9.323639869689941
0.500311017036438
9.42378044128418
1.0514999628067017
9.523920059204102
1.602679967880249
9.624070167541504
2.153860092163086
9.724209785461426
2.705049991607666
9.824350357055664
3.256230115890503
9.924500465393066
3.8074100017547607
10.0246000289917
4.35860013961792
10.124799728393555
4.909780025482178
10.224900245666504
5.460969924926758
10.32509994506836
6.012149810791016
