4.3680500984191895
-6.594220161437988
4.059209823608398
-6.1319098472595215
3.7503700256347656
-5.669589996337891
3.441540002822876
-5.20727014541626
3.132699966430664
-4.744959831237793
2.823859930038452
-4.282639980316162
2.5150198936462402
-3.820319890975952
2.2061800956726074
-3.3580100536346436
1.8973400592803955
-2.8956899642944336
1.5885100364685059
-2.4333701133728027
1.279670000076294
-1.971060037612915
0.9708300232887268
-1.508739948272705
0.6619920134544373
-1.0464199781417847
0.3531540036201477
-0.5841060280799866
0.0443154014647007
-0.12178900092840195
-0.2645229995250702
0.3405280113220215
-0.5733609795570374
0.8028450012207031
-0.8821989893913269
1.2651599645614624
-1.1910400390625
1.7274800539016724
-1.4998799562454224
2.1898000240325928
-1.808709979057312
2.6521100997924805
-2.1175498962402344
3.1144299507141113
-2.4263899326324463
3.5767500400543213
-2.735229969024658
4.039060115814209
-3.04407000541687
4.50137996673584
-3.3529000282287598
4.963699817657471
-3.6617400646209717
5.4260101318359375
-3.9705801010131836
5.888329982757568
-4.279419898986816
6.350649833679199
-4.588260173797607
6.812960147857666
-4.89709997177124
7.275279998779297
-5.205930233001709
7.737599849700928
-5.514770030975342
8.199910163879395
-5.823609828948975
8.662229537963867
-6.132450103759766
9.124549865722656
-6.441289901733398
9.586870193481445
-6.750120162963867
10.049200057983398
-7.0589599609375
10.511500358581543
-7.367800235748291
10.973799705505371
-7.676640033721924
11.436100006103516
-7.985479831695557
11.89840030670166
-8.294309616088867
12.360799789428711
-8.603150367736816
12.823100090026855
-8.91199016571045
13.285400390625
