8.430649757385254
15.699899673461914
8.018139839172363
15.323699951171875
7.605629920959473
14.947500228881836
7.193120002746582
14.57129955291748
6.780610084533691
14.195099830627441
6.368100166320801
13.819000244140625
5.955589771270752
13.44279956817627
5.543069839477539
13.06659984588623
5.130559921264648
12.690400123596191
4.718050003051758
12.314200401306152
4.305540084838867
11.937999725341797
3.8930299282073975
11.561800003051758
3.480520009994507
11.185700416564941
3.068000078201294
10.809499740600586
2.655489921569824
10.433300018310547
2.2429800033569336
10.057100296020508
1.8304699659347534
9.680919647216797
1.4179600477218628
9.304730415344238
1.0054500102996826
8.928549766540527
0.5929350256919861
8.552359580993652
0.18042400479316711
8.176179885864258
