-4.255780220031738
-13.498600006103516
-4.0447998046875
-12.984600067138672
-3.8338100910186768
-12.47070026397705
-3.6228299140930176
-11.956700325012207
-3.4118499755859375
-11.44279956817627
-3.2008700370788574
-10.928799629211426
-2.9898900985717773
-10.414899826049805
-2.778899908065796
-9.90093994140625
-2.567919969558716
-9.386980056762695
-2.3569400310516357
-8.873029708862305
-2.1459600925445557
-8.35908031463623
-1.9349700212478638
-7.84512996673584
-1.7239899635314941
-7.331180095672607
-1.513010025024414
-6.817230224609375
-1.3020299673080444
-6.303279876708984
-1.0910500288009644
-5.78931999206543
-0.8800640106201172
-5.275370121002197
-0.66908198595047
-4.761419773101807
-0.45809900760650635
-4.247469902038574
