3.7555899620056152
-14.420900344848633
3.6023900508880615
-13.89680004119873
3.449199914932251
-13.372599601745605
3.2960000038146973
-12.84850025177002
3.142810106277466
-12.324399948120117
2.989609956741333
-11.800299644470215
2.8364100456237793
-11.276100158691406
2.6832199096679688
-10.751999855041504
2.530019998550415
-10.227899551391602
2.3768301010131836
-9.703740119934082
2.223629951477051
-9.179610252380371
2.070430040359497
-8.65548038482666
1.917240023612976
-8.131349563598633
1.7640399932861328
-7.60722017288208
1.6108499765396118
-7.083089828491211
1.4576499462127686
-6.5589599609375
1.3044500350952148
-6.034840106964111
1.1512600183486938
-5.510709762573242
0.9980630278587341
-4.986579895019531
0.8448669910430908
-4.46245002746582
0.6916710138320923
-3.9383199214935303
