-12.106100082397461
3.189579963684082
-11.714699745178223
2.790250062942505
-11.323200225830078
2.3909199237823486
-10.931699752807617
1.9915900230407715
-10.540300369262695
1.5922600030899048
-10.148799896240234
1.1929199695587158
-9.757320404052734
0.7935919761657715
-9.365859985351562
0.3942599892616272
-8.974390029907227
-0.005071990191936493
-8.58292007446289
-0.40440401434898376
-8.191459655761719
-0.8037359714508057
-7.799990177154541
-1.203070044517517
-7.408520221710205
-1.6023999452590942
-7.017049789428711
-2.001729965209961
-6.625589847564697
-2.401060104370117
-6.234119892120361
-2.8004000186920166
-5.842649936676025
-3.1997299194335938
-5.4511799812316895
-3.59906005859375
-5.059720039367676
-3.998389959335327
-4.66825008392334
-4.397719860076904
-4.276780128479004
-4.797060012817383
-3.885309934616089
-5.196390151977539
-3.493849992752075
-5.595719814300537
-3.1023800373077393
-5.995049953460693
-2.7109100818634033
-6.394390106201172
-2.3194398880004883
-6.79371976852417
-1.9279799461364746
-7.193049907684326
-1.5365099906921387
-7.592380046844482
-1.1450400352478027
-7.991710186004639
-0.7535750269889832
-8.391050338745117
-0.3621079921722412
-8.790379524230957
0.029359299689531326
-9.189709663391113
0.4208270013332367
-9.58903980255127
0.8122940063476562
-9.988369941711426
1.203760027885437
-10.387700080871582
1.595229983329773
-10.786999702453613
1.9867000579833984
-11.186400413513184
2.378159999847412
-11.585700035095215
2.769629955291748
-11.984999656677246
3.161099910736084
-12.384400367736816
3.552570104598999
-12.783699989318848
3.9440300464630127
-13.182999610900879
4.3354997634887695
-13.58240032196045
4.726970195770264
-13.98169994354248
5.118430137634277
-14.380999565124512
