-15.86929988861084
-3.0724599361419678
-15.327300071716309
-3.0571300983428955
-14.785300254821777
-3.0418100357055664
-14.243300437927246
-3.026479959487915
-13.701299667358398
-3.011159896850586
-13.159299850463867
-2.9958300590515137
-12.617300033569336
-2.9805099964141846
-12.075300216674805
-2.965179920196533
-11.533300399780273
-2.949860095977783
-10.991299629211426
-2.934530019760132
-10.449399948120117
-2.9192099571228027
-9.907360076904297
-2.9038798809051514
-9.36536979675293
-2.8885600566864014
-8.823380470275879
-2.87322998046875
-8.281390190124512
-2.857909917831421
-7.739389896392822
-2.8425800800323486
-7.197400093078613
-2.8272600173950195
-6.655409812927246
-2.811929941177368
-6.113420009613037
-2.796610116958618
-5.571430206298828
-2.781290054321289
-5.029429912567139
-2.7659599781036377
-4.48744010925293
-2.7506399154663086
-3.9454500675201416
-2.7353100776672363
-3.4034600257873535
-2.7199900150299072
