-10.069899559020996
-18.797300338745117
-9.81305980682373
-18.298900604248047
-9.55624008178711
-17.800500869750977
-9.299420356750488
-17.302099227905273
-9.04259967803955
-16.803699493408203
-8.78577995300293
-16.305299758911133
-8.528949737548828
-15.806900024414062
-8.272130012512207
-15.308500289916992
-8.015310287475586
-14.810099601745605
-7.758490085601807
-14.311699867248535
-7.501669883728027
-13.813300132751465
-7.244840145111084
-13.314800262451172
-6.988019943237305
-12.816399574279785
-6.731200218200684
-12.317999839782715
-6.474380016326904
-11.819600105285645
-6.217549800872803
-11.321200370788574
-5.960730075836182
-10.822799682617188
-5.703909873962402
-10.324399948120117
-5.447090148925781
-9.826000213623047
-5.190269947052002
-9.327589988708496
-4.933440208435059
-8.829179763793945
-4.676620006561279
-8.330769538879395
-4.4197998046875
-7.832369804382324
-4.162980079650879
-7.333960056304932
-3.9061501026153564
-6.835549831390381
-3.649329900741577
-6.337140083312988
-3.392509937286377
-5.83873987197876
-3.1356899738311768
-5.340330123901367
-2.8788700103759766
-4.841919898986816
-2.622040033340454
-4.343510150909424
-2.365220069885254
-3.8451099395751953
-2.1084001064300537
-3.3466999530792236
-1.851580023765564
-2.848289966583252
-1.5947599411010742
-2.3498799800872803
-1.3379299640655518
-1.8514800071716309
-1.0811100006103516
-1.3530700206756592
-0.8242890238761902
-0.8546609878540039
-0.5674660205841064
-0.3562540113925934
-0.3106440007686615
0.14215399324893951
-0.053821999579668045
0.6405609846115112
0.2029999941587448
1.1389700174331665
0.45982199907302856
1.6373800039291382
0.7166450023651123
2.135780096054077
0.9734669923782349
2.634190082550049
1.2302900552749634
3.1326000690460205
1.4871100187301636
3.631010055541992
1.7439299821853638
4.1294097900390625
2.000760078430176
4.627820014953613
2.257580041885376
5.126229763031006
2.514400005340576
5.624639987945557
2.7712199687957764
6.123040199279785
3.0280399322509766
6.621449947357178
3.284869909286499
7.1198601722717285
