15.336600303649902
-18.439199447631836
14.891300201416016
-18.09670066833496
14.446100234985352
-17.754100799560547
14.000800132751465
-17.41160011291504
13.5556001663208
-17.069000244140625
13.110400199890137
-16.726499557495117
12.66510009765625
-16.383899688720703
12.219900131225586
-16.04129981994629
11.7746000289917
-15.698800086975098
11.329400062561035
-15.356200218200684
10.884099960327148
-15.013699531555176
10.438899993896484
-14.671099662780762
9.993650436401367
-14.32859992980957
9.548399925231934
-13.986000061035156
9.10315990447998
-13.643500328063965
8.657919883728027
-13.30090045928955
8.21267032623291
-12.958399772644043
7.767429828643799
-12.615799903869629
7.322189807891846
-12.273300170898438
6.87693977355957
-11.930700302124023
6.431700229644775
-11.588199615478516
5.9864501953125
-11.245599746704102
5.541210174560547
-10.90310001373291
5.095970153808594
-10.560500144958496
4.650720119476318
-10.218000411987305
4.205480098724365
-9.8754301071167
3.760240077972412
-9.532879829406738
3.3149900436401367
-9.190329551696777
2.8697500228881836
-8.847780227661133
2.4245100021362305
-8.505229949951172
1.979259967803955
-8.162679672241211
1.534019947052002
-7.820129871368408
1.0887800455093384
-7.4775800704956055
0.6435310244560242
-7.1350297927856445
0.1982879936695099
-6.792479991912842
-0.246956005692482
-6.449930191040039
-0.6921989917755127
-6.107369899749756
-1.1374399662017822
-5.764820098876953
-1.5826900005340576
-5.422269821166992
-2.0279300212860107
-5.0797200202941895
-2.473170042037964
-4.737170219421387
-2.9184200763702393
-4.394619941711426
-3.3636600971221924
-4.052070140838623
-3.8089001178741455
-3.709520101547241
-4.254149913787842
-3.3669700622558594
-4.699389934539795
-3.0244200229644775
-5.14463996887207
-2.6818699836730957
-5.589879989624023
-2.3393099308013916
-6.035120010375977
-1.9967600107192993
-6.480370044708252
-1.6542099714279175
-6.925610065460205
-1.3116600513458252
-7.370850086212158
-0.9691110253334045
-7.816100120544434
-0.6265609860420227
-8.261340141296387
-0.28400999307632446
-8.70658016204834
0.058541201055049896
-9.151829719543457
0.401091992855072
-9.59706974029541
0.7436429858207703
-10.0423002243042
1.0861899852752686
-10.487600326538086
1.4287400245666504
-10.93280029296875
1.771299958229065
-11.378000259399414
2.1138501167297363
-11.8233003616333
2.456399917602539
-12.268500328063965
2.798949956893921
-12.713800430297852
3.1414999961853027
-13.159000396728516
3.4840500354766846
-13.604299545288086
3.8266000747680664
-14.049500465393066
4.169149875640869
-14.494799613952637
4.51170015335083
-14.9399995803833
4.854249954223633
-15.385199546813965
5.196800231933594
