14.753600120544434
-9.621350288391113
14.29699993133545
-9.919930458068848
13.840399742126465
-10.218500137329102
13.383700370788574
-10.51710033416748
12.92710018157959
-10.815699577331543
12.470499992370605
-11.1141996383667
12.013799667358398
-11.412799835205078
11.55720043182373
-11.711400032043457
11.100600242614746
-12.010000228881836
10.643899917602539
-12.308600425720215
10.187299728393555
-12.607099533081055
9.730649948120117
-12.905699729919434
9.274009704589844
-13.204299926757812
8.81737995147705
-13.502900123596191
8.360750198364258
-13.801400184631348
7.904109954833984
-14.100000381469727
7.447480201721191
-14.398599624633789
6.990839958190918
-14.697199821472168
