-0.9368169903755188
16.93120002746582
-1.3626699447631836
16.56529998779297
-1.7885299921035767
16.19930076599121
-2.2143800258636475
15.833399772644043
-2.640239953994751
15.467399597167969
-3.0660901069641113
15.101499557495117
-3.491950035095215
14.73550033569336
-3.917799949645996
14.369600296020508
-4.3436598777771
14.003600120544434
-4.769509792327881
13.637700080871582
-5.195370197296143
13.27180004119873
-5.621220111846924
12.905799865722656
-6.047070026397705
12.539899826049805
-6.472929954528809
12.17389965057373
-6.89877986907959
11.807999610900879
-7.324639797210693
11.442000389099121
-7.750490188598633
11.07610034942627
-8.176349639892578
10.710100173950195
-8.60219955444336
10.344200134277344
-9.028059959411621
9.978249549865723
-9.453909873962402
9.612299919128418
-9.879770278930664
9.246359825134277
-10.3056001663208
8.880410194396973
-10.731499671936035
8.514470100402832
-11.157299995422363
8.148520469665527
-11.583200454711914
7.7825798988342285
-12.008999824523926
7.416629791259766
-12.434900283813477
7.050690174102783
-12.860799789428711
6.68474006652832
-13.286600112915039
6.31879997253418
-13.712499618530273
5.952849864959717
-14.138299942016602
5.586909770965576
-14.564200401306152
5.2209601402282715
-14.989999771118164
4.855020046234131
-15.415900230407715
4.489069938659668
-15.841699600219727
4.123119831085205
-16.26759910583496
3.7571799755096436
-16.69339942932129
3.3912301063537598
-17.119300842285156
3.025290012359619
-17.54520034790039
2.6593399047851562
-17.97100067138672
2.2934000492095947
-18.396900177001953
1.9274499416351318
-18.82270050048828
1.5615099668502808
-19.248600006103516
1.1955599784851074
-19.674400329589844
0.829617977142334
