16.357200622558594
6.818719863891602
15.798199653625488
6.869729995727539
15.2391996383667
6.920740127563477
14.68019962310791
6.971749782562256
14.121100425720215
7.022759914398193
13.562100410461426
7.073770046234131
13.003100395202637
7.124780178070068
12.444100379943848
7.175789833068848
11.885000228881836
7.226799964904785
11.326000213623047
7.277810096740723
10.767000198364258
7.32882022857666
10.208000183105469
7.3798298835754395
9.648929595947266
7.430840015411377
9.089900016784668
7.4818501472473145
8.53087043762207
7.532859802246094
7.9718499183654785
7.583869934082031
7.412819862365723
7.634880065917969
6.853799819946289
7.685890197753906
6.294769763946533
7.7368998527526855
5.7357401847839355
7.787909984588623
5.176720142364502
7.8389201164245605
4.617690086364746
7.88992977142334
4.05866003036499
7.940939903259277
3.4996399879455566
7.991950035095215
2.940609931945801
8.042960166931152
2.381589889526367
8.09397029876709
1.8225599527359009
8.144980430603027
1.2635300159454346
8.195989608764648
0.7045080065727234
8.246999740600586
0.14548200368881226
8.298009872436523
-0.4135439991950989
8.349020004272461
-0.97257000207901
8.400030136108398
-1.531599998474121
8.451040267944336
-2.0906200408935547
8.502050399780273
-2.6496500968933105
8.553059577941895
-3.208669900894165
8.604069709777832
-3.767699956893921
8.65507984161377
-4.326729774475098
8.706089973449707
-4.885749816894531
8.757100105285645
-5.444779872894287
8.808110237121582
-6.003809928894043
8.85912036895752
-6.562829971313477
8.910140037536621
-7.121860027313232
8.961150169372559
-7.680880069732666
9.012160301208496
-8.239910125732422
9.063170433044434
-8.79893970489502
9.114179611206055
-9.357959747314453
9.165189743041992
-9.916990280151367
9.21619987487793
-10.47599983215332
9.267210006713867
-11.03499984741211
9.318220138549805
-11.594099998474121
9.369230270385742
-12.15310001373291
9.42024040222168
-12.7121000289917
9.4712495803833
-13.271100044250488
9.522259712219238
-13.8302001953125
9.573269844055176
-14.389200210571289
9.624279975891113
-14.948200225830078
9.67529010772705
-15.507200241088867
9.726300239562988
-16.066299438476562
9.777310371398926
-16.62529945373535
9.828319549560547
-17.18429946899414
9.879329681396484
-17.74340057373047
9.930339813232422
-18.302400588989258
9.98134994506836
-18.861400604248047
10.032400131225586
-19.420400619506836
10.083399772644043
-19.97949981689453
10.134400367736816
