19.346500396728516
16.652999877929688
18.801000595092773
16.522600173950195
18.25550079345703
16.392200469970703
17.709999084472656
16.261899948120117
17.164499282836914
16.131500244140625
16.618999481201172
16.001100540161133
16.07349967956543
15.870800018310547
15.527999877929688
15.740400314331055
14.982600212097168
15.609999656677246
14.437100410461426
15.479599952697754
13.891599655151367
15.349300384521484
13.346099853515625
15.218899726867676
12.800600051879883
15.088500022888184
12.25510025024414
14.958200454711914
11.709600448608398
14.827799797058105
11.16409969329834
14.697400093078613
10.618599891662598
14.567099571228027
10.073200225830078
14.436699867248535
9.527669906616211
14.306300163269043
8.982179641723633
14.17590045928955
8.436690330505371
14.045599937438965
7.891200065612793
13.915200233459473
7.345719814300537
13.784799575805664
6.800230026245117
13.654500007629395
6.254740238189697
13.524100303649902
5.709249973297119
13.393699645996094
5.163760185241699
13.263400077819824
4.618269920349121
13.133000373840332
4.072780132293701
13.002599716186523
3.527290105819702
12.872200012207031
2.9818100929260254
12.741900444030762
2.4363200664520264
12.611499786376953
1.8908300399780273
12.481100082397461
1.3453400135040283
12.350799560546875
0.7998520135879517
12.220399856567383
0.2543630003929138
12.09000015258789
-0.291126012802124
11.959699630737305
-0.8366140127182007
11.829299926757812
-1.382099986076355
11.69890022277832
-1.927590012550354
11.568499565124512
-2.4730799198150635
11.438199996948242
-3.0185699462890625
11.30780029296875
-3.5640599727630615
11.177399635314941
-4.1095499992370605
11.047100067138672
-4.655029773712158
10.91670036315918
-5.200520038604736
10.786299705505371
-5.746009826660156
10.656000137329102
-6.291500091552734
10.52560043334961
-6.836989879608154
10.3951997756958
-7.382480144500732
10.264800071716309
-7.927969932556152
10.134499549865723
-8.47346019744873
10.00409984588623
-9.018939971923828
9.873740196228027
-9.564430236816406
9.743370056152344
-10.10990047454834
9.61299991607666
-10.655400276184082
9.482629776000977
-11.200900077819824
9.352259635925293
-11.746399879455566
9.221890449523926
