16.41900062561035
1.541659951210022
15.928199768066406
1.2749099731445312
15.437299728393555
1.0081599950790405
14.946499824523926
0.7414109706878662
14.455599784851074
0.4746609926223755
13.964799880981445
0.20791099965572357
13.473899841308594
-0.05883919820189476
12.983099937438965
-0.32558900117874146
12.492199897766113
-0.5923389792442322
12.001399993896484
-0.8590890169143677
11.510499954223633
-1.1258399486541748
11.019700050354004
-1.392590045928955
10.528800010681152
-1.6593400239944458
10.038000106811523
-1.9260900020599365
9.547120094299316
-2.192840099334717
9.056269645690918
-2.459589958190918
8.565420150756836
-2.7263400554656982
8.074569702148438
-2.9930899143218994
7.583710193634033
-3.2598400115966797
7.092860221862793
-3.52659010887146
6.6020097732543945
-3.793339967727661
6.111159801483154
-4.060090065002441
5.620309829711914
-4.326839923858643
5.129459857940674
-4.593589782714844
4.638609886169434
-4.860340118408203
4.147749900817871
-5.127089977264404
3.656899929046631
-5.3938398361206055
3.1660499572753906
-5.660590171813965
2.6751999855041504
-5.927340030670166
2.18435001373291
-6.194089889526367
1.69350004196167
-6.460840225219727
1.2026400566101074
-6.727590084075928
0.7117919921875
-6.994339942932129
