-7.339960098266602
7.548019886016846
-6.926980018615723
7.162139892578125
-6.513999938964844
6.776259899139404
-6.101009845733643
6.390379905700684
-5.688029766082764
6.004499912261963
-5.275050163269043
5.6186299324035645
-4.862070083618164
5.232749938964844
-4.449079990386963
4.846869945526123
-4.036099910736084
4.460989952087402
-3.623120069503784
4.075119972229004
-3.2101399898529053
3.689239978790283
-2.797149896621704
3.3033599853515625
-2.3841700553894043
2.917479991912842
-1.9711899757385254
2.5316100120544434
-1.558210015296936
2.1457300186157227
-1.1452200412750244
1.759850025177002
-0.7322409749031067
1.3739700317382812
-0.3192580044269562
0.9880949854850769
0.09372430294752121
0.602217972278595
0.5067070126533508
0.21634000539779663
0.9196889996528625
-0.1695380061864853
1.332669973373413
-0.5554149746894836
1.745650053024292
-0.9412930011749268
2.158639907836914
-1.3271700143814087
2.571619987487793
-1.7130500078201294
2.984600067138672
-2.0989298820495605
3.3975799083709717
-2.484800100326538
3.810570001602173
-2.870680093765259
4.223549842834473
-3.2565600872039795
4.636529922485352
-3.6424400806427
5.0495100021362305
-4.0283098220825195
5.462500095367432
-4.41418981552124
5.8754801750183105
-4.800069808959961
6.288459777832031
-5.185949802398682
6.70143985748291
-5.57181978225708
7.114429950714111
-5.957699775695801
7.52741003036499
-6.3435797691345215
7.940390110015869
-6.729459762573242
8.35336971282959
-7.115340232849121
8.76636028289795
-7.5012102127075195
9.179340362548828
-7.88709020614624
9.592320442199707
-8.272970199584961
10.00529956817627
-8.658849716186523
10.418299674987793
-9.044719696044922
10.831299781799316
-9.4306001663208
11.24429988861084
-9.816479682922363
11.65719985961914
-10.202400207519531
12.070199966430664
-10.588199615478516
12.483200073242188
-10.974100112915039
12.896200180053711
-11.359999656677246
13.309200286865234
-11.74590015411377
13.722100257873535
-12.131699562072754
14.135100364685059
-12.517600059509277
14.548100471496582
-12.903499603271484
14.961099624633789
-13.289400100708008
15.374099731445312
-13.675299644470215
15.679300308227539
-13.95930004119873
15.98449993133545
-14.243300437927246
16.28969955444336
-14.527299880981445
