-4.175099849700928
9.407299995422363
-3.698820114135742
9.704879760742188
-3.222529888153076
10.0024995803833
-2.7462399005889893
10.300000190734863
-2.2699499130249023
10.597599983215332
-1.793660044670105
10.8951997756958
-1.317370057106018
11.19279956817627
-0.8410829901695251
11.490400314331055
-0.364793986082077
11.7878999710083
0.1114950031042099
12.08549976348877
0.5877839922904968
12.383099555969238
1.0640699863433838
12.680700302124023
1.5403599739074707
12.978300094604492
2.0166499614715576
13.275799751281738
2.4929399490356445
13.573399543762207
2.9692299365997314
13.871000289916992
3.4455199241638184
14.168600082397461
3.9218099117279053
14.46619987487793
4.39808988571167
14.763699531555176
4.874380111694336
15.061300277709961
5.350669860839844
15.35890007019043
5.82696008682251
15.656499862670898
6.303249835968018
15.954099655151367
6.779540061950684
16.251699447631836
7.255829811096191
16.5492000579834
7.732120037078857
16.846799850463867
8.208399772644043
17.144399642944336
8.684690475463867
17.441999435424805
9.160980224609375
17.739599227905273
9.637269973754883
18.037099838256836
10.11359977722168
18.334699630737305
10.589799880981445
18.632299423217773
11.066100120544434
18.929899215698242
11.542400360107422
19.227500915527344
12.018699645996094
19.524999618530273
