-13.917799949645996
-14.30620002746582
-13.378499984741211
-14.16189956665039
-12.839200019836426
-14.0177001953125
-12.29990005493164
-13.87339973449707
-11.760600090026855
-13.72920036315918
-11.22130012512207
-13.58489990234375
-10.682000160217285
-13.440699577331543
-10.1427001953125
-13.29640007019043
-9.60338020324707
-13.152199745178223
-9.064080238342285
-13.00790023803711
-8.524789810180664
-12.863699913024902
-7.985489845275879
-12.719400405883789
-7.446189880371094
-12.575200080871582
-6.906889915466309
-12.430899620056152
-6.367589950561523
-12.286700248718262
-5.828289985656738
-12.142399787902832
-5.289000034332275
-11.998200416564941
-4.74970006942749
-11.853899955749512
-4.210400104522705
-11.709699630737305
-3.671099901199341
-11.565400123596191
-3.1317999362945557
-11.421199798583984
-2.5924999713897705
-11.276900291442871
-2.0532100200653076
-11.132699966430664
-1.5139100551605225
-10.98840045928955
-0.9746090173721313
-10.844200134277344
-0.4353100061416626
-10.699899673461914
0.10398799926042557
-10.555700302124023
0.6432859897613525
-10.411399841308594
1.1825799942016602
-10.267200469970703
1.7218799591064453
-10.122900009155273
2.2611799240112305
-9.978690147399902
2.8004798889160156
-9.834440231323242
