-3.6508700847625732
-7.121870040893555
-3.0980300903320312
-7.008029937744141
-2.5451900959014893
-6.894199848175049
-1.9923499822616577
-6.780360221862793
-1.439520001411438
-6.666530132293701
-0.8866770267486572
-6.552690029144287
-0.33383798599243164
-6.438859939575195
0.21900099515914917
-6.3250298500061035
0.77183997631073
-6.211190223693848
1.324679970741272
-6.097360134124756
1.877519965171814
-5.983520030975342
2.4303600788116455
-5.86968994140625
2.9832000732421875
-5.755849838256836
3.5360300540924072
-5.642020225524902
4.088870048522949
-5.528180122375488
4.641709804534912
-5.4143500328063965
5.194550037384033
-5.300509929656982
5.747389793395996
-5.186679840087891
6.300230026245117
-5.072840213775635
6.85306978225708
-4.959010124206543
7.405910015106201
-4.845180034637451
7.958749771118164
-4.731339931488037
8.511580467224121
-4.617509841918945
9.064419746398926
-4.5036702156066895
9.617259979248047
-4.389840126037598
10.170100212097168
-4.276000022888184
