6.5014801025390625
-5.19674015045166
6.756710052490234
-4.70382022857666
7.011940002441406
-4.210899829864502
7.267159938812256
-3.717979907989502
7.522389888763428
-3.225059986114502
7.7776198387146
-2.732140064239502
8.03285026550293
-2.239219903945923
8.288080215454102
-1.7463099956512451
8.543310165405273
-1.2533899545669556
8.798540115356445
-0.7604659795761108
9.053770065307617
-0.26754599809646606
9.309000015258789
0.2253739982843399
9.564229965209961
0.7182930111885071
9.819459915161133
1.211210012435913
10.074700355529785
1.7041300535202026
10.329899787902832
2.197050094604492
10.585100173950195
2.689970016479492
10.840399742126465
3.182889938354492
11.095600128173828
3.6758100986480713
11.350799560546875
4.168729782104492
11.606100082397461
4.66165018081665
11.861300468444824
5.15457010269165
12.116499900817871
5.64749002456665
12.371800422668457
6.14040994644165
12.626999855041504
6.63332986831665
12.882200241088867
7.12624979019165
13.137399673461914
7.619170188903809
13.3927001953125
8.112090110778809
13.647899627685547
8.605010032653809
13.90310001373291
9.097929954528809
14.15839958190918
9.590849876403809
14.413599967956543
10.083800315856934
14.668800354003906
10.576700210571289
14.924099922180176
11.069600105285645
15.179300308227539
11.5625
15.434499740600586
12.055399894714355
15.68970012664795
12.548399925231934
15.944999694824219
13.041299819946289
16.200199127197266
13.534199714660645
16.455400466918945
14.027099609375
16.7106990814209
14.520000457763672
16.965900421142578
15.012999534606934
17.221099853515625
15.505900382995605
17.476299285888672
15.998800277709961
17.731599807739258
16.49169921875
17.986799240112305
16.984600067138672
18.242000579833984
17.47760009765625
18.497299194335938
17.970500946044922
18.752500534057617
18.46339988708496
19.007699966430664
18.956300735473633
19.26300048828125
19.449199676513672
