13.0871000289917
-19.382200241088867
12.692500114440918
-18.980199813842773
12.297900199890137
-18.57830047607422
11.903300285339355
-18.176300048828125
11.508700370788574
-17.77440071105957
11.114100456237793
-17.372400283813477
10.719499588012695
-16.970500946044922
10.324899673461914
-16.568500518798828
9.930330276489258
-16.16659927368164
9.53573989868164
-15.764599800109863
9.14115047454834
-15.362700462341309
8.746560096740723
-14.960700035095215
8.351960182189941
-14.558799743652344
7.957369804382324
-14.156800270080566
7.562779903411865
-13.754899978637695
7.168190002441406
-13.352999687194824
6.773600101470947
-12.951000213623047
6.379010200500488
-12.549099922180176
5.984419822692871
-12.147100448608398
5.589829921722412
-11.745200157165527
5.195240020751953
-11.343199729919434
4.800650119781494
-10.941300392150879
4.406060218811035
-10.539299964904785
4.011469841003418
-10.137399673461914
3.6168699264526367
-9.735429763793945
3.2222800254821777
-9.333479881286621
2.8276898860931396
-8.931539535522461
2.4330999851226807
-8.529589653015137
2.0385100841522217
-8.127639770507812
1.6439199447631836
-7.7256999015808105
1.2493300437927246
-7.323750019073486
0.8547379970550537
-6.921800136566162
0.4601469933986664
-6.51984977722168
0.06555639952421188
-6.117909908294678
-0.3290340006351471
-5.7159600257873535
-0.7236250042915344
-5.314010143280029
-1.1182199716567993
-4.912069797515869
-1.5128099918365479
-4.510119915008545
-1.9074000120162964
-4.108170032501221
-2.301990032196045
-3.7062299251556396
-2.696579933166504
-3.3042800426483154
-3.091170072555542
-2.902329921722412
-3.485759973526001
-2.50039005279541
-3.880350112915039
-2.098439931869507
-4.274940013885498
-1.6964900493621826
-4.669529914855957
-1.2945400476455688
-5.064119815826416
-0.8925979733467102
-5.4587202072143555
-0.49065101146698
-5.8533101081848145
-0.08870410174131393
-6.247900009155273
0.31324300169944763
-6.642489910125732
0.7151899933815002
-7.037079811096191
1.1171400547027588
-7.431670188903809
1.5190800428390503
-7.826260089874268
1.921030044555664
-8.220849990844727
2.3229799270629883
-8.615440368652344
2.7249200344085693
-9.010029792785645
3.1268699169158936
-9.404620170593262
3.528820037841797
-9.799220085144043
3.930769920349121
-10.19379997253418
4.332709789276123
-10.588399887084961
4.7346601486206055
-10.982999801635742
5.13661003112793
-11.377599716186523
5.538549900054932
-11.772199630737305
5.940499782562256
-12.166799545288086
6.342450141906738
-12.561400413513184
6.74439001083374
-12.955900192260742
7.1463398933410645
-13.350500106811523
7.548289775848389
-13.745100021362305
7.950230121612549
-14.139699935913086
8.352179527282715
-14.534299850463867
8.754130363464355
-14.928899765014648
9.15608024597168
-15.32349967956543
9.558019638061523
-15.718099594116211
9.959970474243164
-16.112699508666992
10.361900329589844
-16.507299423217773
10.763899803161621
-16.901899337768555
11.165800094604492
-17.29640007019043
11.56779956817627
