-5.461080074310303
-5.213200092315674
-5.06417989730835
-4.812510013580322
-4.667280197143555
-4.411819934844971
-4.270380020141602
-4.011129856109619
-3.8734800815582275
-3.6104400157928467
-3.476569890975952
-3.209739923477173
-3.079669952392578
-2.8090500831604004
-2.682770013809204
-2.408360004425049
-2.28587007522583
-2.0076699256896973
-1.8889700174331665
-1.6069799661636353
-1.492069959640503
-1.2062900066375732
-1.095170021057129
-0.8055989742279053
-0.6982709765434265
-0.4049080014228821
-0.3013699948787689
-0.004217430017888546
0.09553050249814987
0.3964740037918091
0.49243101477622986
0.7971640229225159
0.8893319964408875
1.1978600025177002
1.2862299680709839
1.5985499620437622
1.6831300258636475
1.9992400407791138
2.0800299644470215
2.399930000305176
2.4769299030303955
2.8006200790405273
2.8738300800323486
3.2013099193573
3.270740032196045
3.6019999980926514
3.667639970779419
4.002689838409424
4.064539909362793
4.403379917144775
4.461440086364746
4.804069995880127
4.858339786529541
5.2047600746154785
5.255239963531494
5.605460166931152
5.652140140533447
6.006149768829346
6.049039840698242
6.406839847564697
6.445940017700195
6.807529926300049
6.842840194702148
7.2082200050354
7.239739894866943
7.608910083770752
7.6366400718688965
8.009599685668945
8.033539772033691
8.410289764404297
8.430439949035645
8.810979843139648
8.827340126037598
9.211669921875
9.22424030303955
9.612369537353516
9.621139526367188
10.013099670410156
10.017999649047852
10.413700103759766
10.414899826049805
10.814399719238281
