-5.659379959106445
19.769800186157227
-5.178999900817871
19.477100372314453
-4.698619842529297
19.184499740600586
-4.218239784240723
18.891799926757812
-3.7378599643707275
18.599199295043945
-3.2574799060821533
18.306499481201172
-2.7771100997924805
18.013900756835938
-2.2967300415039062
17.721200942993164
-1.816349983215332
17.428499221801758
-1.3359700441360474
17.135900497436523
-0.855588972568512
16.84320068359375
-0.3752099871635437
16.550600051879883
0.10516899824142456
16.25790023803711
0.5855479836463928
15.965299606323242
1.0659300088882446
15.672599792480469
1.5463099479675293
15.379899978637695
2.0266799926757812
15.087300300598145
2.5070600509643555
14.794599533081055
2.9874401092529297
14.501999855041504
3.467819929122925
14.20930004119873
3.948199987411499
13.91670036315918
4.428579807281494
13.62399959564209
4.908959865570068
13.331399917602539
5.389339923858643
13.038700103759766
5.869719982147217
12.746000289916992
6.350100040435791
12.453399658203125
6.830470085144043
12.160699844360352
7.310850143432617
11.8681001663208
7.791230201721191
11.575400352478027
8.271610260009766
11.28279972076416
8.75199031829834
10.990099906921387
9.232370376586914
10.697500228881836
9.712750434875488
10.404800415039062
10.193099975585938
10.112099647521973
10.673500061035156
9.819490432739258
11.153900146484375
9.526829719543457
11.634300231933594
9.234180450439453
12.11460018157959
8.941519737243652
12.595000267028809
8.648859977722168
13.075400352478027
8.356209754943848
