-17.867799758911133
-7.005159854888916
-17.745100021362305
-6.455580234527588
-17.622299194335938
-5.906000137329102
-17.49959945678711
-5.356420040130615
-17.37689971923828
-4.806839942932129
-17.254100799560547
-4.257259845733643
-17.131399154663086
-3.7076799869537354
-17.008699417114258
-3.158099889755249
-16.885900497436523
-2.608530044555664
-16.763200759887695
-2.0589499473571777
-16.640499114990234
-1.509369969367981
-16.5177001953125
-0.9597880244255066
-16.395000457763672
-0.4102090001106262
-16.272300720214844
0.13936999440193176
-16.149599075317383
0.6889489889144897
-16.02680015563965
1.2385300397872925
-15.90410041809082
1.7881100177764893
-15.781399726867676
2.3376901149749756
-15.658599853515625
2.887269973754883
-15.535900115966797
3.436840057373047
-15.413200378417969
3.986419916152954
-15.290399551391602
4.535999774932861
-15.167699813842773
5.085579872131348
-15.045000076293945
5.635159969329834
-14.922300338745117
6.18474006652832
-14.799500465393066
6.734320163726807
-14.676799774169922
7.283899784088135
-14.554100036621094
7.833479881286621
-14.431300163269043
8.383060455322266
-14.308600425720215
8.932640075683594
-14.18589973449707
9.482210159301758
-14.06309986114502
10.031800270080566
-13.940400123596191
10.581399917602539
-13.817700386047363
11.130999565124512
-13.694899559020996
11.680500030517578
-13.572199821472168
12.23009967803955
-13.44950008392334
12.77970027923584
-13.326800346374512
13.329299926757812
-13.204000473022461
13.878800392150879
-13.081299781799316
14.428400039672852
-12.958600044250488
14.977999687194824
-12.835800170898438
15.527600288391113
-12.71310043334961
16.077199935913086
-12.590399742126465
16.626699447631836
