-17.0851993560791
-0.20346799492835999
-16.567800521850586
-0.38517698645591736
-16.050500869750977
-0.5668870210647583
-15.53320026397705
-0.7485960125923157
-15.015899658203125
-0.930305004119873
-14.498600006103516
-1.1120100021362305
-13.981200218200684
-1.293720006942749
-13.463899612426758
-1.4754300117492676
-12.946599960327148
-1.6571400165557861
-12.429300308227539
-1.8388500213623047
-11.911999702453613
-2.0205600261688232
-11.394599914550781
-2.202270030975342
-10.877300262451172
-2.3839800357818604
-10.359999656677246
-2.565690040588379
-9.842679977416992
-2.7474000453948975
-9.325360298156738
-2.929110050201416
-8.808039665222168
-3.1108100414276123
-8.29071044921875
-3.292520046234131
-7.77338981628418
-3.4742300510406494
-7.256070137023926
-3.655940055847168
-6.738749980926514
-3.8376500606536865
-6.221429824829102
-4.019360065460205
-5.704110145568848
-4.2010698318481445
-5.1867899894714355
-4.382780075073242
-4.669469833374023
-4.564489841461182
-4.1521501541137695
-4.746200084686279
-3.6348299980163574
-4.927909851074219
