18.723100662231445
10.156200408935547
18.444700241088867
9.680330276489258
18.16629981994629
9.204429626464844
17.88789939880371
8.728540420532227
17.609500885009766
8.252639770507812
17.331100463867188
7.776750087738037
17.052600860595703
7.300849914550781
16.774200439453125
6.824960231781006
16.495800018310547
6.34906005859375
16.21739959716797
5.873169898986816
15.939000129699707
5.397270202636719
15.660599708557129
4.921370029449463
15.382200241088867
4.445479869842529
15.103799819946289
3.9695799350738525
14.825300216674805
3.493690013885498
14.546899795532227
3.0177900791168213
14.268500328063965
2.5418999195098877
13.990099906921387
2.065999984741211
13.711700439453125
1.590109944343567
13.433300018310547
1.1142100095748901
13.154899597167969
0.6383190155029297
12.876399993896484
0.1624239981174469
12.597999572753906
-0.3134720027446747
12.319600105285645
-0.7893670201301575
12.041199684143066
-1.2652599811553955
11.762800216674805
-1.7411600351333618
11.484399795532227
-2.217050075531006
11.206000328063965
-2.6929500102996826
10.927499771118164
-3.168839931488037
10.649100303649902
-3.644740104675293
10.370699882507324
-4.120629787445068
10.092300415039062
-4.596529960632324
9.81389045715332
-5.072420120239258
9.535479545593262
-5.5483198165893555
9.25706958770752
-6.024209976196289
8.978650093078613
-6.500110149383545
8.700240135192871
-6.97599983215332
8.421830177307129
-7.451900005340576
