0.9678230285644531
3.737149953842163
1.2775399684906006
3.282639980316162
1.5872600078582764
2.828130006790161
1.8969800472259521
2.37362003326416
2.206700086593628
1.9191099405288696
2.5164101123809814
1.4645999670028687
2.826129913330078
1.0100899934768677
3.135849952697754
0.5555859804153442
3.4455699920654297
0.10107699781656265
3.7552900314331055
-0.3534319996833801
4.065000057220459
-0.8079410195350647
4.374720096588135
-1.2624499797821045
4.6844401359558105
-1.7169599533081055
4.994160175323486
-2.1714699268341064
5.303880214691162
-2.6259799003601074
5.613589763641357
-3.0804901123046875
5.923309803009033
-3.534990072250366
6.233029842376709
-3.989500045776367
6.542749881744385
-4.444009780883789
