-3.198040008544922
13.06980037689209
-2.839639902114868
12.63759994506836
-2.4812400341033936
12.205400466918945
-2.12283992767334
11.773200035095215
-1.764430046081543
11.340999603271484
-1.4060300588607788
10.90880012512207
-1.047629952430725
10.47659969329834
-0.6892250180244446
10.044400215148926
-0.33082300424575806
9.612259864807129
0.027580000460147858
9.180069923400879
0.3859829902648926
8.74789047241211
0.7443850040435791
8.315699577331543
1.1027899980545044
7.883510112762451
1.4611899852752686
7.451320171356201
1.8195899724960327
7.019139766693115
2.177999973297119
6.586949825286865
2.536400079727173
6.154759883880615
2.8947999477386475
5.722569942474365
3.253200054168701
5.2903900146484375
3.611609935760498
4.8582000732421875
3.9700100421905518
4.4260101318359375
4.3284101486206055
3.9938299655914307
4.68681001663208
3.5616400241851807
5.045219898223877
3.1294500827789307
5.403619766235352
2.6972599029541016
5.762020111083984
2.265079975128174
6.120419979095459
1.8328900337219238
6.478829860687256
1.4006999731063843
6.837230205535889
0.9685140252113342
7.195630073547363
0.536325991153717
7.55403995513916
0.10413900017738342
7.912439823150635
-0.3280479907989502
8.27083969116211
-0.7602360248565674
8.629240036010742
-1.1924200057983398
8.987649917602539
-1.6246099472045898
9.346050262451172
-2.05679988861084
9.704449653625488
-2.4889800548553467
10.062899589538574
-2.9211699962615967
10.421299934387207
-3.3533599376678467
10.77970027923584
-3.785550117492676
11.138099670410156
-4.2177300453186035
11.496500015258789
-4.6499199867248535
11.854900360107422
-5.0821099281311035
12.213299751281738
-5.5142998695373535
12.571700096130371
-5.946479797363281
12.930100440979004
-6.3786702156066895
13.28849983215332
-6.8108601570129395
13.646900177001953
-7.2430500984191895
14.00529956817627
-7.675230026245117
14.363699913024902
-8.107419967651367
14.722100257873535
-8.539609909057617
15.080499649047852
-8.971799850463867
15.438899993896484
-9.403980255126953
15.797300338745117
-9.836170196533203
16.15570068359375
-10.268400192260742
16.51409912109375
-10.700499534606934
16.872499465942383
-11.132699966430664
17.230899810791016
-11.564900398254395
17.58930015563965
-11.997099876403809
