9.429659843444824
1.6548000574111938
8.888689994812012
1.5071200132369995
8.347709655761719
1.3594399690628052
7.806739807128906
1.2117500305175781
7.265769958496094
1.0640699863433838
6.724790096282959
0.9163849949836731
6.183819770812988
0.76870197057724
5.642849922180176
0.6210179924964905
5.101870059967041
0.47333401441574097
4.5609002113342285
0.32565000653266907
4.019929885864258
0.17796599864959717
3.478950023651123
0.030282700434327126
2.9379799365997314
-0.11740099638700485
2.397010087966919
-0.26508501172065735
1.856029987335205
-0.41276898980140686
1.315060019493103
-0.5604519844055176
0.7740870118141174
-0.7081360220909119
0.23311300575733185
-0.8558200001716614
-0.30785998702049255
-1.003499984741211
-0.8488339781761169
-1.1511900424957275
-1.3898099660873413
-1.2988699674606323
-1.930780053138733
-1.446560025215149
-2.471750020980835
-1.5942399501800537
-3.0127298831939697
-1.741919994354248
-3.5536999702453613
-1.8896100521087646
-4.094669818878174
-2.037290096282959
-4.635650157928467
-2.184969902038574
-5.176620006561279
-2.332659959793091
-5.717589855194092
-2.480340003967285
-6.258570194244385
-2.6280300617218018
-6.799540042877197
-2.775710105895996
-7.34050989151001
-2.9233899116516113
-7.881490230560303
-3.071079969406128
-8.422459602355957
-3.2187600135803223
-8.963430404663086
-3.3664400577545166
-9.504409790039062
-3.514130115509033
-10.04539966583252
-3.6618099212646484
-10.586400032043457
-3.809499979019165
-11.127300262451172
-3.9571800231933594
-11.668299674987793
-4.104859828948975
-12.20930004119873
-4.25255012512207
-12.750200271606445
-4.4002299308776855
-13.291199684143066
-4.547910213470459
-13.832200050354004
-4.6956000328063965
-14.373200416564941
-4.843279838562012
-14.91409969329834
-4.990970134735107
-15.455100059509277
-5.138649940490723
-15.996100425720215
-5.286330223083496
-16.537099838256836
-5.434020042419434
