3.550869941711426
7.340429782867432
2.9889800548553467
7.3885498046875
2.4270899295806885
7.436669826507568
1.8652100563049316
7.484799861907959
1.303320050239563
7.532919883728027
0.7414320111274719
7.581049919128418
0.17954500019550323
7.629169940948486
-0.38234201073646545
7.677289962768555
-0.9442300200462341
7.725419998168945
-1.506119966506958
7.773540019989014
-2.068000078201294
7.821660041809082
-2.629889965057373
7.869790077209473
-3.1917800903320312
7.917910099029541
-3.7536699771881104
7.966040134429932
-4.315549850463867
8.01416015625
-4.877439975738525
8.06227970123291
-5.439330101013184
8.1104097366333
-6.001220226287842
8.158530235290527
-6.5630998611450195
8.206649780273438
-7.124989986419678
8.254779815673828
-7.686880111694336
8.302900314331055
-8.248769760131836
8.351030349731445
-8.810649871826172
8.399149894714355
-9.372540473937988
8.447270393371582
-9.934430122375488
8.495400428771973
-10.496299743652344
8.543519973754883
-11.058199882507324
8.59164047241211
