18.41819953918457
9.288640022277832
17.879899978637695
9.146439552307129
17.34160041809082
9.004229545593262
16.803300857543945
8.862030029296875
16.264999389648438
8.719820022583008
15.726699829101562
8.57761001586914
15.188400268554688
8.435409545898438
14.650099754333496
8.29319953918457
14.111800193786621
8.150989532470703
13.57349967956543
8.008790016174316
13.035200119018555
7.866580009460449
12.496899604797363
7.724370002746582
11.958600044250488
7.582170009613037
11.420299530029297
7.43996000289917
10.8818998336792
7.297749996185303
10.343600273132324
7.155550003051758
9.805339813232422
7.013339996337891
9.267040252685547
6.871129989624023
8.728730201721191
6.7289299964904785
8.1904296875
6.586719989776611
7.652130126953125
6.444509983062744
7.1138200759887695
6.302309989929199
6.575520038604736
6.160099983215332
6.037209987640381
6.017889976501465
5.498909950256348
5.87568998336792
4.9606099128723145
5.733479976654053
4.422299861907959
5.5912699699401855
3.884000062942505
5.449069976806641
3.3456900119781494
5.306859970092773
2.807389974594116
5.1646599769592285
2.269089937210083
5.022449970245361
1.730780005455017
4.880239963531494
1.1924799680709839
4.738039970397949
0.6541730165481567
4.595829963684082
0.11586900055408478
4.453619956970215
-0.4224349856376648
4.31141996383667
-0.960739016532898
4.169209957122803
-1.4990400075912476
4.0269999504089355
-2.0373499393463135
3.8847999572753906
-2.5756499767303467
3.7425899505615234
-3.11395001411438
3.6003799438476562
-3.6522600650787354
3.4581799507141113
-4.1905598640441895
3.315969944000244
-4.728869915008545
3.173759937286377
-5.267169952392578
3.031559944152832
-5.805469989776611
2.889349937438965
-6.343780040740967
2.7471399307250977
-6.882080078125
2.6049399375915527
-7.4203901290893555
2.4627299308776855
-7.958690166473389
2.3205199241638184
-8.496990203857422
2.1783199310302734
-9.035300254821777
2.0361099243164062
-9.573599815368652
1.8939000368118286
-10.111900329589844
1.7517000436782837
-10.650199890136719
1.6094900369644165
-11.18850040435791
1.4672900438308716
