16.664600372314453
18.931699752807617
16.10569953918457
18.900699615478516
15.546799659729004
18.869600296020508
14.987899780273438
18.838600158691406
14.428999900817871
18.807600021362305
13.870100021362305
18.776500701904297
13.311100006103516
18.745500564575195
12.75220012664795
18.714500427246094
12.193300247192383
18.683399200439453
11.634400367736816
18.65239906311035
11.075499534606934
18.621299743652344
10.516599655151367
18.590299606323242
9.957639694213867
18.55929946899414
9.398719787597656
18.528200149536133
8.839799880981445
18.49720001220703
8.280879974365234
18.46619987487793
7.721970081329346
18.435100555419922
7.163050174713135
18.40410041809082
6.604129791259766
18.37299919128418
6.045219898223877
18.341999053955078
5.486299991607666
18.31100082397461
4.927380084991455
18.27989959716797
4.368460178375244
18.248899459838867
3.8095500469207764
18.217899322509766
3.2506299018859863
18.186800003051758
2.6917099952697754
18.155799865722656
2.1327900886535645
18.12470054626465
1.5738799571990967
18.093700408935547
1.0149600505828857
18.062700271606445
0.456043004989624
18.031600952148438
-0.10287400335073471
18.000600814819336
-0.6617910265922546
17.969600677490234
-1.220710039138794
17.938499450683594
-1.7796299457550049
17.907499313354492
-2.3385400772094727
17.876399993896484
-2.8974599838256836
17.845399856567383
-3.4563798904418945
17.81439971923828
-4.015289783477783
17.783300399780273
-4.574210166931152
17.752300262451172
-5.133130073547363
17.72130012512207
-5.692049980163574
17.690200805664062
-6.250959873199463
17.65920066833496
-6.809879779815674
17.62809944152832
-7.368800163269043
17.59709930419922
-7.927710056304932
17.566099166870117
-8.4866304397583
17.53499984741211
-9.045550346374512
17.503999710083008
-9.604470252990723
17.472999572753906
-10.163399696350098
17.4419002532959
-10.722299575805664
17.410900115966797
-11.281200408935547
17.37980079650879
-11.840100288391113
17.348800659179688
-12.399100303649902
17.317800521850586
-12.958000183105469
17.286699295043945
-13.516900062561035
17.255699157714844
-14.075799942016602
17.224700927734375
-14.634699821472168
17.193599700927734
-15.193599700927734
17.162599563598633
-15.752599716186523
17.131500244140625
-16.311500549316406
17.100500106811523
-16.870399475097656
17.069499969482422
-17.42930030822754
17.038400650024414
-17.98819923400879
17.007400512695312
-18.547100067138672
16.97640037536621
