6.265789985656738
-6.296969890594482
5.868470191955566
-6.694950103759766
5.471139907836914
-7.092929840087891
5.073820114135742
-7.490900039672852
4.67648983001709
-7.888879776000977
4.279170036315918
-8.286860466003418
3.881850004196167
-8.684840202331543
3.4845199584960938
-9.082819938659668
3.0871999263763428
-9.480799674987793
2.6898701190948486
-9.878769874572754
2.2925500869750977
-10.276800155639648
1.8952300548553467
-10.674699783325195
1.4979000091552734
-11.072699546813965
1.1005799770355225
-11.47070026397705
0.703253984451294
-11.86870002746582
0.3059299886226654
-12.266599655151367
-0.09139399975538254
-12.664600372314453
-0.4887180030345917
-13.062600135803223
-0.8860419988632202
-13.460599899291992
-1.283370018005371
-13.858599662780762
-1.680690050125122
-14.256500244140625
-2.078010082244873
-14.654500007629395
-2.475339889526367
-15.052499771118164
-2.872659921646118
-15.450499534606934
