-14.058300018310547
13.491900444030762
-13.63860034942627
13.118399620056152
-13.218899726867676
12.744999885559082
-12.799099922180176
12.371500015258789
-12.379400253295898
11.998100280761719
-11.959699630737305
11.624600410461426
-11.539899826049805
11.251199722290039
-11.120200157165527
10.877699851989746
-10.700499534606934
10.504300117492676
-10.280699729919434
10.130800247192383
-9.86100959777832
9.757349967956543
-9.441280364990234
9.383899688720703
-9.021550178527832
9.01045036315918
-8.60181999206543
8.63700008392334
-8.182080268859863
8.2635498046875
-7.762350082397461
7.890100002288818
-7.342619895935059
7.516650199890137
-6.9228901863098145
7.143199920654297
-6.503159999847412
6.769750118255615
-6.08342981338501
6.396289825439453
-5.663700103759766
6.0228400230407715
-5.243969917297363
5.64939022064209
-4.824240207672119
5.27593994140625
-4.404510021209717
4.902490139007568
-3.9847800731658936
4.5290398597717285
-3.565049886703491
4.155590057373047
-3.145319938659668
3.782140016555786
-2.7255899906158447
3.4086899757385254
-2.3058600425720215
3.0352399349212646
-1.8861299753189087
2.661789894104004
-1.4664000272750854
2.288330078125
-1.0466699600219727
1.9148800373077393
-0.6269360184669495
1.5414299964904785
-0.20720599591732025
1.1679799556732178
0.21252499520778656
0.7945299744606018
0.6322550177574158
0.42107900977134705
1.051990032196045
0.04762829840183258
1.4717199802398682
-0.32582300901412964
1.891450047492981
-0.6992740035057068
2.3111801147460938
-1.0727200508117676
2.730910062789917
-1.446179986000061
3.1506400108337402
-1.8196300268173218
3.5703699588775635
-2.193079948425293
3.9900999069213867
-2.5665299892425537
4.409830093383789
-2.9399800300598145
4.829559803009033
-3.313430070877075
5.2492899894714355
-3.686880111694336
5.669020175933838
-4.060329914093018
6.088749885559082
-4.433780193328857
6.508480072021484
-4.807229995727539
6.9282097816467285
-5.180689811706543
7.347939968109131
-5.554140090942383
7.767670154571533
-5.9275898933410645
8.187399864196777
-6.301040172576904
8.60713005065918
-6.674489974975586
9.026869773864746
-7.047939777374268
9.446599960327148
-7.421390056610107
9.86633014678955
-7.794839859008789
10.286100387573242
-8.168290138244629
