-12.276700019836426
-3.9156301021575928
-12.57979965209961
-4.3810200691223145
-12.883000373840332
-4.846409797668457
-13.186100006103516
-5.31181001663208
-13.489299774169922
-5.777200222015381
-13.792400360107422
-6.242599964141846
-14.095600128173828
-6.7079901695251465
-14.398699760437012
-7.173389911651611
-14.701899528503418
-7.638780117034912
-15.005000114440918
-8.104169845581055
-15.308199882507324
-8.56956958770752
-15.611300468444824
-9.03495979309082
-15.91450023651123
-9.500359535217285
-16.217599868774414
-9.965749740600586
-16.52079963684082
-10.431099891662598
-16.82390022277832
-10.896499633789062
-17.127099990844727
-11.361900329589844
-17.430200576782227
-11.827300071716309
-17.733400344848633
-12.292699813842773
-18.036500930786133
-12.758099555969238
-18.33970069885254
-13.22350025177002
-18.642799377441406
-13.688899993896484
-18.945999145507812
-14.15429973602295
