15.1806001663208
9.851469993591309
14.716400146484375
9.573309898376465
14.25220012664795
9.295149803161621
13.788000106811523
9.017000198364258
13.323699951171875
8.738840103149414
12.85949993133545
8.46068000793457
12.395299911499023
8.182530403137207
11.931099891662598
7.904369831085205
11.466899871826172
7.626220226287842
11.002599716186523
7.348060131072998
10.538399696350098
7.069900035858154
10.074199676513672
6.791749954223633
9.609990119934082
6.513589859008789
9.145770072937012
6.235429763793945
8.681550025939941
5.957280158996582
8.217329978942871
5.679120063781738
7.753109931945801
5.4009599685668945
7.2888898849487305
5.122809886932373
6.82466983795166
4.844649791717529
6.36044979095459
4.566490173339844
5.896230220794678
4.288340091705322
5.432010173797607
4.0101799964904785
4.967790126800537
3.7320199012756348
4.503570079803467
3.4538700580596924
4.030940055847168
3.1742000579833984
3.5583200454711914
2.8945400714874268
3.0856900215148926
2.614880084991455
2.613070011138916
2.335210084915161
2.140439987182617
2.0555500984191895
1.6678099632263184
1.7758899927139282
1.1951899528503418
1.4962199926376343
0.7225620150566101
1.2165600061416626
0.24993599951267242
0.9368979930877686
-0.22269000113010406
0.6572350263595581
-0.6953160166740417
0.3775709867477417
-1.1679400205612183
0.09790779650211334
-1.640570044517517
-0.18175600469112396
-2.113189935684204
-0.4614189863204956
-2.585819959640503
-0.7410820126533508
-3.0584499835968018
-1.0207500457763672
-3.5310699939727783
-1.3004100322723389
-4.003699779510498
-1.5800700187683105
-4.476319789886475
-1.8597400188446045
-4.948949813842773
-2.139400005340576
-5.42156982421875
-2.419059991836548
-5.894199848175049
-2.698729991912842
-6.366829872131348
-2.9783899784088135
-6.839449882507324
-3.258049964904785
-7.312079906463623
-3.537719964981079
