7.866310119628906
15.715900421142578
8.341320037841797
15.450799942016602
8.816329956054688
15.185799598693848
9.291339874267578
14.920700073242188
9.766349792480469
14.655599594116211
10.241399765014648
14.390600204467773
10.716400146484375
14.125499725341797
11.191399574279785
13.860400199890137
11.666399955749512
13.59529972076416
12.141400337219238
13.330300331115723
12.616399765014648
13.065199851989746
13.091400146484375
12.800100326538086
13.566399574279785
12.535099983215332
14.041399955749512
12.270000457763672
14.516400337219238
12.004899978637695
14.991499900817871
11.739899635314941
15.466500282287598
11.474800109863281
15.941499710083008
11.209699630737305
16.416500091552734
10.944700241088867
16.89150047302246
10.67959976196289
17.366500854492188
10.41450023651123
17.84149932861328
10.149499893188477
18.316499710083008
9.884389877319336
18.791500091552734
9.619319915771484
