-11.24269962310791
-0.48267000913619995
-10.702199935913086
-0.3400610089302063
-10.161800384521484
-0.19745199382305145
-9.621270179748535
-0.05484350025653839
-9.080789566040039
0.08776529878377914
-8.54030990600586
0.23037399351596832
-7.9998297691345215
0.37298300862312317
-7.459350109100342
0.5155919790267944
-6.918869972229004
0.6582000255584717
-6.378389835357666
0.8008090257644653
-5.837910175323486
0.943418025970459
-5.297430038452148
1.0860300064086914
-4.7569499015808105
1.2286399602890015
-4.216469764709473
1.3712400197982788
-3.675990104675293
1.5138499736785889
-3.135509967803955
1.6564600467681885
-2.5950300693511963
1.7990700006484985
-2.0545499324798584
1.9416799545288086
-1.5140700340270996
2.084290027618408
-0.97359299659729
2.226900100708008
-0.4331130087375641
2.3695099353790283
0.10736700147390366
2.5121099948883057
0.6478469967842102
2.6547200679779053
1.188330054283142
2.797329902648926
1.7288099527359009
2.9399399757385254
2.269289970397949
3.082550048828125
2.809770107269287
3.2251598834991455
3.350250005722046
3.367769956588745
3.8907299041748047
3.5103800296783447
4.431210041046143
3.652980089187622
4.9716901779174805
3.7955899238586426
5.51216983795166
3.938199996948242
6.052649974822998
4.080810070037842
6.593130111694336
4.223420143127441
7.133609771728516
4.366030216217041
7.6740899085998535
4.508639812469482
8.214570045471191
4.651249885559082
8.755049705505371
4.793849945068359
9.295530319213867
4.936460018157959
9.836009979248047
5.079070091247559
10.376500129699707
5.221680164337158
10.916999816894531
5.364290237426758
11.45740032196045
5.506899833679199
