0.19704799354076385
-8.730480194091797
-0.33574000000953674
-8.859740257263184
-0.8685290217399597
-8.98898983001709
-1.401319980621338
-9.118249893188477
-1.9341100454330444
-9.2475004196167
-2.4668900966644287
-9.376749992370605
-2.9996800422668457
-9.506010055541992
-3.5324699878692627
-9.635259628295898
-4.06525993347168
-9.764519691467285
-4.598050117492676
-9.893770217895508
-5.130839824676514
-10.02299976348877
-5.66363000869751
-10.152299880981445
-6.196410179138184
-10.281499862670898
-6.7291998863220215
-10.410799980163574
-7.261990070343018
-10.539999961853027
-7.7947797775268555
-10.669300079345703
-8.327569961547852
-10.798500061035156
-8.860360145568848
-10.927800178527832
-9.393150329589844
-11.057100296020508
-9.92593002319336
-11.186300277709961
-10.458700180053711
-11.315600395202637
-10.991499900817871
-11.44480037689209
-11.524299621582031
-11.57409954071045
-12.057100296020508
-11.703300476074219
-12.589900016784668
-11.832599639892578
-13.122699737548828
-11.961799621582031
-13.655500411987305
-12.091099739074707
-14.188199996948242
-12.22029972076416
-14.720999717712402
-12.349599838256836
-15.253800392150879
-12.478799819946289
