13.921099662780762
-3.939310073852539
13.368900299072266
-4.033760070800781
12.816800117492676
-4.128210067749023
12.264599800109863
-4.222660064697266
11.712499618530273
-4.3171000480651855
11.160400390625
-4.411550045013428
10.608200073242188
-4.50600004196167
10.056099891662598
-4.600450038909912
9.503939628601074
-4.694900035858154
8.951800346374512
-4.789340019226074
8.399660110473633
-4.883790016174316
7.847519874572754
-4.978240013122559
7.295380115509033
-5.072690010070801
6.743239879608154
-5.167129993438721
6.191100120544434
-5.261579990386963
5.638959884643555
-5.356029987335205
5.086820125579834
-5.450479984283447
4.534679889678955
-5.5449299812316895
3.9825398921966553
-5.639369964599609
3.4303998947143555
-5.733819961547852
2.8782598972320557
-5.828269958496094
2.326119899749756
-5.922719955444336
1.7739800214767456
-6.017169952392578
1.2218400239944458
-6.111609935760498
0.6696990132331848
-6.20605993270874
0.11755900084972382
-6.300509929656982
-0.4345810115337372
-6.394959926605225
-0.9867209792137146
-6.489409923553467
-1.5388599634170532
-6.583849906921387
-2.0910000801086426
-6.678299903869629
-2.6431400775909424
-6.772749900817871
-3.195280075073242
-6.867199897766113
-3.747420072555542
-6.9616498947143555
-4.299560070037842
-7.056089878082275
-4.8516998291015625
-7.150539875030518
-5.403840065002441
-7.24498987197876
-5.955979824066162
-7.339439868927002
-6.508120059967041
-7.433889865875244
-7.060259819030762
-7.528329849243164
-7.612400054931641
-7.622779846191406
-8.16454029083252
-7.717229843139648
