2.7611300945281982
2.973789930343628
2.7343900203704834
2.7471799850463867
2.377880096435547
2.3113598823547363
2.0213699340820312
1.875540018081665
1.664870023727417
1.4397200345993042
1.308359980583191
1.0039000511169434
0.9518489837646484
0.5680819749832153
0.5953400135040283
0.13226200640201569
0.2388319969177246
-0.30355799198150635
-0.1176770031452179
-0.7393779754638672
-0.4741849899291992
-1.1751999855041504
-0.8306940197944641
-1.6110199689865112
-1.1871999502182007
-2.046839952468872
-1.5437099933624268
-2.4826600551605225
-1.9002200365066528
-2.9184799194335938
-2.256730079650879
-3.354300022125244
-2.6132400035858154
-3.7901198863983154
-2.9697399139404297
-4.225940227508545
-3.3262500762939453
-4.661759853363037
-3.682760000228882
-5.0975799560546875
-4.039269924163818
-5.533400058746338
