-16.664100646972656
-1.18218994140625
-16.15329933166504
-0.9456189870834351
-15.642399787902832
-0.7090470194816589
-15.131500244140625
-0.47247400879859924
-14.620599746704102
-0.23590099811553955
-14.109800338745117
0.0006713300244882703
-13.598899841308594
0.23724399507045746
-13.088000297546387
0.47381699085235596
-12.577199935913086
0.7103890180587769
-12.066300392150879
0.9469619989395142
-11.555399894714355
1.1835299730300903
-11.044599533081055
1.4201099872589111
-10.533699989318848
1.6566799879074097
-10.02280044555664
1.8932499885559082
-9.511969566345215
2.1298298835754395
-9.001099586486816
2.3664000034332275
-8.490240097045898
2.6029698848724365
-7.9793701171875
2.8395400047302246
-7.468500137329102
3.076119899749756
-6.957630157470703
3.312690019607544
-6.446770191192627
3.549259901046753
-5.9359002113342285
3.785830020904541
-5.42503023147583
4.022409915924072
-4.914159774780273
4.258979797363281
-4.403299808502197
4.495550155639648
-3.892430067062378
4.732120037078857
-3.3815600872039795
4.968699932098389
-2.870690107345581
5.205269813537598
-2.3598198890686035
5.441840171813965
-1.848960041999817
5.678410053253174
-1.338089942932129
5.914989948272705
-0.8272219896316528
6.151559829711914
-0.31635400652885437
6.388130187988281
0.19451400637626648
6.6247100830078125
0.7053809762001038
6.8612799644470215
1.216249942779541
7.0978498458862305
1.727120041847229
7.334420204162598
2.2379798889160156
7.571000099182129
2.748850107192993
7.807569980621338
3.2597200870513916
8.044139862060547
3.77059006690979
8.280710220336914
4.281449794769287
8.517290115356445
4.7923197746276855
8.753860473632812
5.303190231323242
8.990429878234863
5.814060211181641
9.22700023651123
6.324930191040039
9.463580131530762
6.835790157318115
9.700149536132812
7.346660137176514
9.93671989440918
7.857530117034912
10.173299789428711
8.368399620056152
10.409899711608887
8.879260063171387
10.646400451660156
9.390130043029785
10.883000373840332
9.901000022888184
11.119600296020508
10.41189956665039
11.356200218200684
10.922699928283691
11.592700004577637
11.433600425720215
11.829299926757812
11.944499969482422
12.065899848937988
12.455300331115723
12.302399635314941
12.96619987487793
12.538999557495117
13.477100372314453
12.77560043334961
13.987899780273438
13.012200355529785
14.498800277709961
13.248700141906738
15.009699821472168
13.485300064086914
15.520500183105469
13.72189998626709
16.031400680541992
13.958499908447266
16.542299270629883
14.194999694824219
17.0531005859375
14.431599617004395
17.56399917602539
14.66819953918457
