-6.08922004699707
-2.519360065460205
-5.827899932861328
-3.010499954223633
-5.566579818725586
-3.5016400814056396
-5.305260181427002
-3.9927799701690674
-5.043950080871582
-4.4839301109313965
-4.78262996673584
-4.975069999694824
-4.521309852600098
-5.466209888458252
-4.259990215301514
-5.95734977722168
-3.9986701011657715
-6.448500156402588
-3.7373600006103516
-6.939640045166016
-3.4760398864746094
-7.430779933929443
-3.2147200107574463
-7.921919822692871
-2.953399896621704
-8.413069725036621
-2.692080020904541
-8.904210090637207
-2.430769920349121
-9.395350456237793
-2.169450044631958
-9.886489868164062
-1.9081300497055054
-10.377599716186523
-1.6468100547790527
-10.868800163269043
-1.3854899406433105
-11.35990047454834
-1.1241799592971802
-11.851099967956543
-0.8628569841384888
-12.34220027923584
-0.6015390157699585
-12.83329963684082
-0.34022098779678345
-13.32450008392334
-0.07890339940786362
-13.815600395202637
0.18241499364376068
-14.30679988861084
0.44373300671577454
-14.797900199890137
0.7050510048866272
-15.28909969329834
0.9663689732551575
-15.780200004577637
1.2276899814605713
-16.271299362182617
1.4889999628067017
-16.762500762939453
1.7503199577331543
-17.253599166870117
2.0116400718688965
-17.744800567626953
2.2729599475860596
-18.23590087890625
2.5342800617218018
-18.727100372314453
