-4.124629974365234
-5.851419925689697
-3.660939931869507
-5.533440113067627
-3.1972498893737793
-5.215469837188721
-2.733570098876953
-4.89749002456665
-2.2698800563812256
-4.57951021194458
-1.806190013885498
-4.261539936065674
-1.3424999713897705
-3.9435598850250244
-0.8788110017776489
-3.625580072402954
-0.41512200236320496
-3.3076000213623047
0.048566799610853195
-2.9896299839019775
0.5122560262680054
-2.671649932861328
0.9759439826011658
-2.3536698818206787
1.4396300315856934
-2.0357000827789307
1.9033199548721313
-1.7177200317382812
2.3670101165771484
-1.3997399806976318
2.830699920654297
-1.081760048866272
3.2943899631500244
-0.7637869715690613
3.758080005645752
-0.4458099901676178
4.2217698097229
-0.12783199548721313
