-5.213980197906494
4.304279804229736
-5.227459907531738
4.856190204620361
-5.240940093994141
5.408100128173828
-5.254419803619385
5.960010051727295
-5.267910003662109
6.511919975280762
-5.281390190124512
7.0638298988342285
-5.294869899749756
7.615739822387695
-5.308350086212158
8.16765022277832
-5.321829795837402
8.71957015991211
-5.335309982299805
9.271479606628418
-5.348790168762207
9.823390007019043
-5.362279891967773
10.375300407409668
-5.375760078430176
10.927200317382812
-5.38923978805542
11.479100227355957
-5.402719974517822
12.031000137329102
-5.416200160980225
12.582900047302246
-5.429679870605469
13.134900093078613
-5.443160057067871
13.686800003051758
-5.4566497802734375
14.238699913024902
-5.47012996673584
14.790599822998047
-5.483610153198242
15.342499732971191
-5.497089862823486
15.894399642944336
-5.510570049285889
16.446300506591797
-5.524050235748291
16.998199462890625
