8.879859924316406
-15.958499908447266
8.637590408325195
-15.454500198364258
8.395310401916504
-14.950499534606934
8.153030395507812
-14.446499824523926
7.910749912261963
-13.942500114440918
7.6684699058532715
-13.43850040435791
7.42618989944458
-12.934499740600586
7.183919906616211
-12.430500030517578
6.9416399002075195
-11.92650032043457
6.699359893798828
-11.422499656677246
6.457079887390137
-10.918499946594238
6.214799880981445
-10.41450023651123
5.972519874572754
-9.910510063171387
5.730249881744385
-9.406510353088379
5.487969875335693
-8.902509689331055
5.245689868927002
-8.398509979248047
5.0034098625183105
-7.894499778747559
4.761129856109619
-7.390500068664551
4.518849849700928
-6.886499881744385
4.276579856872559
-6.382500171661377
4.034299850463867
-5.878499984741211
3.792020082473755
-5.374499797821045
3.5497400760650635
-4.870500087738037
3.307460069656372
-4.366499900817871
3.0651800632476807
-3.862499952316284
2.8229100704193115
-3.3585000038146973
2.58063006401062
-2.8545000553131104
2.3383500576019287
-2.350490093231201
2.0960700511932373
-1.8464900255203247
1.853790044784546
-1.3424899578094482
1.6115100383758545
-0.8384919762611389
1.3692400455474854
-0.3344910144805908
1.126960039138794
0.16951000690460205
0.8846790194511414
0.6735100150108337
0.6424009799957275
1.1775100231170654
0.4001230001449585
1.6815099716186523
0.15784400701522827
2.1855099201202393
-0.0844338983297348
2.6895101070404053
-0.3267120122909546
3.193510055541992
-0.5689910054206848
3.6975200176239014
-0.8112689852714539
4.201519966125488
-1.0535500049591064
4.705520153045654
-1.2958300113677979
5.209519863128662
-1.538100004196167
5.713520050048828
-1.7803800106048584
6.217520236968994
-2.0188000202178955
6.709129810333252
-2.2572100162506104
7.200739860534668
-2.4956300258636475
7.692349910736084
-2.7340400218963623
8.183950424194336
-2.9724600315093994
8.675559997558594
-3.2108700275421143
9.167169570922852
-3.449280023574829
9.658780097961426
-3.687700033187866
10.150400161743164
-3.926110029220581
10.642000198364258
-4.164529800415039
11.133600234985352
-4.402939796447754
11.625200271606445
-4.641359806060791
12.116800308227539
-4.879769802093506
12.608400344848633
-5.118189811706543
13.100000381469727
-5.356599807739258
13.59160041809082
-5.595019817352295
14.08329963684082
-5.83342981338501
14.574899673461914
