11.621100425720215
17.350299835205078
11.415800094604492
16.83799934387207
11.210599899291992
16.325700759887695
11.00529956817627
15.81350040435791
10.800000190734863
15.301199913024902
10.594799995422363
14.788999557495117
10.38949966430664
14.276700019836426
10.184200286865234
13.764399528503418
9.97898006439209
13.25220012664795
9.773710250854492
12.739899635314941
9.568449974060059
12.227700233459473
9.363180160522461
11.715399742126465
9.157910346984863
11.203200340270996
8.95265007019043
10.690899848937988
8.747380256652832
10.178600311279297
8.542119979858398
9.666379928588867
8.3368501663208
9.154120445251465
8.131589889526367
8.64186954498291
7.9263200759887695
8.129610061645508
7.721059799194336
7.617350101470947
7.515789985656738
7.105090141296387
7.310530185699463
6.592830181121826
7.105259895324707
6.080580234527588
6.899990081787109
5.568319797515869
6.694729804992676
5.056059837341309
6.489459991455078
4.543799877166748
6.284200191497803
4.0315399169921875
6.078929901123047
3.519289970397949
5.8736701011657715
3.0070300102233887
5.668399810791016
2.494770050048828
5.46314001083374
1.982509970664978
5.257870197296143
1.4702500104904175
