-1.2118500471115112
-18.790300369262695
-0.734345018863678
-18.500900268554688
-0.2568410038948059
-18.211599349975586
0.22066299617290497
-17.922300338745117
0.698166012763977
-17.632999420166016
1.1756700277328491
-17.343700408935547
1.6531699895858765
-17.054399490356445
2.1306800842285156
-16.765100479125977
2.608180046081543
-16.475799560546875
3.0856900215148926
-16.186500549316406
3.56318998336792
-15.897199630737305
4.040689945220947
-15.60789966583252
4.518199920654297
-15.318499565124512
4.995699882507324
-15.029199600219727
5.473209857940674
-14.739899635314941
5.950709819793701
-14.450599670410156
6.4282097816467285
-14.161299705505371
6.905720233917236
-13.871999740600586
7.383220195770264
-13.5826997756958
7.860730171203613
-13.293399810791016
8.33823013305664
-13.00409984588623
8.815730094909668
-12.714799880981445
9.29323959350586
-12.42549991607666
9.770739555358887
-12.136199951171875
10.248200416564941
-11.846799850463867
10.725700378417969
-11.557499885559082
11.203300476074219
-11.268199920654297
11.680800437927246
-10.978899955749512
12.158300399780273
-10.689599990844727
12.6358003616333
-10.400300025939941
13.113300323486328
-10.111000061035156
13.590800285339355
-9.821680068969727
14.068300247192383
-9.532369613647461
14.54580020904541
-9.243060111999512
15.023300170898438
-8.953760147094727
15.500800132751465
-8.664449691772461
15.978300094604492
-8.375140190124512
16.455799102783203
-8.085829734802246
16.933300018310547
-7.796520233154297
