-8.937769889831543
-16.24340057373047
-8.738699913024902
-15.71660041809082
-8.539620399475098
-15.189800262451172
-8.340550422668457
-14.663000106811523
-8.141469955444336
-14.136199951171875
-7.942399978637695
-13.609399795532227
-7.743319988250732
-13.082599639892578
-7.544250011444092
-12.555800437927246
-7.345180034637451
-12.029000282287598
-7.146100044250488
-11.50220012664795
-6.947030067443848
-10.9753999710083
-6.747950077056885
-10.448599815368652
-6.548880100250244
-9.921830177307129
-6.349800109863281
-9.39503002166748
-6.150730133056641
-8.868240356445312
-5.951650142669678
-8.341440200805664
-5.752580165863037
-7.814640045166016
-5.553500175476074
-7.287839889526367
-5.354430198669434
-6.761050224304199
-5.155350208282471
-6.234250068664551
-4.95628023147583
-5.707449913024902
-4.757199764251709
-5.180659770965576
-4.558129787445068
-4.653860092163086
-4.3590497970581055
-4.1270599365234375
-4.159979820251465
-3.6002700328826904
-3.960900068283081
-3.073470115661621
-3.7618300914764404
-2.5466699600219727
-3.5627501010894775
-2.0198700428009033
-3.363679885864258
-1.4930800199508667
-3.164599895477295
-0.9662799835205078
-2.9655299186706543
-0.43948298692703247
-2.7664499282836914
0.08731409907341003
-2.567379951477051
0.6141110062599182
-2.368299961090088
1.140910029411316
-2.1692299842834473
1.6677099466323853
-1.9701499938964844
2.194499969482422
-1.7710800170898438
2.721299886703491
-1.5720000267028809
3.2481000423431396
-1.3729300498962402
3.7748899459838867
-1.1738500595092773
4.301690101623535
-0.9747769832611084
4.828489780426025
-0.7757019996643066
5.355279922485352
-0.5766270160675049
5.882080078125
-0.37755200266838074
6.408880233764648
-0.17847700417041779
6.935679912567139
0.020597999915480614
7.462470054626465
0.21967299282550812
7.989270210266113
0.41874799132347107
8.516070365905762
0.6178230047225952
9.04286003112793
0.816897988319397
9.569660186767578
1.01596999168396
10.096500396728516
1.2150499820709229
10.623299598693848
1.4141199588775635
11.150099754333496
1.6131999492645264
11.676799774169922
1.8122700452804565
12.20359992980957
2.01134991645813
12.730400085449219
2.2104198932647705
13.257200241088867
2.4094998836517334
13.784000396728516
2.608570098876953
14.310799598693848
2.807650089263916
14.837599754333496
3.0067200660705566
15.364399909973145
3.2058000564575195
15.891200065612793
3.40487003326416
16.417999267578125
3.603950023651123
16.944799423217773
3.8030200004577637
17.471599578857422
4.002099990844727
17.99839973449707
4.201169967651367
18.52519989013672
