16.78730010986328
-1.2281299829483032
16.61829948425293
-0.7034779787063599
16.449399948120117
-0.1788260042667389
16.280399322509766
0.34582599997520447
16.111400604248047
0.8704789876937866
15.942500114440918
1.3951300382614136
15.773500442504883
1.9197800159454346
15.604599952697754
2.4444398880004883
15.435600280761719
2.969089984893799
15.266599655151367
3.4937400817871094
15.097700119018555
4.01839017868042
14.92870044708252
4.543039798736572
14.759699821472168
5.067699909210205
14.590800285339355
5.592350006103516
14.421799659729004
6.117000102996826
14.252900123596191
6.641650199890137
14.083900451660156
7.166309833526611
13.914899826049805
7.690959930419922
13.746000289916992
8.215609550476074
13.57699966430664
8.740260124206543
13.408100128173828
9.264909744262695
13.239100456237793
9.789569854736328
13.070099830627441
10.314200401306152
12.901200294494629
10.838899612426758
12.732199668884277
11.363499641418457
12.563199996948242
11.888199806213379
12.39430046081543
12.412799835205078
12.225299835205078
12.9375
12.056400299072266
13.4621000289917
11.887399673461914
13.986800193786621
11.718400001525879
14.51140022277832
