-12.126099586486816
7.429510116577148
-11.995800018310547
6.888949871063232
-11.865400314331055
6.348390102386475
-11.734999656677246
5.807829856872559
-11.604599952697754
5.267280101776123
-11.474200248718262
4.726719856262207
-11.343799591064453
4.186160087585449
-11.213399887084961
3.6456000804901123
-11.083000183105469
3.1050400733947754
-10.952699661254883
2.5644900798797607
-10.82229995727539
2.023930072784424
-10.691900253295898
1.4833699464797974
-10.56149959564209
0.942812979221344
-10.431099891662598
0.40225499868392944
-10.300700187683105
-0.1383029967546463
-10.170299530029297
-0.6788610219955444
-10.039899826049805
-1.2194199562072754
-9.909549713134766
-1.7599799633026123
-9.779159545898438
-2.300529956817627
-9.64877986907959
-2.841089963912964
-9.518389701843262
-3.381649971008301
-9.387999534606934
-3.9222099781036377
