11.980899810791016
3.004300117492676
11.463299751281738
3.218410015106201
10.945799827575684
3.4325199127197266
10.428199768066406
3.646630048751831
9.910659790039062
3.8607399463653564
9.393099784851074
4.074850082397461
8.875539779663086
4.288959980010986
8.357979774475098
4.503069877624512
7.840419769287109
4.717179775238037
7.322850227355957
4.931290149688721
6.805290222167969
5.145400047302246
6.2877302169799805
5.359519958496094
5.770170211791992
5.573629856109619
5.252610206604004
5.787740230560303
4.735040187835693
6.001850128173828
4.217480182647705
6.2159600257873535
3.6999199390411377
6.430069923400879
3.1823599338531494
6.644179821014404
2.664799928665161
6.858290195465088
2.147239923477173
7.072400093078613
1.6296700239181519
7.286509990692139
1.1121100187301636
7.500619888305664
0.5945500135421753
7.714739799499512
0.07698799669742584
7.928850173950195
-0.4405739903450012
8.142959594726562
-0.9581360220909119
8.357069969177246
-1.4757000207901
8.57118034362793
-1.9932600259780884
8.785289764404297
-2.510819911956787
8.99940013885498
-3.0283799171447754
9.213509559631348
-3.545949935913086
9.427619934082031
-4.063509941101074
9.641730308532715
-4.5810699462890625
9.855850219726562
-5.098629951477051
10.069999694824219
-5.616189956665039
10.284099578857422
-6.133749961853027
10.498200416564941
-6.651319980621338
10.712300300598145
-7.168879985809326
10.926400184631348
-7.6864399909973145
11.14050006866455
-8.204000473022461
11.354599952697754
-8.721559524536133
11.568699836730957
-9.239130020141602
11.78279972076416
-9.75669002532959
11.996999740600586
-10.274200439453125
12.211099624633789
-10.791799545288086
12.425200462341309
-11.309399604797363
12.639300346374512
-11.826899528503418
12.853400230407715
-12.344499588012695
13.067500114440918
-12.862099647521973
13.281599998474121
-13.379599571228027
13.495699882507324
-13.897199630737305
13.709799766540527
-14.41469955444336
13.923999786376953
-14.932299613952637
14.138099670410156
-15.449899673461914
14.35219955444336
-15.967399597167969
14.566300392150879
-16.485000610351562
14.780400276184082
-17.002599716186523
14.994500160217285
-17.520099639892578
15.208600044250488
-18.037700653076172
15.422699928283691
