8.212120056152344
5.416079998016357
7.906139850616455
4.950129985809326
7.600160121917725
4.484179973602295
7.294179916381836
4.018229961395264
6.988210201263428
3.5522799491882324
6.682229995727539
3.0863399505615234
6.37624979019165
2.620389938354492
6.07027006149292
2.154439926147461
5.764289855957031
1.6884900331497192
5.458320140838623
1.222540020942688
5.152339935302734
0.7565929889678955
4.846360206604004
0.29064399003982544
4.540380001068115
-0.17530399560928345
4.234399795532227
-0.6412529945373535
3.9284300804138184
-1.107200026512146
3.622450113296509
-1.5731500387191772
3.31646990776062
-2.039099931716919
3.0104899406433105
-2.50504994392395
2.7045199871063232
-2.9709999561309814
2.3985400199890137
-3.4369399547576904
2.092560052871704
-3.9028899669647217
1.786579966545105
-4.368840217590332
1.4805999994277954
-4.834790229797363
1.174630045890808
-5.300739765167236
0.8686469793319702
-5.766689777374268
0.5626689791679382
-6.232639789581299
0.25669100880622864
-6.698579788208008
-0.04928649961948395
-7.164529800415039
-0.35526400804519653
-7.63047981262207
-0.6612420082092285
-8.096429824829102
-0.9672200083732605
-8.562379837036133
-1.2732000350952148
-9.028329849243164
-1.5791800022125244
-9.494279861450195
-1.8851499557495117
-9.960220336914062
-2.1911299228668213
-10.426199913024902
-2.497109889984131
-10.89210033416748
-2.8030900955200195
-11.358099937438965
-3.109070062637329
-11.824000358581543
