-17.575199127197266
-15.654600143432617
-17.124900817871094
-15.32409954071045
-16.67460060119629
-14.993599891662598
-16.22439956665039
-14.663100242614746
-15.774100303649902
-14.332599639892578
-15.323800086975098
-14.002099990844727
-14.873600006103516
-13.671600341796875
-14.423299789428711
-13.341099739074707
-13.972999572753906
-13.010600090026855
-13.52280044555664
-12.68019962310791
-13.072500228881836
-12.349699974060059
-12.622200012207031
-12.019200325012207
-12.171899795532227
-11.688699722290039
-11.721699714660645
-11.358200073242188
-11.271400451660156
-11.027700424194336
-10.821100234985352
-10.697199821472168
-10.37090015411377
-10.366700172424316
-9.920599937438965
-10.036199569702148
-9.470330238342285
-9.705739974975586
-9.02007007598877
-9.375249862670898
-8.56980037689209
-9.044759750366211
-8.119529724121094
-8.714269638061523
-7.669260025024414
-8.383779525756836
-7.218989849090576
-8.053290367126465
-6.7687201499938965
-7.722799777984619
-6.318449974060059
-7.39231014251709
-5.868179798126221
-7.061820030212402
-5.417920112609863
-6.731329917907715
-4.967649936676025
-6.400839805603027
-4.517380237579346
-6.070350170135498
-4.067110061645508
-5.7398600578308105
-3.61683988571167
-5.409369945526123
-3.166569948196411
-5.0788798332214355
-2.7163000106811523
-4.748390197753906
-2.2660300731658936
-4.417900085449219
-1.8157700300216675
-4.087409973144531
-1.3654999732971191
-3.756920099258423
-0.915228009223938
-3.4264299869537354
-0.4649589955806732
-3.095940113067627
-0.014690699987113476
-2.7654500007629395
0.43557798862457275
-2.434959888458252
0.8858469724655151
-2.1044700145721436
1.3361200094223022
-1.7739800214767456
1.7863800525665283
-1.4434900283813477
2.236649990081787
-1.1130000352859497
2.686919927597046
-0.782505989074707
3.137190103530884
-0.4520159959793091
3.5874600410461426
-0.12152600288391113
4.0377302169799805
0.208965003490448
4.48799991607666
0.539454996585846
4.938270092010498
0.8699449896812439
5.3885297775268555
1.2004400491714478
5.838799953460693
1.5309300422668457
6.289070129394531
1.8614200353622437
6.739339828491211
2.1919100284576416
7.189610004425049
2.52239990234375
7.639880180358887
2.8528900146484375
8.090149879455566
3.183379888534546
8.540419578552246
3.5138700008392334
8.990679740905762
3.844360113143921
