1.5178699493408203
-7.431640148162842
1.4133800268173218
-6.880209922790527
1.3088899850845337
-6.328780174255371
1.204390048980713
-5.777349948883057
1.0999000072479248
-5.2259202003479
0.9954100251197815
-4.674489974975586
0.8909170031547546
-4.12306022644043
0.786424994468689
-3.5716300010681152
0.6819329857826233
-3.02020001411438
0.5774400234222412
-2.4687700271606445
0.47294801473617554
-1.9173400402069092
0.3684549927711487
-1.3659100532531738
0.2639630138874054
-0.8144850134849548
0.15947100520133972
-0.2630549967288971
0.05497809872031212
0.28837499022483826
-0.054272498935461044
0.8339160084724426
-0.16352300345897675
1.3794599771499634
-0.27277401089668274
1.9249999523162842
-0.38202399015426636
2.4705400466918945
-0.49127501249313354
3.016079902648926
-0.600525975227356
3.5616300106048584
-0.709775984287262
4.107170104980469
-0.8190270066261292
4.6527099609375
-0.9282770156860352
5.198249816894531
-1.0375299453735352
5.743790149688721
-1.146780014038086
6.289330005645752
-1.2560299634933472
6.8348798751831055
-1.365280032157898
7.380420207977295
-1.4745299816131592
7.925960063934326
-1.58378005027771
8.471500396728516
-1.6930299997329712
9.017040252685547
-1.8022799491882324
9.562589645385742
-1.9115300178527832
10.108099937438965
-2.020780086517334
10.65369987487793
-2.1300299167633057
11.199199676513672
-2.2392799854278564
11.744799613952637
-2.3485400676727295
12.290300369262695
-2.457789897918701
12.835800170898438
-2.567039966583252
13.381400108337402
-2.6762900352478027
13.926899909973145
-2.7855401039123535
14.47249984741211
