8.223050117492676
13.003800392150879
8.273170471191406
12.440600395202637
8.3233003616333
11.8774995803833
8.373419761657715
11.314299583435059
8.42354965209961
10.751099586486816
8.47367000579834
10.187999725341797
8.523799896240234
9.62477970123291
8.573920249938965
9.061610221862793
8.624039649963379
8.49843978881836
8.674169540405273
7.935269832611084
8.724289894104004
7.372089862823486
8.774419784545898
6.808919906616211
8.824540138244629
6.2457499504089355
8.874670028686523
5.682569980621338
8.924790382385254
5.1194000244140625
8.974920272827148
4.556230068206787
9.025039672851562
3.9930500984191895
9.075169563293457
3.429879903793335
9.125289916992188
2.8667099475860596
9.175419807434082
2.303529977798462
9.225540161132812
1.7403600215911865
9.275670051574707
1.1771899461746216
9.325790405273438
0.6140159964561462
9.375909805297852
0.05084279924631119
9.426039695739746
-0.5123299956321716
9.476160049438477
-1.0755000114440918
9.526289939880371
-1.6386799812316895
9.576410293579102
-2.201849937438965
9.626540184020996
-2.7650198936462402
9.67665958404541
-3.328200101852417
9.726790428161621
-3.8913700580596924
9.776909828186035
-4.454539775848389
9.82703971862793
-5.017710208892822
9.87716007232666
-5.58089017868042
9.927289962768555
-6.144060134887695
9.977410316467285
-6.707230091094971
10.02750015258789
-7.270410060882568
10.077699661254883
-7.833580017089844
10.127799987792969
-8.396750450134277
10.177900314331055
-8.959930419921875
10.227999687194824
-9.523099899291992
10.278200149536133
-10.086299896240234
10.328300476074219
-10.649399757385254
