-3.8307299613952637
-11.057100296020508
-3.3918800354003906
-10.700200080871582
-2.9530301094055176
-10.343299865722656
-2.5141799449920654
-9.986359596252441
-2.0753300189971924
-9.629449844360352
-1.6364799737930298
-9.272529602050781
-1.1976300477981567
-8.915619850158691
-0.7587810158729553
-8.558699607849121
-0.3199320137500763
-8.201789855957031
0.11891800165176392
-7.844870090484619
0.5577669739723206
-7.487959861755371
0.996616005897522
-7.131040096282959
1.4354699850082397
-6.774129867553711
1.87431001663208
-6.417210102081299
2.313159942626953
-6.060299873352051
2.7520101070404053
-5.703380107879639
3.1908600330352783
-5.346469879150391
3.6297099590301514
-4.9895501136779785
4.0685601234436035
-4.6326398849487305
4.507410049438477
-4.275720119476318
4.94625997543335
-3.9188098907470703
