-6.2635698318481445
-1.8757200241088867
-5.989290237426758
-1.4068299531936646
-5.715010166168213
-0.9379510283470154
-5.440730094909668
-0.4690670073032379
-5.166450023651123
-0.00018414600344840437
-4.892169952392578
0.46869900822639465
-4.617889881134033
0.9375820159912109
-4.3436198234558105
1.4064699411392212
-4.069340229034424
1.875349998474121
-3.7950599193573
2.3442299365997314
-3.520780086517334
2.813119888305664
-3.246500015258789
3.2820000648498535
-2.972219944000244
3.750880002975464
-2.6979498863220215
4.2197699546813965
-2.4236700534820557
4.688650131225586
-2.1493899822235107
5.157529830932617
-1.8751100301742554
5.626410007476807
-1.6008299589157104
6.095300197601318
-1.326550006866455
6.56417989730835
-1.0522799491882324
7.033060073852539
-0.7779970169067383
7.501949787139893
-0.5037189722061157
7.970829963684082
-0.22944100201129913
8.439709663391113
