15.820300102233887
-10.495100021362305
15.498800277709961
-10.03339958190918
15.177300453186035
-9.571640014648438
14.855799674987793
-9.10988998413086
14.534299850463867
-8.648130416870117
14.212800025939941
-8.186380386352539
13.891300201416016
-7.7246198654174805
13.56980037689209
-7.262869834899902
13.248299598693848
-6.801109790802002
12.926799774169922
-6.339360237121582
12.605299949645996
-5.877600193023682
12.28380012512207
-5.4158501625061035
11.962300300598145
-4.954090118408203
11.640800476074219
-4.492340087890625
11.319299697875977
-4.030580043792725
10.99779987335205
-3.5688300132751465
10.676300048828125
-3.107069969177246
10.3548002243042
-2.645319938659668
10.033300399780273
-2.1835598945617676
9.711759567260742
-1.721809983253479
9.390259742736816
-1.2600500583648682
9.06875991821289
-0.7982980012893677
8.747260093688965
-0.336544007062912
8.425760269165039
0.12521100044250488
8.104260444641113
0.5869659781455994
7.782760143280029
1.0487200021743774
7.461259841918945
1.5104800462722778
7.1397600173950195
1.9722299575805664
6.818260192871094
2.433990001678467
6.49675989151001
2.895740032196045
6.175260066986084
3.357490062713623
5.853759765625
3.8192501068115234
5.532259941101074
4.281000137329102
5.210760116577148
4.742760181427002
4.8892598152160645
5.20451021194458
4.567759990692139
5.666269779205322
4.246260166168213
6.1280198097229
3.924760103225708
6.589779853820801
3.603260040283203
7.051529884338379
3.2817599773406982
7.513289928436279
2.9602599143981934
7.975039958953857
2.6387600898742676
8.436800003051758
2.3172600269317627
8.898550033569336
1.9957599639892578
9.360309600830078
1.6742600202560425
9.822059631347656
1.3527599573135376
10.28380012512207
