-18.991100311279297
18.73069953918457
-18.962400436401367
18.17639923095703
-18.933700561523438
17.621999740600586
-18.905000686645508
17.06760025024414
-18.876300811767578
16.513200759887695
-18.84760093688965
15.958900451660156
-18.81879997253418
15.404500007629395
-18.79010009765625
14.850099563598633
-18.76140022277832
14.295700073242188
-18.73270034790039
13.741399765014648
-18.70400047302246
13.187000274658203
-18.67530059814453
12.632599830627441
-18.6466007232666
12.078300476074219
-18.617900848388672
11.523900032043457
-18.58919906616211
10.969499588012695
-18.56049919128418
10.41510009765625
-18.531700134277344
9.860750198364258
-18.503000259399414
9.306380271911621
-18.474300384521484
8.752010345458984
-18.445600509643555
8.197629928588867
-18.416900634765625
7.6432600021362305
-18.388200759887695
7.0888800621032715
-18.359500885009766
6.534510135650635
-18.330799102783203
5.980130195617676
-18.302099227905273
5.425759792327881
-18.273399353027344
4.871389865875244
-18.244699478149414
4.317009925842285
-18.215900421142578
3.7626399993896484
-18.18720054626465
3.2082600593566895
-18.15850067138672
2.6538898944854736
-18.12980079650879
2.0995099544525146
-18.10110092163086
1.545140027999878
-18.072399139404297
0.9907659888267517
-18.043699264526367
0.43639200925827026
-18.014999389648438
-0.11798200011253357
-17.986299514770508
-0.6723570227622986
-17.957599639892578
-1.2267299890518188
-17.92889976501465
-1.7811100482940674
-17.900100708007812
-2.335479974746704
-17.871400833129883
-2.889849901199341
-17.84269905090332
-3.444230079650879
-17.81399917602539
-3.9986000061035156
-17.78529930114746
-4.552979946136475
-17.75659942626953
-5.107349872589111
-17.7278995513916
-5.66172981262207
-17.699199676513672
-6.216100215911865
-17.670499801635742
-6.770470142364502
-17.641799926757812
-7.324850082397461
-17.613100051879883
-7.879220008850098
-17.584299087524414
-8.433600425720215
-17.555599212646484
-8.987970352172852
-17.526899337768555
-9.542349815368652
