-2.7719600200653076
11.475799560546875
-3.2543699741363525
11.205900192260742
-3.7367899417877197
10.93589973449707
-4.219200134277344
10.665900230407715
-4.701620101928711
10.395999908447266
-5.184030055999756
10.12600040435791
-5.666440010070801
9.856080055236816
-6.148859977722168
9.586119651794434
-6.631269931793213
9.316169738769531
-7.11368989944458
9.046210289001465
-7.596099853515625
8.776260375976562
-8.078510284423828
8.50629997253418
-8.560930252075195
8.236350059509277
-9.043339729309082
7.966390132904053
-9.52575969696045
7.696430206298828
-10.008199691772461
7.426479816436768
-10.490599632263184
7.156519889831543
-10.972999572753906
6.886569976806641
-11.455400466918945
6.616610050201416
-11.937800407409668
6.346660137176514
-12.42020034790039
6.076700210571289
-12.902700424194336
5.806739807128906
-13.385100364685059
5.536789894104004
-13.867500305175781
5.266829967498779
-14.349900245666504
4.996880054473877
-14.832300186157227
4.726920127868652
-15.31470012664795
4.456960201263428
-15.797100067138672
4.187009811401367
-16.279600143432617
3.9170498847961426
-16.761999130249023
3.6470999717712402
-17.244400024414062
3.3771400451660156
-17.7268009185791
3.107189893722534
-18.209199905395508
2.8372299671173096
-18.691600799560547
2.567270040512085
-19.173999786376953
2.2973198890686035
-19.6564998626709
2.027359962463379
