-12.494500160217285
15.281299591064453
-11.968400001525879
15.148900032043457
-11.442299842834473
15.016400337219238
-10.916199684143066
14.883999824523926
-10.39009952545166
14.75160026550293
-9.86400032043457
14.619099617004395
-9.337909698486328
14.486700057983398
-8.811820030212402
14.354299545288086
-8.285719871520996
14.221799850463867
-7.75963020324707
14.089400291442871
-7.233540058135986
13.956899642944336
-6.70743989944458
13.82450008392334
-6.181350231170654
13.692099571228027
-5.65526008605957
13.559599876403809
-5.129169940948486
13.427200317382812
-4.60306978225708
13.2947998046875
-4.076980113983154
13.162300109863281
-3.5508899688720703
13.029899597167969
-3.024790048599243
12.897500038146973
-2.498699903488159
12.765000343322754
-1.9726099967956543
12.632599830627441
