-12.362899780273438
-14.241999626159668
-11.815899848937988
-14.150400161743164
-11.268899917602539
-14.058799743652344
-10.72189998626709
-13.96720027923584
-10.17490005493164
-13.87559986114502
-9.62794017791748
-13.784000396728516
-9.080949783325195
-13.692399978637695
-8.533949851989746
-13.600799560546875
-7.986959934234619
-13.509200096130371
-7.43996000289917
-13.41759967803955
-6.892970085144043
-13.326000213623047
-6.345970153808594
-13.234399795532227
-5.798980236053467
-13.142800331115723
-5.251989841461182
-13.05109977722168
-4.704989910125732
-12.959500312805176
-4.1579999923706055
-12.867899894714355
-3.6110000610351562
-12.776300430297852
-3.06400990486145
-12.684700012207031
-2.517009973526001
-12.593099594116211
-1.970020055770874
-12.501500129699707
-1.4230200052261353
-12.409899711608887
-0.8760300278663635
-12.318300247192383
-0.32903599739074707
-12.226699829101562
0.21795900166034698
-12.135100364685059
0.7649530172348022
-12.043499946594238
1.3119499683380127
-11.951899528503418
1.8589400053024292
-11.860300064086914
2.405940055847168
-11.768699645996094
2.952929973602295
-11.67710018157959
3.499929904937744
-11.58549976348877
4.046919822692871
-11.493800163269043
4.593910217285156
-11.402199745178223
5.1409101486206055
-11.310600280761719
5.687900066375732
-11.218999862670898
6.234899997711182
-11.127400398254395
6.781889915466309
-11.035799980163574
7.328889846801758
-10.944199562072754
7.875879764556885
-10.85260009765625
8.422880172729492
-10.76099967956543
8.969869613647461
-10.669400215148926
9.516860008239746
-10.577799797058105
10.063899993896484
-10.486200332641602
10.610899925231934
-10.394599914550781
11.15779972076416
-10.303000450134277
11.70479965209961
-10.211400032043457
