-14.018099784851074
8.138330459594727
-13.867400169372559
7.601880073547363
-13.716699600219727
7.065420150756836
-13.566100120544434
6.528960227966309
-13.415399551391602
5.992509841918945
-13.264699935913086
5.456049919128418
-13.114100456237793
4.919600009918213
-12.963399887084961
4.3831400871276855
-12.812700271606445
3.8466899394989014
-12.662099838256836
3.310230016708374
-12.51140022277832
2.773780107498169
-12.360699653625488
2.2373199462890625
-12.210100173950195
1.7008700370788574
-12.059399604797363
1.1644099950790405
-11.908699989318848
0.6279550194740295
-11.758000373840332
0.09149999916553497
-11.607399940490723
-0.4449549913406372
-11.456700325012207
-0.9814109802246094
-11.305999755859375
-1.5178699493408203
-11.155400276184082
-2.0543200969696045
-11.00469970703125
-2.590780019760132
-10.854000091552734
-3.127229928970337
-10.703399658203125
-3.6636900901794434
-10.55270004272461
-4.200139999389648
-10.402000427246094
-4.736599922180176
-10.251399993896484
-5.273049831390381
-10.100700378417969
-5.809510231018066
-9.950019836425781
-6.3459601402282715
-9.799349784851074
-6.882420063018799
-9.648679733276367
-7.418879985809326
-9.49802017211914
-7.955329895019531
-9.347350120544434
-8.491789817810059
-9.196680068969727
-9.028240203857422
-9.04601001739502
-9.56470012664795
-8.895339965820312
-10.101200103759766
-8.744669914245605
-10.63759994506836
-8.593999862670898
-11.174099922180176
-8.443329811096191
-11.71049976348877
-8.292659759521484
-12.246999740600586
-8.142000198364258
-12.78339958190918
-7.991330146789551
-13.319899559020996
-7.840660095214844
-13.856300354003906
-7.689990043640137
-14.392800331115723
-7.53931999206543
-14.929300308227539
-7.388649940490723
-15.465700149536133
-7.237979888916016
-16.002199172973633
