-10.584400177001953
-9.407620429992676
-10.038200378417969
-9.30817985534668
-9.491920471191406
-9.20872974395752
-8.945679664611816
-9.10929012298584
-8.399430274963379
-9.009849548339844
-7.853189945220947
-8.910409927368164
-7.306950092315674
-8.810970306396484
-6.760709762573242
-8.711529731750488
-6.2144598960876465
-8.612090110778809
-5.668220043182373
-8.512649536132812
-5.1219801902771
-8.413200378417969
-4.575729846954346
-8.313759803771973
-4.029489994049072
-8.214320182800293
-3.4832499027252197
-8.114879608154297
-2.937000036239624
-8.015439987182617
-2.3907599449157715
-7.915999889373779
-1.8445199728012085
-7.816559791564941
-1.2982800006866455
-7.717120170593262
-0.752032995223999
-7.617670059204102
-0.20578999817371368
-7.518229961395264
0.34045299887657166
-7.418789863586426
0.8866959810256958
-7.319349765777588
1.4329400062561035
-7.219910144805908
1.9791799783706665
-7.12047004699707
2.5254199504852295
-7.021029949188232
3.0716700553894043
-6.921579837799072
3.6179099082946777
-6.822140216827393
4.164150238037109
-6.722700119018555
4.710400104522705
-6.623260021209717
5.2566399574279785
-6.523819923400879
5.802879810333252
-6.424379825592041
6.349130153656006
-6.324940204620361
6.895370006561279
-6.225500106811523
7.441609859466553
-6.126049995422363
7.987850189208984
-6.026609897613525
8.534099578857422
-5.9271697998046875
9.080340385437012
-5.827730178833008
9.626580238342285
-5.72829008102417
10.172800064086914
-5.628849983215332
10.719099998474121
-5.529409885406494
11.265299797058105
-5.429969787597656
