16.17140007019043
-18.661100387573242
15.723899841308594
-18.328100204467773
15.276399612426758
-17.9950008392334
14.828900337219238
-17.66189956665039
14.381400108337402
-17.328800201416016
13.933899879455566
-16.99570083618164
13.48639965057373
-16.662700653076172
13.038900375366211
-16.329599380493164
12.591400146484375
-15.996500015258789
12.143899917602539
-15.663399696350098
11.696399688720703
-15.330400466918945
11.248900413513184
-14.997300148010254
10.801400184631348
-14.664199829101562
10.353899955749512
-14.331100463867188
9.906450271606445
-13.998100280761719
9.45895004272461
-13.664999961853027
9.011460304260254
-13.331899642944336
8.563960075378418
-12.998800277709961
8.116459846496582
-12.665800094604492
7.668970108032227
-12.3326997756958
7.221469879150391
-11.999600410461426
6.773970127105713
-11.666500091552734
6.326469898223877
-11.333499908447266
5.8789801597595215
-11.000399589538574
5.4314799308776855
-10.6673002243042
4.983980178833008
-10.334199905395508
4.536489963531494
-10.001199722290039
4.088990211486816
-9.66808032989502
3.6414899826049805
-9.335000038146973
3.194000005722046
-9.001919746398926
2.746500015258789
-8.66884994506836
2.2990000247955322
-8.335769653320312
1.8515000343322754
-8.002699851989746
1.4040100574493408
-7.669620037078857
0.9565100073814392
-7.336540222167969
0.5090129971504211
-7.003469944000244
0.06151580065488815
-6.6703901290893555
-0.3859809935092926
-6.337319850921631
-0.8334779739379883
-6.004240036010742
-1.2809799909591675
-5.6711602210998535
-1.728469967842102
-5.338089942932129
-2.1759700775146484
-5.00501012802124
-2.6234700679779053
-4.671939849853516
-3.07096004486084
-4.338860034942627
-3.5184600353240967
-4.005780220031738
-3.9659600257873535
-3.6727099418640137
-4.413449764251709
-3.339629888534546
-4.860949993133545
-3.0065600872039795
-5.308450222015381
-2.6734800338745117
-5.755949974060059
-2.340399980545044
-6.203440189361572
-2.0073299407958984
-6.65093994140625
-1.6742500066757202
