-10.84469985961914
14.61970043182373
-10.928400039672852
14.062199592590332
-11.012200355529785
13.50469970703125
-11.095999717712402
12.947099685668945
-11.179699897766113
12.389599800109863
-11.263500213623047
11.831999778747559
-11.347299575805664
11.274499893188477
-11.430999755859375
10.717000007629395
-11.514800071716309
10.15939998626709
-11.598600387573242
9.601880073547363
-11.68239974975586
9.044340133666992
-11.76609992980957
8.486800193786621
-11.849900245666504
7.929259777069092
-11.933699607849121
7.371719837188721
-12.017399787902832
6.81417989730835
-12.101200103759766
6.2566399574279785
-12.1850004196167
5.699100017547607
-12.268699645996094
5.141560077667236
-12.352499961853027
4.584020137786865
-12.436300277709961
4.026480197906494
-12.520000457763672
3.468940019607544
-12.603799819946289
2.911400079727173
-12.687600135803223
2.3538599014282227
-12.771400451660156
1.7963199615478516
-12.85509967803955
1.2387800216674805
-12.938899993896484
0.6812450289726257
-13.022700309753418
0.12370599806308746
-13.106399536132812
-0.4338339865207672
-13.190199851989746
-0.9913740158081055
-13.27400016784668
-1.5489100217819214
-13.35770034790039
-2.106450080871582
-13.441499710083008
-2.663990020751953
-13.525300025939941
-3.221529960632324
-13.609000205993652
-3.7790699005126953
-13.69279956817627
-4.336609840393066
-13.776599884033203
-4.8941497802734375
-13.860400199890137
-5.451690196990967
-13.944100379943848
-6.009230136871338
-14.027899742126465
-6.566770076751709
-14.111700057983398
-7.12431001663208
-14.19540023803711
-7.681849956512451
-14.279199600219727
-8.23939037322998
-14.36299991607666
-8.796930313110352
-14.446700096130371
-9.354470252990723
-14.530500411987305
-9.912010192871094
-14.614299774169922
-10.469499588012695
-14.698100090026855
-11.027099609375
-14.781800270080566
-11.584600448608398
-14.865599632263184
-12.142200469970703
-14.949399948120117
-12.699700355529785
-15.033100128173828
-13.257200241088867
-15.116900444030762
-13.814800262451172
-15.200699806213379
-14.372300148010254
-15.28439998626709
-14.929900169372559
-15.368200302124023
-15.48740005493164
