2.4463300704956055
10.459699630737305
2.492840051651001
9.904199600219727
2.539340019226074
9.348679542541504
2.5858399868011475
8.793149948120117
2.6323399543762207
8.237629890441895
2.678839921951294
7.68209981918335
2.725339889526367
7.126580238342285
2.7718400955200195
6.5710601806640625
2.8183400630950928
6.015530109405518
2.864840030670166
5.460010051727295
2.9113399982452393
4.90447998046875
2.9578399658203125
4.348959922790527
3.004349946975708
3.7934300899505615
3.0508499145507812
3.237910032272339
3.0973498821258545
2.682389974594116
3.143850088119507
2.1268599033355713
3.19035005569458
1.5713399648666382
3.2368500232696533
1.0158100128173828
3.2833499908447266
0.46028900146484375
3.3298499584198
-0.09523510187864304
3.376349925994873
-0.6507589817047119
3.4228498935699463
-1.206279993057251
3.4693500995635986
-1.7618099451065063
3.515850067138672
-2.3173298835754395
3.5623600482940674
-2.8728599548339844
3.6088600158691406
-3.428380012512207
3.655359983444214
-3.983910083770752
3.701859951019287
-4.539430141448975
3.7483599185943604
-5.094950199127197
3.7948598861694336
-5.650479793548584
3.841360092163086
-6.205999851226807
3.887860059738159
-6.761529922485352
3.9343600273132324
-7.317049980163574
3.9808599948883057
-7.872580051422119
4.027359962463379
-8.428099632263184
4.0738701820373535
-8.983619689941406
4.120369911193848
-9.53915023803711
4.1668701171875
-10.09469985961914
4.213369846343994
-10.650199890136719
4.2598700523376465
-11.205699920654297
