-19.80769920349121
-14.724499702453613
-19.335399627685547
-14.420599937438965
-18.863000869750977
-14.116600036621094
-18.39069938659668
-13.812600135803223
-17.918399810791016
-13.508600234985352
-17.44610023498535
-13.20460033416748
-16.973800659179688
-12.90060043334961
-16.50149917602539
-12.596599578857422
-16.02910041809082
-12.29259967803955
-15.55679988861084
-11.98859977722168
-15.084500312805176
-11.684700012207031
-14.612199783325195
-11.38070011138916
-14.139900207519531
-11.076700210571289
-13.667499542236328
-10.772700309753418
-13.195199966430664
-10.468700408935547
-12.722900390625
-10.16469955444336
-12.25059986114502
-9.860730171203613
-11.778300285339355
-9.556739807128906
-11.305999755859375
-9.25275993347168
-10.833600044250488
-8.948769569396973
-10.361300468444824
-8.644780158996582
-9.888999938964844
-8.340789794921875
-9.416680335998535
-8.036800384521484
-8.94435977935791
-7.7328200340271
-8.472040176391602
-7.428830146789551
-7.999730110168457
-7.124839782714844
-7.52741003036499
-6.820849895477295
-7.055089950561523
-6.516870021820068
-6.582769870758057
-6.2128801345825195
-6.11044979095459
-5.9088897705078125
-5.638130187988281
-5.604899883270264
-5.165820121765137
-5.300909996032715
-4.69350004196167
-4.996930122375488
-4.221179962158203
-4.6929402351379395
-3.7488598823547363
-4.388949871063232
-3.2765400409698486
-4.084959983825684
-2.804229974746704
-3.7809700965881348
-2.3319098949432373
-3.476989984512329
-1.8595900535583496
-3.1730000972747803
-1.3872699737548828
-2.8690099716186523
-0.9149540066719055
-2.5650200843811035
-0.4426349997520447
-2.2610299587249756
0.029682600870728493
-1.9570499658584595
0.5020009875297546
-1.653059959411621
0.9743189811706543
-1.3490699529647827
1.4466400146484375
-1.0450799465179443
1.9189599752426147
-0.7410950064659119
2.3912699222564697
-0.43710699677467346
2.8635900020599365
-0.13311900198459625
3.3359100818634033
0.17086899280548096
3.808229923248291
0.47485700249671936
4.280550003051758
0.7788450121879578
4.752860069274902
1.0828299522399902
5.225180149078369
1.3868199586868286
5.697500228881836
1.690809965133667
6.1698198318481445
1.9947999715805054
6.642139911651611
2.2987799644470215
7.114449977874756
2.6027700901031494
7.586770057678223
2.9067599773406982
8.059089660644531
3.210750102996826
8.531410217285156
3.514739990234375
9.003729820251465
3.8187201023101807
9.47603988647461
4.122710227966309
9.948360443115234
4.426700115203857
10.420700073242188
4.730690002441406
10.892999649047852
5.034679889678955
11.365300178527832
5.338659763336182
11.837599754333496
5.642650127410889
12.3100004196167
5.9466400146484375
12.782299995422363
6.250629901885986
13.254599571228027
6.554609775543213
13.726900100708008
6.85860013961792
14.199199676513672
7.162590026855469
14.671500205993652
7.466579914093018
15.143899917602539
7.770569801330566
15.61620044708252
8.074549674987793
