19.812000274658203
-6.976679801940918
19.265499114990234
-7.102459907531738
18.7189998626709
-7.228240013122559
18.172500610351562
-7.354010105133057
17.625999450683594
-7.479790210723877
17.079599380493164
-7.605569839477539
16.533100128173828
-7.731349945068359
15.986599922180176
-7.857120037078857
15.440099716186523
-7.982900142669678
14.893600463867188
-8.10867977142334
14.347200393676758
-8.23445987701416
13.800700187683105
-8.36023998260498
13.254199981689453
-8.48600959777832
12.7076997756958
-8.61178970336914
12.161299705505371
-8.737569808959961
11.614800453186035
-8.863349914550781
11.068300247192383
-8.989119529724121
10.52180004119873
-9.114899635314941
9.975339889526367
-9.240679740905762
9.42885971069336
-9.366459846496582
8.882379531860352
-9.492239952087402
8.335909843444824
-9.618009567260742
7.789430141448975
-9.743789672851562
7.242949962615967
-9.869569778442383
6.696469783782959
-9.995349884033203
6.149990081787109
-10.121100425720215
5.603509902954102
-10.246899604797363
5.057040214538574
-10.372699737548828
4.510560035705566
-10.498499870300293
3.9640800952911377
-10.624199867248535
3.41759991645813
-10.75
2.871119976043701
-10.875800132751465
2.3246400356292725
-11.00160026550293
1.7781699895858765
-11.127300262451172
1.2316900491714478
-11.253100395202637
0.6852089762687683
-11.378899574279785
0.1387310028076172
-11.50469970703125
-0.4077470004558563
-11.630499839782715
-0.954226016998291
-11.756199836730957
-1.5006999969482422
-11.881999969482422
-2.047179937362671
-12.007800102233887
-2.5936601161956787
-12.133600234985352
-3.1401400566101074
-12.259300231933594
-3.686619997024536
-12.385100364685059
-4.233099937438965
-12.510899543762207
-4.77957010269165
-12.636699676513672
-5.3260498046875
-12.762499809265137
-5.872529983520508
-12.888199806213379
-6.419010162353516
-13.013999938964844
-6.965489864349365
-13.139800071716309
-7.511970043182373
-13.265600204467773
-8.058440208435059
-13.391300201416016
-8.604920387268066
-13.51710033416748
-9.151399612426758
-13.642900466918945
-9.697879791259766
-13.768699645996094
-10.244400024414062
-13.894499778747559
-10.790800094604492
-14.0201997756958
-11.337300300598145
-14.145999908447266
-11.88379955291748
-14.27180004119873
-12.430299758911133
-14.397600173950195
-12.976699829101562
-14.523300170898438
-13.523200035095215
-14.649100303649902
-14.069700241088867
-14.774900436401367
-14.61620044708252
-14.900699615478516
-15.162699699401855
-15.02649974822998
-15.709099769592285
-15.152199745178223
-16.255599975585938
-15.277999877929688
-16.802099227905273
-15.403800010681152
-17.348600387573242
-15.529600143432617
-17.895099639892578
-15.65530014038086
