-12.3302001953125
7.625229835510254
-12.002400398254395
7.173309803009033
-11.674599647521973
6.7213897705078125
-11.346799850463867
6.26947021484375
-11.019000053405762
5.817550182342529
-10.691200256347656
5.365630149841309
-10.36340045928955
4.913710117340088
-10.035599708557129
4.4618000984191895
-9.70775032043457
4.009880065917969
-9.379940032958984
3.557960033416748
-9.052140235900879
3.1060400009155273
-8.724329948425293
2.6541199684143066
-8.396530151367188
2.202199935913086
-8.068719863891602
1.7502800226211548
-7.740910053253174
1.298359990119934
-7.41310977935791
0.8464440107345581
-7.085299968719482
0.39452600479125977
-6.757500171661377
-0.05739330127835274
-6.429689884185791
-0.5093119740486145
-6.101880073547363
-0.961230993270874
-5.7740797996521
-1.4131499528884888
-5.446269989013672
-1.8650699853897095
-5.118470191955566
-2.3169898986816406
-4.7906599044799805
-2.7689099311828613
-4.462860107421875
-3.220829963684082
-4.135049819946289
-3.6727399826049805
-3.8072400093078613
-4.124660015106201
-3.4794399738311768
-4.576580047607422
-3.15162992477417
-5.028500080108643
-2.8238298892974854
-5.480420112609863
-2.4960200786590576
-5.932340145111084
-2.168210029602051
-6.384260177612305
-1.8404099941253662
-6.836180210113525
-1.5125999450683594
-7.288090229034424
-1.1848000288009644
-7.740009784698486
-0.8569909930229187
-8.191929817199707
-0.5291849970817566
-8.643850326538086
-0.20137900114059448
-9.095769882202148
0.12642699480056763
-9.547690391540527
0.45423299074172974
-9.99960994720459
0.7820389866828918
-10.451499938964844
1.1098400354385376
-10.903400421142578
1.4376499652862549
-11.355400085449219
1.7654600143432617
-11.807299613952637
2.0932600498199463
-12.259200096130371
2.421070098876953
-12.711099624633789
2.7488698959350586
-13.163000106811523
3.0766799449920654
-13.614999771118164
3.4044899940490723
-14.066900253295898
