-15.249500274658203
-6.70550012588501
-14.712499618530273
-6.822400093078613
-14.175399780273438
-6.939300060272217
-13.638400077819824
-7.05620002746582
-13.101400375366211
-7.173099994659424
-12.564399719238281
-7.289999961853027
-12.027400016784668
-7.406899929046631
-11.490300178527832
-7.523799896240234
-10.953300476074219
-7.64070987701416
-10.416299819946289
-7.757609844207764
-9.87926959991455
-7.874509811401367
-9.342249870300293
-7.991409778594971
-8.805230140686035
-8.108309745788574
-8.268210411071777
-8.225210189819336
-7.731190204620361
-8.342109680175781
-7.194169998168945
-8.459010124206543
-6.657149791717529
-8.575909614562988
-6.1201300621032715
-8.692819595336914
-5.5831098556518555
-8.809720039367676
-5.046090126037598
-8.926619529724121
-4.509069919586182
-9.043519973754883
-3.9720499515533447
-9.160420417785645
-3.435029983520508
-9.27731990814209
-2.898010015487671
-9.394220352172852
-2.360990047454834
-9.511119842529297
-1.8239699602127075
-9.628029823303223
-1.2869499921798706
-9.744930267333984
-0.7499330043792725
-9.86182975769043
-0.21291300654411316
-9.978730201721191
0.3241080045700073
-10.095600128173828
0.8611279726028442
-10.212499618530273
1.3981499671936035
-10.329400062561035
