2.8320701122283936
15.481399536132812
3.0516700744628906
14.964099884033203
3.2712700366973877
14.446800231933594
3.490880012512207
13.929499626159668
3.710479974746704
13.412099838256836
3.9300899505615234
12.894800186157227
4.1496901512146
12.3774995803833
4.369289875030518
11.860099792480469
4.588900089263916
11.34280014038086
4.808499813079834
10.825499534606934
5.028110027313232
10.308199882507324
5.247710227966309
9.790840148925781
5.467309951782227
9.273509979248047
5.686920166015625
8.756179809570312
5.906519889831543
8.238849639892578
6.126130104064941
7.721529960632324
6.345729827880859
7.20419979095459
6.565340042114258
6.686870098114014
6.784939765930176
6.169539928436279
7.004539966583252
5.652219772338867
7.22415018081665
5.134890079498291
7.443749904632568
4.617559909820557
7.663360118865967
4.1002302169799805
7.882959842681885
3.5829100608825684
8.102560043334961
3.065579891204834
8.32217025756836
2.5482499599456787
8.541769981384277
2.0309200286865234
8.761380195617676
1.5135999917984009
8.980979919433594
0.9962689876556396
9.200579643249512
0.47894200682640076
9.42018985748291
-0.03838590160012245
9.639789581298828
-0.5557129979133606
9.859399795532227
-1.0730400085449219
10.079000473022461
-1.5903700590133667
