12.57509994506836
-13.397299766540527
12.046899795532227
-13.218000411987305
11.518699645996094
-13.038700103759766
10.990500450134277
-12.859399795532227
10.462300300598145
-12.680100440979004
9.934149742126465
-12.500800132751465
9.405949592590332
-12.321499824523926
8.87775993347168
-12.142200469970703
8.349570274353027
-11.962900161743164
7.8213701248168945
-11.783599853515625
7.293179988861084
-11.604399681091309
6.764989852905273
-11.425100326538086
6.236790180206299
-11.245800018310547
5.708600044250488
-11.066499710083008
5.180409908294678
-10.887200355529785
4.652210235595703
-10.707900047302246
4.124020099639893
-10.528599739074707
3.595829963684082
-10.349300384521484
3.0676300525665283
-10.170000076293945
2.5394399166107178
-9.990659713745117
2.0112500190734863
-9.811360359191895
1.483049988746643
-9.632060050964355
0.9548599720001221
-9.452759742736816
0.4266670048236847
-9.273460388183594
-0.10152599960565567
-9.094169616699219
-0.6297190189361572
-8.914870262145996
-1.1579099893569946
-8.735569953918457
-1.686110019683838
-8.556269645690918
-2.2142999172210693
-8.376970291137695
-2.74249005317688
-8.197669982910156
-3.2706899642944336
-8.018369674682617
-3.798880100250244
-7.839069843292236
-4.327070236206055
-7.6597700119018555
-4.855269908905029
-7.480480194091797
-5.38346004486084
-7.301179885864258
-5.91165018081665
-7.121880054473877
-6.439849853515625
-6.942580223083496
-6.9680399894714355
-6.763279914855957
-7.496230125427246
-6.583980083465576
-8.024419784545898
-6.404679775238037
-8.552619934082031
-6.225379943847656
-9.080809593200684
-6.046080112457275
-9.609000205993652
-5.866789817810059
-10.137200355529785
-5.687489986419678
-10.665399551391602
-5.508190155029297
-11.193599700927734
-5.328889846801758
-11.721799850463867
-5.149590015411377
-12.25
-4.970290184020996
-12.778200149536133
-4.790989875793457
-13.306400299072266
-4.611690044403076
-13.834600448608398
-4.432390213012695
-14.362700462341309
-4.2530999183654785
-14.890899658203125
-4.073800086975098
-15.419099807739258
-3.8945000171661377
-15.94729995727539
-3.7151999473571777
-16.475500106811523
-3.535900115966797
-17.003700256347656
-3.356600046157837
