4.576980113983154
8.094440460205078
4.072350025177002
8.349040031433105
3.5677199363708496
8.603639602661133
3.063080072402954
8.858229637145996
2.5584499835968018
9.11283016204834
2.0538198947906494
9.367429733276367
1.5491900444030762
9.62201976776123
1.0445599555969238
9.876620292663574
0.5399309992790222
10.131199836730957
0.03529969975352287
10.3858003616333
-0.4693309962749481
10.640399932861328
-0.9739620089530945
10.895000457763672
-1.4785900115966797
11.1496000289917
-1.9832199811935425
11.404199600219727
-2.4878499507904053
11.65880012512207
-2.9924800395965576
11.913399696350098
-3.497119903564453
12.168000221252441
-4.0017499923706055
12.422599792480469
-4.506380081176758
12.677200317382812
-5.01101016998291
12.93179988861084
-5.515639781951904
13.186400413513184
-6.020269870758057
13.440999984741211
-6.524899959564209
13.695599555969238
-7.029530048370361
13.950200080871582
-7.534160137176514
14.20479965209961
-8.038789749145508
14.459400177001953
-8.54341983795166
14.71399974822998
-9.048049926757812
14.968600273132324
-9.552689552307129
15.223199844360352
-10.057299613952637
15.477800369262695
-10.56190013885498
15.732399940490723
-11.06659984588623
15.986900329589844
-11.571200370788574
16.241500854492188
-12.075799942016602
16.4960994720459
-12.580499649047852
16.750699996948242
-13.085100173950195
17.005300521850586
-13.589699745178223
17.259899139404297
-14.094400405883789
17.51449966430664
-14.598999977111816
17.769100189208984
-15.103599548339844
18.023700714111328
-15.60830020904541
18.27829933166504
-16.112899780273438
18.532899856567383
-16.61750030517578
18.787500381469727
-17.122100830078125
19.04210090637207
-17.626800537109375
19.29669952392578
