-19.138700485229492
17.290800094604492
-18.83049964904785
16.821399688720703
-18.522300720214844
16.351900100708008
-18.214099884033203
15.882499694824219
-17.9060001373291
15.413000106811523
-17.59779930114746
14.943599700927734
-17.289600372314453
14.474200248718262
-16.981399536132812
14.00469970703125
-16.67329978942871
13.535300254821777
-16.365100860595703
13.065799713134766
-16.056900024414062
12.596400260925293
-15.748700141906738
12.126899719238281
-15.440600395202637
11.657500267028809
-15.132399559020996
11.18809986114502
-14.824199676513672
10.718600273132324
-14.515999794006348
10.249199867248535
-14.207900047302246
9.779740333557129
-13.899700164794922
9.31029987335205
-13.591500282287598
8.840860366821289
-13.283300399780273
8.371419906616211
-12.975199699401855
7.901979923248291
-12.666999816894531
7.432539939880371
-12.358799934387207
6.963099956512451
-12.050600051879883
6.493659973144531
-11.742500305175781
6.024209976196289
-11.434300422668457
5.554769992828369
-11.126099586486816
5.085330009460449
-10.817899703979492
4.615890026092529
-10.50979995727539
4.146450042724609
-10.201600074768066
3.6770100593566895
-9.893420219421387
3.2075700759887695
-9.585240364074707
2.7381300926208496
-9.277070045471191
2.2686901092529297
-8.968890190124512
1.7992500066757202
-8.660719871520996
1.3298100233078003
-8.352540016174316
0.8603640198707581
-8.0443696975708
0.39092299342155457
-7.736189842224121
-0.07851780205965042
-7.428020000457764
-0.54795902967453
-7.119840145111084
-1.0174000263214111
-6.811669826507568
-1.486840009689331
-6.503489971160889
-1.956279993057251
-6.195320129394531
-2.425719976425171
-5.887139797210693
-2.895159959793091
-5.578969955444336
-3.3645999431610107
-5.270790100097656
-3.834049940109253
-4.962619781494141
-4.303490161895752
-4.654439926147461
-4.772930145263672
-4.3462700843811035
-5.242370128631592
-4.038090229034424
-5.711810111999512
-3.729919910430908
-6.181250095367432
-3.4217400550842285
-6.650690078735352
-3.113569974899292
-7.1201300621032715
-2.805389881134033
-7.589570045471191
-2.497220039367676
-8.059009552001953
-2.189039945602417
-8.528459548950195
-1.88086998462677
-8.997900009155273
-1.5726900100708008
-9.467340469360352
-1.2645200490951538
-9.936779975891113
-0.9563419818878174
-10.406200408935547
-0.6481670141220093
-10.875699996948242
-0.3399919867515564
-11.345100402832031
-0.03181710094213486
-11.814499855041504
0.2763580083847046
-12.284000396728516
0.5845329761505127
-12.753399848937988
0.8927080035209656
-13.222900390625
1.2008800506591797
-13.692299842834473
1.509060025215149
-14.161700248718262
