12.62339973449707
-4.8910698890686035
12.07040023803711
-4.808839797973633
11.517399787902832
-4.726600170135498
10.964400291442871
-4.644360065460205
10.411399841308594
-4.562119960784912
9.858449935913086
-4.479889869689941
9.305459976196289
-4.397649765014648
8.752479553222656
-4.315410137176514
8.19948959350586
-4.233170032501221
7.646500110626221
-4.15093994140625
7.093510150909424
-4.068699836730957
6.540520191192627
-3.986459970474243
5.98753023147583
-3.9042301177978516
5.434549808502197
-3.8219900131225586
4.8815598487854
-3.7397499084472656
4.3285698890686035
-3.6575100421905518
3.7755799293518066
-3.575279951095581
3.2225899696350098
-3.493040084838867
2.669610023498535
-3.410799980163574
2.1166200637817383
-3.3285601139068604
1.5636299848556519
-3.2463300228118896
1.010640025138855
-3.1640899181365967
0.4576520025730133
-3.081850051879883
-0.09533579647541046
-2.999619960784912
-0.6483240127563477
-2.9173800945281982
-1.2013100385665894
-2.8351399898529053
-1.7542999982833862
-2.7528998851776123
-2.3072900772094727
-2.6706700325012207
-2.8602800369262695
-2.5884299278259277
-3.4132699966430664
-2.506190061569214
-3.966249942779541
-2.423949956893921
-4.519239902496338
-2.3417201042175293
-5.072229862213135
-2.2594799995422363
-5.625219821929932
-2.1772398948669434
-6.1782097816467285
-2.0950100421905518
-6.731190204620361
-2.012769937515259
-7.284180164337158
-1.9305299520492554
-7.837170124053955
-1.848289966583252
-8.390159606933594
-1.7660599946975708
