2.792680025100708
-3.033139944076538
2.4337000846862793
-3.4576001167297363
2.074709892272949
-3.882050037384033
1.7157200574874878
-4.30649995803833
1.3567299842834473
-4.730949878692627
0.9977459907531738
-5.155399799346924
0.6387580037117004
-5.579850196838379
0.27977100014686584
-6.004300117492676
-0.07921650260686874
-6.428750038146973
-0.43820399045944214
-6.8531999588012695
-0.7971910238265991
-7.277649879455566
-1.1561800241470337
-7.7021098136901855
-1.5151699781417847
-8.12656021118164
-1.874150037765503
-8.551010131835938
-2.233139991760254
-8.975460052490234
-2.592129945755005
-9.399909973144531
-2.951119899749756
-9.824359893798828
-3.3101000785827637
-10.248800277709961
-3.6690900325775146
-10.673299789428711
-4.028079986572266
-11.097700119018555
-4.387070178985596
-11.522199630737305
-4.746049880981445
-11.946599960327148
-5.105040073394775
-12.371100425720215
-5.464029788970947
-12.795499801635742
-5.823009967803955
-13.220000267028809
-6.182000160217285
-13.644399642944336
-6.540989875793457
-14.068900108337402
-6.899980068206787
-14.493300437927246
-7.258959770202637
-14.917799949645996
-7.617949962615967
-15.34220027923584
-7.976940155029297
-15.76669979095459
-8.335929870605469
-16.191099166870117
-8.694910049438477
-16.6156005859375
-9.053899765014648
-17.040000915527344
-9.412890434265137
-17.464500427246094
-9.771880149841309
-17.888900756835938
-10.130900382995605
-18.313400268554688
-10.489899635314941
-18.73780059814453
