-3.3736801147460938
-1.2443100214004517
-3.3481500148773193
-0.6920419931411743
-3.322619915008545
-0.13976900279521942
-3.2970900535583496
0.4125039875507355
-3.2715699672698975
0.9647769927978516
-3.246040105819702
1.51705002784729
-3.2205100059509277
2.0693199634552
-3.1949799060821533
2.6215898990631104
-3.169450044631958
3.173870086669922
-3.1439199447631836
3.726140022277832
-3.1184000968933105
4.278409957885742
-3.092869997024536
4.830689907073975
-3.0673398971557617
5.382959842681885
-3.0418100357055664
5.935229778289795
-3.016279935836792
6.487500190734863
-2.990760087966919
7.039780139923096
-2.9652299880981445
7.592050075531006
-2.93969988822937
8.144319534301758
-2.914170026779175
8.696590423583984
