4.248109817504883
2.3367700576782227
4.79695987701416
2.456789970397949
5.34581995010376
2.5768001079559326
5.894670009613037
2.696810007095337
6.4435200691223145
2.816819906234741
6.992370128631592
2.936840057373047
7.541220188140869
3.056849956512451
8.090069770812988
3.1768600940704346
8.638919830322266
3.296869993209839
9.187769889831543
3.4168899059295654
9.73661994934082
3.536900043487549
10.285499572753906
3.656909942626953
10.83430004119873
3.7769200801849365
11.383199691772461
3.896939992904663
11.932000160217285
4.0169501304626465
12.480899810791016
4.136960029602051
13.02970027923584
4.256969928741455
13.57859992980957
4.376989841461182
14.127400398254395
4.497000217437744
14.676300048828125
4.617010116577148
15.225099563598633
4.737020015716553
15.77400016784668
4.857039928436279
16.322799682617188
4.977049827575684
16.871700286865234
5.097060203552246
17.420499801635742
5.21707010269165
