14.544400215148926
18.576900482177734
14.329099655151367
18.060300827026367
14.113800048828125
17.543699264526367
13.898500442504883
17.027000427246094
13.683300018310547
16.510400772094727
13.468000411987305
15.993800163269043
13.252699851989746
15.47719955444336
13.037400245666504
14.960599899291992
12.822099685668945
14.444000244140625
12.606900215148926
13.927399635314941
12.391599655151367
13.410799980163574
12.176300048828125
12.894200325012207
11.961000442504883
12.377599716186523
11.745699882507324
11.861000061035156
11.530500411987305
11.344400405883789
