6.1211700439453125
-9.103429794311523
6.394070148468018
-8.61305046081543
6.666979789733887
-8.12267017364502
6.939879894256592
-7.632289886474609
7.212779998779297
-7.141910076141357
7.485690116882324
-6.6515398025512695
7.758590221405029
-6.161159992218018
8.031499862670898
-5.670780181884766
8.304400444030762
-5.1803998947143555
8.577300071716309
-4.6900200843811035
8.850210189819336
-4.199639797210693
9.123109817504883
-3.7092599868774414
9.396010398864746
-3.2188799381256104
9.668919563293457
-2.7284998893737793
9.94182014465332
-2.2381200790405273
10.214699745178223
-1.7477400302886963
10.487600326538086
-1.2573599815368652
10.760499954223633
-0.7669820189476013
11.03339958190918
-0.27660301327705383
11.306300163269043
0.21377700567245483
11.57919979095459
0.7041559815406799
11.852100372314453
1.194540023803711
12.125100135803223
1.6849199533462524
12.39799976348877
2.175290107727051
12.670900344848633
2.6656699180603027
12.94379997253418
3.156049966812134
13.216699600219727
3.646430015563965
13.48960018157959
4.136809825897217
13.762499809265137
4.627190113067627
14.035400390625
5.117569923400879
14.308300018310547
5.607950210571289
14.581199645996094
6.098330020904541
14.854100227355957
6.588709831237793
15.126999855041504
7.079090118408203
15.399900436401367
7.569469928741455
15.672800064086914
8.059849739074707
15.945699691772461
8.550230026245117
16.218599319458008
9.040610313415527
16.491500854492188
9.530989646911621
16.764400482177734
10.021400451660156
17.03730010986328
10.511699676513672
17.310199737548828
11.002099990844727
17.583099365234375
11.492500305175781
17.856000900268555
11.98289966583252
18.1289005279541
12.473299980163574
