-2.2335400581359863
-19.206600189208984
-1.9468200206756592
-18.725900650024414
-1.660099983215332
-18.24519920349121
-1.3733799457550049
-17.76460075378418
-1.0866600275039673
-17.283899307250977
-0.7999410033226013
-16.803199768066406
-0.513221025466919
-16.322500228881836
-0.226501002907753
-15.84179973602295
0.060219500213861465
-15.361100196838379
0.3469400107860565
-14.880399703979492
0.6336600184440613
-14.399700164794922
0.9203799962997437
-13.918999671936035
1.2071000337600708
-13.438400268554688
1.4938199520111084
-12.9576997756958
1.7805399894714355
-12.47700023651123
2.0672600269317627
-11.996299743652344
2.35398006439209
-11.515600204467773
2.640700101852417
-11.034899711608887
2.927419900894165
-10.554200172424316
3.214139938354492
-10.07349967956543
3.5008599758148193
-9.592849731445312
3.7875800132751465
-9.112159729003906
4.0742998123168945
-8.6314697265625
4.361020088195801
-8.150779724121094
4.647739887237549
-7.670100212097168
4.934460163116455
-7.189410209655762
5.221179962158203
-6.7087202072143555
5.507900238037109
-6.228030204772949
5.794620037078857
-5.747340202331543
6.0813398361206055
-5.266650199890137
6.368060111999512
-4.785970211029053
6.65477991104126
-4.3052802085876465
6.941500186920166
-3.824589967727661
7.228219985961914
-3.343899965286255
7.514939785003662
-2.8632099628448486
7.801660060882568
-2.3825199604034424
8.088379859924316
-1.9018399715423584
8.375100135803223
-1.4211499691009521
8.661820411682129
-0.9404600262641907
8.948539733886719
-0.4597710072994232
9.235260009765625
0.020917199552059174
9.521980285644531
0.5016059875488281
9.808699607849121
0.9822940230369568
10.095399856567383
1.462980031967163
10.382100105285645
1.9436700344085693
10.668899536132812
2.4243600368499756
10.955599784851074
2.905050039291382
11.242300033569336
3.385740041732788
11.529000282287598
3.866420030593872
11.815699577331543
4.347109794616699
12.102499961853027
4.8277997970581055
12.389200210571289
5.308489799499512
12.67590045928955
5.789179801940918
12.962599754333496
6.269869804382324
13.249300003051758
6.750549793243408
13.536100387573242
7.2312397956848145
13.822799682617188
7.711929798126221
14.10949993133545
8.192620277404785
14.396200180053711
8.673310279846191
14.682900428771973
9.154000282287598
14.96969985961914
9.634679794311523
15.256400108337402
10.115400314331055
15.543100357055664
10.596099853515625
15.82979965209961
11.076700210571289
16.116500854492188
11.55739974975586
