-19.35420036315918
10.693300247192383
-19.28260040283203
10.148099899291992
-19.210899353027344
9.602919578552246
-19.13920021057129
9.057700157165527
-19.06760025024414
8.512490272521973
-18.995899200439453
7.96727991104126
-18.9242000579834
7.422070026397705
-18.85260009765625
6.87686014175415
-18.780899047851562
6.3316497802734375
-18.709199905395508
5.786439895629883
-18.63759994506836
5.241230010986328
-18.565900802612305
4.696010112762451
-18.494199752807617
4.1508002281188965
-18.42259979248047
3.6055901050567627
-18.350900650024414
3.060379981994629
-18.279300689697266
2.515170097351074
-18.207599639892578
1.9699599742889404
-18.135900497436523
1.4247499704360962
-18.064300537109375
0.879535973072052
-17.992599487304688
0.3343240022659302
-17.920900344848633
-0.21088699996471405
-17.849300384521484
-0.7560979723930359
-17.777599334716797
-1.3013099431991577
-17.705900192260742
-1.846519947052002
-17.634300231933594
-2.3917300701141357
-17.562599182128906
-2.9369399547576904
