7.407320022583008
-10.441900253295898
6.864739894866943
-10.45460033416748
6.322169780731201
-10.467300415039062
5.779590129852295
-10.479999542236328
5.237020015716553
-10.49269962310791
4.6944499015808105
-10.505399703979492
4.151869773864746
-10.518099784851074
3.609299898147583
-10.530799865722656
3.0667200088500977
-10.543499946594238
2.5241498947143555
-10.55620002746582
1.9815700054168701
-10.568900108337402
1.4390000104904175
-10.581500053405762
0.8964250087738037
-10.594200134277344
0.35385099053382874
-10.606900215148926
-0.18872399628162384
-10.619600296020508
-0.73129802942276
-10.63230037689209
-1.2738699913024902
-10.645000457763672
-1.8164499998092651
-10.657699584960938
-2.3590199947357178
-10.67039966583252
-2.901599884033203
-10.683099746704102
-3.4441699981689453
-10.695799827575684
-3.9867401123046875
-10.708499908447266
-4.529319763183594
-10.721099853515625
