-7.8727498054504395
-5.015689849853516
-7.556290149688721
-4.562489986419678
-7.239830017089844
-4.109280109405518
-6.9233598709106445
-3.6560699939727783
-6.606900215148926
-3.2028698921203613
-6.290430068969727
-2.749660015106201
-5.97396993637085
-2.296459913253784
-5.657509803771973
-1.843250036239624
-5.341040134429932
-1.3900400400161743
-5.024580001831055
-0.9368379712104797
-4.708119869232178
-0.48363199830055237
-4.391650199890137
-0.030426200479269028
-4.07519006729126
0.42278000712394714
-3.7587199211120605
0.8759859800338745
-3.4422600269317627
1.3291900157928467
-3.1257998943328857
1.7824000120162964
-2.8093299865722656
2.235599994659424
-2.4928700923919678
2.688810110092163
-2.1763999462127686
3.1420199871063232
-1.8599400520324707
3.5952200889587402
-1.5434800386428833
4.0484299659729
-1.2270100116729736
4.501629829406738
-0.9105479717254639
4.954840183258057
-0.5940840244293213
5.408050060272217
-0.27762100100517273
5.861249923706055
0.0388433001935482
6.314459800720215
0.355307012796402
6.767660140991211
0.6717709898948669
7.220870018005371
0.9882349967956543
7.674079895019531
1.3047000169754028
8.127280235290527
1.6211600303649902
8.580490112304688
1.9376300573349
9.033690452575684
2.2540900707244873
9.486900329589844
2.570549964904785
9.940099716186523
2.8870201110839844
10.39330005645752
3.2034800052642822
10.846500396728516
3.5199499130249023
11.299699783325195
3.8364100456237793
11.752900123596191
4.152870178222656
12.206100463867188
