1.200950026512146
-2.6232800483703613
0.9729589819908142
-2.117259979248047
0.7449650168418884
-1.6112500429153442
0.5169709920883179
-1.1052299737930298
0.2889769971370697
-0.5992149710655212
0.06098330020904541
-0.0931997001171112
-0.16701099276542664
0.41281598806381226
-0.395004004240036
0.9188309907913208
-0.6229979991912842
1.4248499870300293
-0.8509920239448547
1.9308600425720215
-1.0789899826049805
2.436880111694336
-1.306980013847351
2.942889928817749
-1.5349700450897217
3.4489099979400635
-1.762969970703125
3.954930067062378
-1.9909600019454956
4.460939884185791
-2.2189600467681885
4.9669599533081055
-2.4469499588012695
5.472970008850098
-2.6749401092529297
5.978990077972412
-2.902940034866333
6.485000133514404
-3.130929946899414
6.991020202636719
-3.358920097351074
7.497029781341553
-3.5869200229644775
8.003049850463867
-3.8149099349975586
8.50907039642334
-4.042910099029541
9.015080451965332
-4.270899772644043
9.521100044250488
-4.498889923095703
10.027099609375
-4.7268900871276855
10.533100128173828
-4.954880237579346
11.03909969329834
-5.18287992477417
11.54520034790039
-5.41087007522583
12.051199913024902
-5.63886022567749
12.55720043182373
-5.8668599128723145
13.063199996948242
