-14.336000442504883
19.975400924682617
-14.436400413513184
19.42340087890625
-14.536800384521484
18.871400833129883
-14.637200355529785
18.319400787353516
-14.737600326538086
17.767499923706055
-14.838000297546387
17.215499877929688
-14.938400268554688
16.66349983215332
-15.038800239562988
16.111499786376953
-15.139100074768066
15.559599876403809
-15.239500045776367
15.007599830627441
-15.339900016784668
14.455599784851074
-15.440299987792969
13.903599739074707
-15.54069995880127
13.35159969329834
-15.64109992980957
12.799699783325195
-15.741499900817871
12.247699737548828
-15.841899871826172
11.695699691772461
-15.94219970703125
11.143699645996094
-16.042600631713867
10.59179973602295
-16.14299964904785
10.039799690246582
-16.24340057373047
9.487810134887695
-16.343799591064453
8.935830116271973
-16.44420051574707
8.38385009765625
-16.544599533081055
7.83188009262085
-16.645000457763672
7.279900074005127
-16.74530029296875
6.727920055389404
-16.845699310302734
6.175950050354004
-16.94610023498535
5.623970031738281
-17.046499252319336
5.071990013122559
