-14.738900184631348
8.072750091552734
-14.242600440979004
7.807509899139404
-13.746299743652344
7.542270183563232
-13.25
7.277029991149902
-12.753700256347656
7.011789798736572
-12.25730037689209
6.7465500831604
-11.76099967956543
6.48130989074707
-11.264699935913086
6.216070175170898
-10.768400192260742
5.950829982757568
-10.272100448608398
5.685589790344238
-9.77577018737793
5.420350074768066
-9.279459953308105
5.155109882354736
-8.783140182495117
4.8898701667785645
-8.286829948425293
4.624629974365234
-7.790510177612305
4.359389781951904
-7.2941999435424805
4.094150066375732
-6.797880172729492
3.8289101123809814
-6.301569938659668
3.5636699199676514
-5.80525016784668
3.2984299659729004
-5.3089399337768555
3.0331900119781494
-4.812620162963867
2.7679500579833984
-4.316309928894043
2.5027101039886475
-3.8199899196624756
2.2374699115753174
-3.3236799240112305
1.9722299575805664
-2.827359914779663
1.7069900035858154
-2.331049919128418
1.4417500495910645
-1.8347300291061401
1.176509976387024
-1.338420033454895
0.9112750291824341
-0.8421040177345276
0.6460350155830383
-0.34578898549079895
0.3807950019836426
0.1505260020494461
0.11555500328540802
0.6468409895896912
-0.14968499541282654
1.1431599855422974
-0.4149250090122223
1.6394699811935425
-0.6801649928092957
2.1357901096343994
-0.9454050064086914
2.6321001052856445
-1.2106399536132812
3.128420114517212
-1.4758800268173218
3.624730110168457
-1.7411199808120728
4.121049880981445
-2.0063600540161133
4.6173601150512695
-2.2716000080108643
5.113679885864258
-2.5368399620056152
5.609990119934082
-2.802079916000366
6.10630989074707
-3.0673201084136963
6.6026201248168945
-3.3325600624084473
7.0989298820495605
-3.5978000164031982
7.595250129699707
-3.863039970397949
8.091560363769531
-4.128280162811279
8.58788013458252
-4.393519878387451
9.084190368652344
-4.658760070800781
9.580510139465332
-4.923999786376953
10.076800346374512
-5.189239978790283
10.573100090026855
-5.454480171203613
11.069499969482422
-5.719719886779785
11.565799713134766
-5.984960079193115
12.062100410461426
-6.250199794769287
12.55840015411377
-6.515439987182617
