6.931270122528076
-17.75189971923828
6.8404998779296875
-17.20400047302246
6.749740123748779
-16.6560001373291
6.658979892730713
-16.10810089111328
6.568210124969482
-15.560199737548828
6.477449893951416
-15.012299537658691
6.386690139770508
-14.464400291442871
6.295919895172119
-13.916500091552734
6.205160140991211
-13.368499755859375
6.114389896392822
-12.820599555969238
6.023630142211914
-12.272700309753418
5.932869911193848
-11.724800109863281
5.842100143432617
-11.176899909973145
5.751339912414551
-10.628999710083008
5.66057014465332
-10.081000328063965
5.569809913635254
-9.533129692077637
5.479050159454346
-8.985219955444336
5.388279914855957
-8.437299728393555
5.297520160675049
-7.889379978179932
5.20674991607666
-7.341469764709473
5.115990161895752
-6.79355001449585
5.0252299308776855
-6.245629787445068
4.934460163116455
-5.697720050811768
4.843699932098389
-5.149799823760986
4.752930164337158
-4.6018900871276855
4.662169933319092
-4.053969860076904
4.571410179138184
-3.5060501098632812
4.480639934539795
-2.9581398963928223
4.389880180358887
-2.41021990776062
4.299109935760498
-1.8623000383377075
4.20835018157959
-1.314389944076538
4.117589950561523
-0.7664719820022583
4.026820182800293
-0.2185550034046173
3.9360599517822266
0.3293609917163849
3.845289945602417
0.8772770166397095
