16.043500900268555
-3.807539939880371
15.478500366210938
-3.817349910736084
14.91349983215332
-3.827159881591797
14.34850025177002
-3.836970090866089
13.783499717712402
-3.8467700481414795
13.218500137329102
-3.8565800189971924
12.653499603271484
-3.8663899898529053
12.088500022888184
-3.876199960708618
11.523500442504883
-3.885999917984009
10.958499908447266
-3.8958098888397217
10.393500328063965
-3.9056200981140137
9.828450202941895
-3.9154300689697266
9.263440132141113
-3.925230026245117
8.698439598083496
-3.93503999710083
8.133429527282715
-3.944849967956543
7.568429946899414
-3.954659938812256
7.003419876098633
-3.9644598960876465
6.438419818878174
-3.9742701053619385
5.873410224914551
-3.9840800762176514
5.308410167694092
-3.9938900470733643
4.743410110473633
-4.003689765930176
4.178400039672852
-4.013500213623047
3.6133999824523926
-4.02331018447876
3.0483899116516113
-4.033120155334473
2.4833900928497314
-4.0429301261901855
1.9183800220489502
-4.052730083465576
1.3533799648284912
-4.062540054321289
0.7883740067481995
-4.072350025177002
0.2233700007200241
-4.082159996032715
-0.34163498878479004
-4.0919599533081055
-0.9066389799118042
-4.101769924163818
-1.4716399908065796
-4.111579895019531
-2.0366499423980713
-4.121389865875244
-2.6016499996185303
-4.131189823150635
-3.1666600704193115
-4.140999794006348
-3.7316598892211914
-4.1508097648620605
-4.296669960021973
-4.160620212554932
-4.861670017242432
-4.170420169830322
-5.426680088043213
-4.180230140686035
-5.991680145263672
-4.190040111541748
-6.556680202484131
-4.199850082397461
-7.121689796447754
-4.209650039672852
-7.686689853668213
-4.2194600105285645
-8.251700401306152
-4.229269981384277
-8.816699981689453
-4.23907995223999
