-10.799699783325195
14.917400360107422
-10.265700340270996
14.764300346374512
-9.731749534606934
14.611100196838379
-9.197770118713379
14.457900047302246
-8.663800239562988
14.304699897766113
-8.129830360412598
14.15149974822998
-7.595849990844727
13.998299598693848
-7.061880111694336
13.845100402832031
-6.527910232543945
13.691900253295898
-5.993929862976074
13.538700103759766
-5.459959983825684
13.385499954223633
-4.925980091094971
13.2322998046875
-4.39201021194458
13.079099655151367
-3.8580400943756104
12.925999641418457
-3.3240599632263184
12.77280044555664
-2.7900900840759277
12.619600296020508
-2.2561099529266357
12.466400146484375
-1.7221399545669556
12.313199996948242
-1.1881699562072754
12.15999984741211
-0.6541929841041565
12.006799697875977
-0.12021999806165695
11.853599548339844
0.4137539863586426
11.700400352478027
0.9477279782295227
11.547200202941895
1.4816999435424805
11.394000053405762
2.0156800746917725
11.240799903869629
2.549649953842163
11.087699890136719
3.083620071411133
10.934499740600586
3.6175999641418457
10.781299591064453
4.151569843292236
10.628100395202637
4.685540199279785
10.474900245666504
5.219520092010498
10.321700096130371
5.753489971160889
10.168499946594238
6.287469863891602
10.015299797058105
6.82144021987915
9.862119674682617
7.355410099029541
9.708919525146484
7.889389991760254
9.555729866027832
8.423359870910645
9.40254020690918
8.957340240478516
9.249349594116211
9.491310119628906
9.096159934997559
10.025300025939941
8.942970275878906
10.559300422668457
8.789770126342773
11.093199729919434
8.636580467224121
11.62720012664795
8.483389854431152
12.161199569702148
8.3302001953125
12.695199966430664
8.177009582519531
13.229100227355957
8.023819923400879
13.763099670410156
7.870619773864746
