-17.06909942626953
-12.502300262451172
-16.582500457763672
-12.231100082397461
-16.09589958190918
-11.95989990234375
-15.609299659729004
-11.688699722290039
-15.122699737548828
-11.417499542236328
-14.636099815368652
-11.146300315856934
-14.149499893188477
-10.875100135803223
-13.6628999710083
-10.603899955749512
-13.176300048828125
-10.332799911499023
-12.68970012664795
-10.061599731445312
-12.203100204467773
-9.790379524230957
-11.716500282287598
-9.519189834594727
-11.229900360107422
-9.248000144958496
-10.743300437927246
-8.976810455322266
-10.256699562072754
-8.705619812011719
-9.770050048828125
-8.434430122375488
-9.28345012664795
-8.163240432739258
-8.796850204467773
-7.892049789428711
-8.310250282287598
-7.6208600997924805
-7.823649883270264
-7.349669933319092
-7.337049961090088
-7.078479766845703
-6.850450038909912
-6.807290077209473
-6.363850116729736
-6.536109924316406
-5.8772501945495605
-6.264920234680176
-5.390649795532227
-5.993730068206787
-4.904049873352051
-5.722539901733398
-4.417449951171875
-5.451350212097168
-3.930850028991699
-5.180160045623779
-3.4442501068115234
-4.908969879150391
-2.9576499462127686
-4.63778018951416
-2.4710500240325928
-4.3665900230407715
-1.9844499826431274
-4.095399856567383
-1.497849941253662
-3.8242099285125732
-1.011240005493164
-3.5530200004577637
-0.5246449708938599
-3.281830072402954
-0.03804419934749603
-3.0106399059295654
0.44855600595474243
-2.739449977874756
0.9351570010185242
-2.4682600498199463
1.4217599630355835
-2.1970698833465576
1.9083600044250488
-1.925879955291748
2.3949599266052246
-1.6546900272369385
2.8815600872039795
-1.3834999799728394
3.3681600093841553
-1.1123100519180298
3.854759931564331
-0.8411229848861694
4.341360092163086
-0.5699329972267151
4.827960014343262
-0.29874300956726074
5.3145599365234375
-0.027553599327802658
