-16.623899459838867
-12.969799995422363
-16.072799682617188
-13.033499717712402
-15.521599769592285
-13.097200393676758
-14.970399856567383
-13.160900115966797
-14.41919994354248
-13.224599838256836
-13.8681001663208
-13.288299560546875
-13.316900253295898
-13.35200023651123
-12.765700340270996
-13.41569995880127
-12.214599609375
-13.479399681091309
-11.663399696350098
-13.543100357055664
-11.112199783325195
-13.60669994354248
-10.560999870300293
-13.67039966583252
-10.009900093078613
-13.734100341796875
-9.458700180053711
-13.797800064086914
-8.907529830932617
-13.861499786376953
-8.35636043548584
-13.925200462341309
-7.805190086364746
-13.988900184631348
-7.2540202140808105
-14.052599906921387
-6.702849864959717
-14.116299629211426
-6.151679992675781
-14.180000305175781
-5.600510120391846
-14.24370002746582
-5.049339771270752
-14.30739974975586
-4.498169898986816
-14.371100425720215
-3.947000026702881
-14.434800148010254
-3.395829916000366
-14.498499870300293
-2.8446600437164307
-14.562199592590332
-2.2934799194335938
-14.625900268554688
-1.7423100471496582
-14.689599990844727
-1.191140055656433
-14.753299713134766
-0.639972984790802
-14.817000389099121
-0.08880200237035751
-14.88070011138916
0.46236899495124817
-14.9443998336792
1.0135400295257568
-15.008099555969238
1.564710021018982
-15.071800231933594
2.115880012512207
-15.135499954223633
