15.829700469970703
4.132420063018799
15.564499855041504
3.640549898147583
15.299300193786621
3.148669958114624
15.034099578857422
2.6568000316619873
14.768899917602539
2.1649301052093506
14.503700256347656
1.6730600595474243
14.238499641418457
1.1811800003051758
13.973199844360352
0.6893090009689331
13.708000183105469
0.19743600487709045
13.44279956817627
-0.2944369912147522
13.177599906921387
-0.786309003829956
12.912400245666504
-1.2781800031661987
12.647199630737305
-1.7700599431991577
12.381999969482422
-2.261929988861084
12.116800308227539
-2.7537999153137207
11.851499557495117
-3.2456700801849365
11.586299896240234
-3.7375500202178955
