9.399900436401367
-5.190219879150391
8.848320007324219
-5.191959857940674
8.29675006866455
-5.193699836730957
7.7451701164245605
-5.19543981552124
7.19359016418457
-5.197189807891846
6.642020225524902
-5.198929786682129
6.090439796447754
-5.200669765472412
5.538869857788086
-5.2024102210998535
4.987289905548096
-5.204160213470459
4.4357099533081055
-5.205900192260742
3.8841400146484375
-5.207640171051025
3.3325600624084473
-5.209380149841309
2.7809898853302
-5.211130142211914
2.22940993309021
-5.212870121002197
1.6778299808502197
-5.2146100997924805
1.1262600421905518
-5.216360092163086
0.5746809840202332
-5.218100070953369
0.023104500025510788
-5.219840049743652
-0.5284720063209534
-5.2215800285339355
-1.080049991607666
-5.223330020904541
-1.6316200494766235
-5.225069999694824
-2.183199882507324
-5.226809978485107
-2.7347800731658936
-5.228549957275391
-3.2863500118255615
-5.230299949645996
-3.8379299640655518
-5.232039928436279
-4.389500141143799
-5.2337799072265625
-4.941080093383789
-5.235519886016846
-5.492660045623779
-5.237269878387451
-6.044229984283447
-5.239009857177734
-6.5958099365234375
-5.240749835968018
-7.147389888763428
-5.242489814758301
-7.698959827423096
-5.244239807128906
