-5.4672698974609375
14.509499549865723
-4.907209873199463
14.510899543762207
-4.347149848937988
14.512299537658691
-3.7870900630950928
14.513699531555176
-3.227030038833618
14.51509952545166
-2.6669700145721436
14.516500473022461
-2.106909990310669
14.517800331115723
-1.546839952468872
14.519200325012207
-0.9867839813232422
14.520600318908691
-0.42672398686408997
14.522000312805176
0.13333599269390106
14.52340030670166
0.6933969855308533
14.524800300598145
1.2534600496292114
14.526200294494629
1.8135199546813965
14.527600288391113
2.373579978942871
14.529000282287598
2.9336400032043457
14.53030014038086
3.4937000274658203
14.531700134277344
4.053760051727295
14.533100128173828
4.6138200759887695
14.534500122070312
5.173880100250244
14.535900115966797
5.733940124511719
14.537300109863281
6.294000148773193
14.538700103759766
6.854060173034668
14.54010009765625
7.414120197296143
14.541500091552734
7.974180221557617
14.542799949645996
8.534239768981934
14.54419994354248
9.094300270080566
14.545599937438965
9.654359817504883
14.54699993133545
10.214400291442871
14.548399925231934
10.774499893188477
14.549799919128418
11.334500312805176
14.551199913024902
11.894599914550781
14.552599906921387
12.454700469970703
14.553999900817871
