12.07450008392334
-15.020700454711914
12.088800430297852
-14.459099769592285
12.103099822998047
-13.897500038146973
12.117400169372559
-13.336000442504883
12.131600379943848
-12.774399757385254
12.145899772644043
-12.212800025939941
12.160200119018555
-11.651200294494629
12.174500465393066
-11.089599609375
12.188799858093262
-10.527999877929688
12.203100204467773
-9.96638011932373
12.217300415039062
-9.404780387878418
12.231599807739258
-8.84319019317627
12.24590015411377
-8.281590461730957
12.260199546813965
-7.71999979019165
12.274499893188477
-7.158400058746338
12.288800239562988
-6.5968098640441895
12.303099632263184
-6.035210132598877
12.317299842834473
-5.473609924316406
12.331600189208984
-4.912020206451416
12.34589958190918
-4.350419998168945
12.360199928283691
-3.788830041885376
12.374500274658203
-3.2272300720214844
12.388799667358398
-2.665640115737915
12.40310001373291
-2.1040399074554443
12.4173002243042
-1.5424400568008423
12.431599617004395
-0.9808480143547058
12.445899963378906
-0.4192520081996918
12.460200309753418
0.14234299957752228
12.474499702453613
0.7039390206336975
12.488800048828125
1.265529990196228
12.503000259399414
1.8271299600601196
12.51729965209961
2.388730049133301
12.531599998474121
2.95032000541687
12.545900344848633
3.5119199752807617
12.560199737548828
4.07351016998291
12.57450008392334
4.635109901428223
12.588800430297852
5.196710109710693
12.602999687194824
5.758299827575684
12.617300033569336
6.319900035858154
12.631600379943848
6.881490230560303
12.645899772644043
7.443089962005615
12.660200119018555
8.004679679870605
12.674500465393066
8.566280364990234
12.688799858093262
9.127880096435547
12.70300006866455
9.689470291137695
12.717300415039062
10.251099586486816
12.731599807739258
10.812700271606445
12.74590015411377
11.374300003051758
12.760199546813965
11.93589973449707
