7.214300155639648
-10.91450023651123
6.6801300048828125
-11.07450008392334
6.145959854125977
-11.234600067138672
5.611780166625977
-11.394599914550781
5.077610015869141
-11.55459976196289
4.543439865112305
-11.714599609375
4.009270191192627
-11.874600410461426
3.475100040435791
-12.034600257873535
2.940929889678955
-12.194600105285645
2.406749963760376
-12.354599952697754
1.8725800514221191
-12.514699935913086
1.3384100198745728
-12.674699783325195
0.8042380213737488
-12.834699630737305
0.2700659930706024
-12.99470043182373
-0.26410600543022156
-13.15470027923584
-0.7982779741287231
-13.31470012664795
-1.332450032234192
-13.474699974060059
-1.8666199445724487
-13.634699821472168
-2.400789976119995
-13.7947998046875
-2.934969902038574
-13.95479965209961
-3.46914005279541
-14.114800453186035
-4.003310203552246
-14.274800300598145
-4.537479877471924
-14.434800148010254
-5.07165002822876
-14.594799995422363
-5.605820178985596
-14.754799842834473
-6.139999866485596
-14.914799690246582
-6.674170017242432
-15.074899673461914
-7.208340167999268
-15.23490047454834
-7.742509841918945
-15.39490032196045
-8.276679992675781
-15.554900169372559
-8.810859680175781
-15.714900016784668
-9.345029830932617
-15.874899864196777
-9.879199981689453
-16.034900665283203
-10.413399696350098
-16.19499969482422
-10.947500228881836
-16.354999542236328
-11.48169994354248
-16.514999389648438
-12.015899658203125
-16.674999237060547
-12.550100326538086
-16.834999084472656
-13.084199905395508
-16.9950008392334
-13.618399620056152
-17.155000686645508
-14.152600288391113
-17.315000534057617
-14.686699867248535
-17.475099563598633
-15.22089958190918
-17.635099411010742
-15.75510025024414
-17.79509925842285
-16.2893009185791
-17.95509910583496
-16.823400497436523
-18.115100860595703
-17.35759925842285
-18.275100708007812
-17.891799926757812
-18.435100555419922
-18.425899505615234
-18.59510040283203
-18.960100173950195
-18.755199432373047
-19.494300842285156
-18.915199279785156
