18.111000061035156
-11.853799819946289
17.574399948120117
-11.684200286865234
17.037900924682617
-11.514599800109863
16.501399993896484
-11.344900131225586
15.964900016784668
-11.175299644470215
15.428400039672852
-11.00570011138916
14.891900062561035
-10.836099624633789
14.355400085449219
-10.666399955749512
13.818900108337402
-10.496800422668457
13.282400131225586
-10.327199935913086
12.74590015411377
-10.157600402832031
12.209400177001953
-9.987930297851562
11.672800064086914
-9.818309783935547
11.136300086975098
-9.648679733276367
10.599800109863281
-9.479060173034668
10.063300132751465
-9.309430122375488
9.526800155639648
-9.139809608459473
8.990289688110352
-8.970179557800293
8.453780174255371
-8.80055046081543
7.917270183563232
-8.630929946899414
7.380770206451416
-8.461299896240234
6.844260215759277
-8.291680335998535
6.307750225067139
-8.122050285339355
5.771240234375
-7.952420234680176
5.234729766845703
-7.782800197601318
4.6982197761535645
-7.613170146942139
4.161709785461426
-7.443550109863281
3.625200033187866
-7.273920059204102
3.0886900424957275
-7.104290008544922
2.552180051803589
-6.9346699714660645
2.01567006111145
-6.765039920806885
1.479159951210022
-6.595419883728027
0.9426500201225281
-6.425789833068848
0.406139999628067
-6.256159782409668
-0.13037000596523285
-6.086540222167969
-0.6668789982795715
-5.916910171508789
-1.2033900022506714
-5.747290134429932
-1.73989999294281
-5.577660083770752
-2.2764101028442383
-5.408030033111572
-2.812920093536377
-5.238409996032715
-3.3494300842285156
-5.068779945373535
-3.8859400749206543
-4.899159908294678
-4.422450065612793
-4.729529857635498
-4.958960056304932
-4.559899806976318
-5.49547004699707
-4.390279769897461
-6.031980037689209
-4.2206501960754395
-6.568490028381348
-4.051030158996582
-7.104990005493164
-3.8814001083374023
-7.641499996185303
-3.7117700576782227
-8.178009986877441
-3.5421500205993652
-8.714520454406738
-3.3725199699401855
-9.251029968261719
-3.202899932861328
-9.787540435791016
-3.0332698822021484
-10.32409954071045
-2.863640069961548
