7.578120231628418
0.2137340009212494
7.47081995010376
-0.329600989818573
7.363530158996582
-0.8729360103607178
7.256239891052246
-1.4162700176239014
7.148940086364746
-1.9596099853515625
7.04164981842041
-2.5029399394989014
6.934360027313232
-3.0462799072265625
6.827060222625732
-3.5896100997924805
6.7197699546813965
-4.1329498291015625
6.612480163574219
-4.6762800216674805
6.5051798820495605
-5.219620227813721
6.397890090942383
-5.7629499435424805
6.290599822998047
-6.306290149688721
6.183300018310547
-6.8496198654174805
6.076010227203369
-7.392960071563721
5.968719959259033
-7.9362897872924805
5.861420154571533
-8.479630470275879
5.754129886627197
-9.02295970916748
5.6468400955200195
-9.566300392150879
5.539539813995361
-10.109600067138672
5.432250022888184
-10.652999877929688
5.324960231781006
-11.19629955291748
5.217659950256348
-11.73960018157959
5.11037015914917
-12.282999992370605
5.003079891204834
-12.826299667358398
4.895780086517334
-13.369600296020508
4.788489818572998
-13.913000106811523
4.68120002746582
-14.456299781799316
