14.236300468444824
-7.93503999710083
13.678000450134277
-7.973229885101318
13.11970043182373
-8.011420249938965
12.561400413513184
-8.049610137939453
12.003100395202637
-8.087800025939941
11.44480037689209
-8.12598991394043
10.886500358581543
-8.164170265197754
10.328200340270996
-8.202360153198242
9.769880294799805
-8.24055004119873
9.211569786071777
-8.278739929199219
8.653260231018066
-8.316929817199707
8.094949722290039
-8.355119705200195
7.53665018081665
-8.393309593200684
6.978340148925781
-8.431500434875488
6.420030117034912
-8.469690322875977
5.861720085144043
-8.507880210876465
5.303420066833496
-8.546070098876953
4.745110034942627
-8.584259986877441
4.186800003051758
-8.62244987487793
3.6284899711608887
-8.660639762878418
3.0701799392700195
-8.698829650878906
2.5118799209594727
-8.737019538879395
1.953570008277893
-8.7752103805542
1.395259976387024
-8.813400268554688
0.8369529843330383
-8.851590156555176
0.27864500880241394
-8.889780044555664
-0.27966299653053284
-8.927969932556152
-0.8379700183868408
-8.966150283813477
-1.39628005027771
-9.004340171813965
-1.9545899629592896
-9.042530059814453
-2.512890100479126
-9.080719947814941
-3.071199893951416
-9.11890983581543
-3.629509925842285
-9.157099723815918
-4.187819957733154
-9.195289611816406
-4.746119976043701
-9.233480453491211
-5.30443000793457
-9.2716703414917
-5.8627400398254395
-9.309860229492188
-6.421050071716309
-9.348050117492676
-6.979360103607178
-9.386240005493164
-7.537660121917725
-9.424429893493652
-8.095970153808594
-9.46261978149414
-8.654279708862305
-9.500809669494629
-9.212590217590332
-9.538999557495117
-9.770890235900879
-9.577190399169922
-10.32919979095459
-9.61538028717041
-10.887499809265137
-9.653570175170898
-11.445799827575684
-9.691760063171387
-12.00409984588623
-9.729949951171875
-12.562399864196777
-9.7681303024292
-13.120699882507324
-9.806320190429688
-13.678999900817871
-9.844510078430176
-14.23740005493164
-9.882699966430664
-14.795700073242188
-9.920889854431152
-15.354000091552734
-9.95907974243164
-15.912300109863281
-9.997269630432129
-16.470600128173828
-10.035499572753906
-17.028900146484375
-10.073699951171875
-17.587200164794922
-10.111800193786621
-18.14550018310547
-10.149999618530273
