15.656200408935547
18.752599716186523
15.569600105285645
18.197599411010742
15.482999801635742
17.64259910583496
15.396400451660156
17.087600708007812
15.309800148010254
16.532699584960938
15.223199844360352
15.977700233459473
15.13659954071045
15.422699928283691
15.050000190734863
14.86769962310791
14.963399887084961
14.312800407409668
14.876799583435059
13.757800102233887
14.790200233459473
13.202799797058105
14.70359992980957
12.64780044555664
14.616999626159668
12.092900276184082
14.530400276184082
11.5378999710083
14.44379997253418
10.98289966583252
14.357199668884277
10.427900314331055
14.270600318908691
9.872969627380371
14.184000015258789
9.317999839782715
14.097299575805664
8.763019561767578
14.010700225830078
8.208049774169922
13.924099922180176
7.653079986572266
13.837499618530273
7.098100185394287
13.750900268554688
6.543129920959473
13.664299964904785
5.988150119781494
13.577699661254883
5.43317985534668
13.491100311279297
4.878200054168701
13.404500007629395
4.323229789733887
13.317899703979492
3.7682600021362305
13.231300354003906
3.213279962539673
13.144700050354004
2.6583099365234375
13.058099746704102
2.10332989692688
12.971500396728516
1.548359990119934
12.884900093078613
0.9933840036392212
12.798299789428711
0.4384090006351471
12.711700439453125
-0.11656499654054642
12.625100135803223
-0.6715390086174011
12.538399696350098
-1.2265100479125977
12.451800346374512
-1.7814899682998657
12.36520004272461
-2.3364601135253906
12.278599739074707
-2.891439914703369
12.192000389099121
-3.4464099407196045
12.105400085449219
-4.001389980316162
12.018799781799316
-4.556359767913818
11.93220043182373
-5.111330032348633
11.845600128173828
-5.666309833526611
11.758999824523926
-6.221280097961426
11.67240047454834
-6.776259899139404
11.585800170898438
-7.331230163574219
11.499199867248535
-7.886209964752197
11.412599563598633
-8.441180229187012
11.326000213623047
-8.996150016784668
11.239399909973145
-9.551130294799805
11.152799606323242
-10.106100082397461
11.066200256347656
-10.661100387573242
10.979499816894531
-11.216099739074707
10.892900466918945
-11.770999908447266
10.806300163269043
-12.326000213623047
