-18.451499938964844
-16.610000610351562
-17.96419906616211
-16.405799865722656
-17.4768009185791
-16.201499938964844
-16.98940086364746
-15.997300148010254
-16.50200080871582
-15.793000221252441
-16.014699935913086
-15.588800430297852
-15.527299880981445
-15.384499549865723
-15.039899826049805
-15.180299758911133
-14.552499771118164
-14.97599983215332
-14.065199851989746
-14.77180004119873
-13.577799797058105
-14.567500114440918
-13.090399742126465
-14.363300323486328
-12.603099822998047
-14.159000396728516
-12.115699768066406
-13.95479965209961
-11.628299713134766
-13.750499725341797
-11.140899658203125
-13.546299934387207
