-3.1547300815582275
-12.287300109863281
-3.2457900047302246
-11.738100051879883
-3.3368399143218994
-11.189000129699707
-3.4279000759124756
-10.639900207519531
-3.5189599990844727
-10.090800285339355
-3.6100099086761475
-9.541729927062988
-3.7010700702667236
-8.992620468139648
-3.7921199798583984
-8.443519592285156
-3.8831799030303955
-7.894420146942139
-3.9742300510406494
-7.345310211181641
-4.0652899742126465
-6.796209812164307
-4.156350135803223
-6.247099876403809
-4.247399806976318
-5.697999954223633
-4.3384599685668945
-5.148890018463135
-4.429510116577148
-4.599790096282959
-4.520569801330566
-4.050680160522461
-4.61161994934082
-3.501579999923706
-4.7026801109313965
-2.952470064163208
-4.7937397956848145
-2.403369903564453
-4.884789943695068
-1.854259967803955
-4.9758501052856445
-1.3051600456237793
-5.06689977645874
-0.7560549974441528
-5.157959938049316
-0.20694999396800995
-5.24901008605957
0.34215500950813293
-5.340069770812988
0.8912590146064758
-5.431119918823242
1.4403599500656128
-5.522180080413818
1.9894700050354004
-5.613239765167236
2.538569927215576
-5.70428991317749
3.0876801013946533
-5.795350074768066
3.636780023574829
-5.88640022277832
4.185890197753906
-5.977459907531738
4.734990119934082
-6.068510055541992
5.28410005569458
-6.159570217132568
5.833199977874756
-6.250629901885986
6.382309913635254
-6.34168004989624
6.93140983581543
-6.432740211486816
7.480519771575928
-6.523789882659912
8.029620170593262
-6.614850044250488
8.578720092773438
-6.705900192260742
9.127829551696777
-6.79695987701416
9.67693042755127
-6.888010025024414
10.22599983215332
-6.97907018661499
10.775099754333496
-7.070129871368408
11.324199676513672
-7.161180019378662
11.87339973449707
-7.252240180969238
12.422499656677246
-7.343289852142334
12.971599578857422
-7.43435001373291
13.520700454711914
-7.525400161743164
14.06980037689209
-7.616459846496582
14.618900299072266
-7.707520008087158
15.168000221252441
