-19.683799743652344
0.13586799800395966
-19.173900604248047
-0.0393608994781971
-18.663999557495117
-0.21458999812602997
-18.15410041809082
-0.3898189961910248
-17.64419937133789
-0.5650479793548584
-17.134199142456055
-0.7402769923210144
-16.624300003051758
-0.9155060052871704
-16.11440086364746
-1.0907299518585205
-15.604499816894531
-1.2659599781036377
-15.094599723815918
-1.4411900043487549
-14.584699630737305
-1.616420030593872
-14.074700355529785
-1.7916500568389893
-13.564800262451172
-1.966879963874817
-13.054900169372559
-2.1421101093292236
-12.545000076293945
-2.3173398971557617
-12.035099983215332
-2.492569923400879
-11.525199890136719
-2.667789936065674
-11.015199661254883
-2.843019962310791
-10.50529956817627
-3.018249988555908
-9.995409965515137
-3.1934800148010254
-9.485489845275879
-3.3687100410461426
-8.975569725036621
-3.5439400672912598
