0.2346709966659546
16.75469970703125
-0.12121900171041489
16.317800521850586
-0.4771080017089844
15.880999565124512
-0.8329970240592957
15.444199562072754
-1.188889980316162
15.007399559020996
-1.5447800159454346
14.570500373840332
-1.9006600379943848
14.133700370788574
-2.2565500736236572
13.696900367736816
-2.6124401092529297
13.260100364685059
-2.968329906463623
12.823200225830078
-3.3242199420928955
12.38640022277832
-3.680109977722168
11.949600219726562
-4.035999774932861
11.512800216674805
-4.391890048980713
11.076000213623047
-4.747779846191406
10.639100074768066
-5.103670120239258
10.202300071716309
-5.459559917449951
9.76548957824707
-5.8154401779174805
9.328669548034668
-6.171329975128174
8.891850471496582
-6.527219772338867
8.4550199508667
-6.883110046386719
8.018199920654297
-7.238999843597412
7.5813798904418945
-7.594890117645264
7.144559860229492
-7.950779914855957
6.707729816436768
-8.306670188903809
6.270909786224365
-8.66256046295166
5.834090232849121
-9.018449783325195
5.397270202636719
-9.374340057373047
4.960440158843994
-9.730230331420898
4.523620128631592
-10.086099624633789
4.0868000984191895
-10.442000389099121
3.649980068206787
-10.797900199890137
3.2131500244140625
-11.153800010681152
2.77632999420166
-11.509699821472168
2.339509963989258
-11.865599632263184
1.902690052986145
-12.221400260925293
1.4658600091934204
-12.577300071716309
1.029039978981018
-12.933199882507324
0.5922179818153381
-13.28909969329834
0.1553950011730194
-13.645000457763672
-0.2814269959926605
-14.000900268554688
-0.7182499766349792
-14.356800079345703
-1.1550699472427368
-14.712699890136719
-1.5918899774551392
-15.068599700927734
-2.028719902038574
-15.424500465393066
-2.4655399322509766
-15.78030014038086
-2.902359962463379
-16.136199951171875
-3.3391900062561035
-16.49209976196289
-3.776010036468506
-16.847999572753906
-4.212830066680908
-17.203899383544922
-4.6496500968933105
-17.559799194335938
-5.086480140686035
-17.915700912475586
-5.5233001708984375
-18.2716007232666
-5.96012020111084
-18.627500534057617
-6.396940231323242
-18.983299255371094
-6.833769798278809
