-12.879500389099121
10.10569953918457
-13.00629997253418
9.56365966796875
-13.133099555969238
9.021650314331055
-13.259900093078613
8.479649543762207
-13.386699676513672
7.937640190124512
-13.513500213623047
7.395639896392822
-13.640299797058105
6.853630065917969
-13.76710033416748
6.311629772186279
-13.893899917602539
5.769619941711426
-14.020700454711914
5.2276201248168945
-14.147500038146973
4.685609817504883
-14.274299621582031
4.143599987030029
-14.401100158691406
3.601599931716919
-14.527899742126465
3.0595901012420654
-14.65470027923584
2.517590045928955
-14.781499862670898
1.9755799770355225
-14.908300399780273
1.4335800409317017
-15.035099983215332
0.8915719985961914
-15.16189956665039
0.3495660126209259
-15.288700103759766
-0.192439004778862
-15.415499687194824
-0.7344449758529663
-15.5423002243042
-1.2764500379562378
-15.669099807739258
-1.8184599876403809
-15.795900344848633
-2.360460042953491
-15.922699928283691
-2.902470111846924
-16.04949951171875
-3.444469928741455
-16.176300048828125
-3.9864799976348877
-16.3031005859375
-4.528480052947998
-16.429899215698242
-5.070489883422852
-16.556699752807617
-5.612490177154541
-16.683500289916992
-6.1545000076293945
-16.810300827026367
-6.696509838104248
-16.93709945678711
-7.2385101318359375
-17.063899993896484
-7.780519962310791
-17.19070053100586
-8.32252025604248
-17.3174991607666
-8.864529609680176
-17.444299697875977
-9.406530380249023
-17.57110023498535
-9.948539733886719
-17.697900772094727
-10.490500450134277
-17.82469940185547
-11.032500267028809
-17.951499938964844
-11.574600219726562
-18.07830047607422
-12.116600036621094
-18.204999923706055
-12.658599853515625
-18.33180046081543
-13.200599670410156
-18.458599090576172
-13.742600440979004
-18.585399627685547
-14.284600257873535
-18.712200164794922
-14.826600074768066
-18.839000701904297
-15.368599891662598
-18.96579933166504
-15.910599708557129
-19.092599868774414
-16.452600479125977
-19.21940040588379
-16.994600296020508
-19.346200942993164
-17.53660011291504
-19.472999572753906
-18.07859992980957
-19.59980010986328
-18.6205997467041
