16.18779945373535
3.429680109024048
15.64799976348877
3.576620101928711
15.108099937438965
3.723560094833374
14.568300247192383
3.8705101013183594
14.028499603271484
4.017449855804443
13.48859977722168
4.1643900871276855
12.948800086975098
4.3113298416137695
12.408900260925293
4.458270072937012
11.869099617004395
4.605219841003418
11.32919979095459
4.75216007232666
10.789400100708008
4.899099826812744
10.249500274658203
5.046040058135986
9.709699630737305
5.19297981262207
9.169859886169434
5.339930057525635
8.630009651184082
5.486869812011719
8.090169906616211
5.633810043334961
7.550320148468018
5.780749797821045
7.010479927062988
5.927700042724609
6.470630168914795
6.074639797210693
5.930789947509766
6.2215800285339355
5.3909502029418945
6.3685197830200195
4.851099967956543
6.515460014343262
4.311260223388672
6.662409782409668
3.7714099884033203
6.80935001373291
3.23157000541687
6.956289768218994
2.69173002243042
7.103229999542236
2.1518800258636475
7.2501702308654785
1.6120400428771973
7.397119998931885
1.0721900463104248
7.544060230255127
0.5323500037193298
7.690999984741211
-0.007493969984352589
7.837940216064453
-0.5473380088806152
7.984879970550537
-1.0871800184249878
8.131830215454102
-1.6270300149917603
8.278770446777344
-2.1668701171875
8.42570972442627
-2.70671010017395
8.572649955749512
-3.2465600967407227
8.719590187072754
-3.786400079727173
8.86653995513916
-4.326250076293945
9.013480186462402
-4.866089820861816
9.160420417785645
-5.405930042266846
9.30735969543457
-5.945779800415039
9.454299926757812
-6.485620021820068
9.601249694824219
-7.025469779968262
9.748189926147461
-7.565310001373291
9.895130157470703
-8.10515022277832
10.042099952697754
-8.645000457763672
10.189000129699707
-9.184840202331543
10.336000442504883
-9.724690437316895
10.48289966583252
-10.26449966430664
10.629799842834473
-10.804400444030762
10.776800155639648
-11.344200134277344
10.923700332641602
-11.884099960327148
11.070699691772461
-12.42389965057373
11.217599868774414
-12.963800430297852
11.36460018157959
-13.503600120544434
11.511500358581543
-14.043399810791016
11.65839958190918
-14.58329963684082
11.805399894714355
-15.123100280761719
11.952300071716309
-15.663000106811523
12.099300384521484
-16.202800750732422
12.246199607849121
